500 4500 2 1
67 347
18 467
204 421
18 86
261 303
115 120
175 445
397 486
264 471
56 449
50 407
101 400
360 413
383 417
241 483
179 216
257 384
25 41
15 213
40 251
4 487
215 278
40 119
85 317
190 311
472 478
300 374
121 463
22 239
265 411
250 486
254 318
160 294
272 324
17 43
169 196
466 498
165 302
140 291
202 379
159 214
217 492
51 441
78 300
150 233
83 379
76 87
332 437
291 350
49 486
203 289
87 269
148 375
173 255
206 232
400 467
41 486
32 477
23 480
16 388
306 370
91 137
148 475
134 255
28 275
113 143
260 469
23 214
16 417
235 354
50 201
181 441
21 415
28 303
39 179
257 300
387 476
47 289
106 190
67 180
304 406
194 276
63 368
194 400
449 500
53 491
20 104
392 454
83 248
96 362
346 368
392 485
156 344
83 295
114 275
67 471
63 66
83 487
164 352
172 445
73 86
66 463
225 456
176 282
31 442
18 68
149 408
77 436
135 305
178 484
187 379
46 50
121 389
232 358
94 109
193 292
139 237
66 88
241 457
132 279
136 173
331 492
395 414
368 424
308 414
432 474
103 221
274 360
65 71
141 304
106 127
64 76
30 141
280 397
289 300
41 400
2 189
254 364
32 98
79 339
340 378
414 489
130 288
310 465
221 333
268 385
180 396
57 489
152 493
53 445
10 209
76 288
210 414
432 470
49 318
73 436
334 423
210 453
74 487
149 370
151 415
60 390
332 394
327 376
84 341
315 380
13 401
120 210
450 493
288 357
252 376
120 397
216 246
149 382
84 176
210 300
256 444
87 325
89 425
66 494
25 374
60 95
114 251
215 492
14 426
13 14
1 85
64 250
91 395
48 221
404 451
370 435
144 441
67 193
184 465
299 374
236 444
63 413
68 188
299 441
443 493
29 46
97 342
71 144
366 373
141 372
347 491
156 412
15 21
82 275
276 437
165 380
232 479
174 191
247 480
372 407
96 486
48 446
363 483
140 197
6 390
403 406
97 205
40 66
133 301
278 434
65 213
253 462
90 338
183 494
249 467
388 471
16 203
54 306
37 220
158 326
195 423
91 456
225 337
7 399
5 376
106 369
29 146
102 376
106 386
3 403
47 174
97 253
305 445
306 327
267 385
401 465
87 281
87 243
147 316
205 326
135 412
324 353
136 361
314 382
135 260
198 494
29 436
274 298
151 420
220 460
181 286
167 369
151 480
55 316
86 291
76 179
222 370
65 459
150 480
24 389
290 293
43 44
240 427
322 400
12 59
368 374
114 126
27 430
395 458
242 479
436 497
12 414
131 268
163 400
159 261
239 274
96 242
34 182
413 459
33 69
16 221
50 161
50 214
52 489
103 474
165 252
8 216
403 437
269 451
168 320
58 216
18 44
116 244
175 475
33 286
11 419
62 148
219 398
350 370
237 500
164 372
103 195
53 417
405 498
321 407
232 475
421 440
330 471
352 363
34 72
243 294
281 286
182 315
238 399
194 304
72 136
266 491
436 484
137 412
40 120
202 419
64 100
380 461
144 367
460 469
291 347
281 343
317 465
380 413
194 396
153 445
193 301
120 175
28 384
461 475
337 468
72 94
325 424
454 482
270 419
138 147
227 295
429 469
312 376
177 452
67 105
424 436
199 312
8 230
349 500
156 407
297 376
152 465
16 484
80 249
7 200
154 246
5 92
260 378
31 279
40 179
265 458
100 315
15 38
200 422
12 403
20 139
85 428
251 471
160 400
6 487
360 452
22 56
7 115
38 484
392 423
69 78
161 299
94 451
135 222
9 43
114 329
34 110
98 427
44 209
13 153
130 302
38 111
221 312
20 94
247 305
51 331
260 286
10 429
85 420
251 410
165 459
1 162
55 315
161 439
276 469
320 326
17 50
60 452
128 208
6 73
3 436
379 416
333 386
24 147
233 256
173 362
260 363
24 72
72 459
197 275
168 245
412 476
281 421
126 158
324 398
48 256
220 359
37 409
435 456
300 415
304 371
65 264
282 376
143 402
102 118
154 348
122 321
165 276
142 214
46 300
195 325
463 474
5 441
298 359
385 473
102 329
357 488
181 272
32 336
85 186
400 432
46 461
32 202
169 486
130 405
111 300
1 207
55 137
278 381
178 363
396 426
360 419
125 262
50 261
95 472
32 333
169 275
312 323
260 266
183 347
51 260
246 365
394 475
330 404
235 249
342 365
127 200
291 421
145 223
168 204
37 374
57 86
77 162
159 329
58 415
80 389
452 491
131 278
223 277
51 477
153 444
324 469
61 304
250 422
239 457
267 292
474 493
134 316
8 109
23 177
227 372
65 196
346 450
5 256
245 263
343 492
162 351
72 387
351 454
234 436
118 377
10 83
71 379
85 304
8 276
478 488
116 268
373 419
88 322
97 287
423 487
202 400
194 467
10 124
34 89
147 289
112 350
87 134
259 456
295 297
221 399
274 398
13 289
51 161
268 441
95 426
107 490
67 311
23 393
283 446
10 463
198 300
217 487
24 391
263 461
257 464
446 479
11 20
196 226
169 455
221 267
37 407
136 309
251 415
290 400
47 145
53 68
110 231
47 427
70 141
30 94
163 226
174 391
14 238
83 192
61 172
46 174
421 497
377 453
205 293
283 365
171 322
81 430
112 204
22 180
429 477
436 496
207 338
92 300
148 389
169 440
317 346
316 373
67 399
215 398
326 377
102 119
29 334
480 482
315 381
290 300
359 392
133 412
175 455
45 250
34 346
143 441
64 340
192 465
318 358
219 310
78 486
30 63
375 423
282 352
233 350
421 474
58 273
30 242
108 235
98 315
110 193
142 327
287 352
347 418
346 480
154 306
172 294
206 315
154 391
152 251
322 449
432 438
310 411
130 435
132 281
72 351
39 252
83 92
150 227
332 392
194 326
30 128
323 388
52 388
34 353
86 168
187 465
296 461
164 362
97 153
68 492
314 401
39 382
7 216
315 379
172 190
130 397
22 183
58 337
100 264
297 482
40 301
222 412
341 499
242 292
165 365
32 260
86 106
13 335
28 166
7 8
144 298
125 484
189 387
42 298
35 277
117 133
226 270
307 483
28 270
5 363
254 309
25 182
127 232
3 327
132 164
59 125
152 440
338 374
184 462
4 17
142 277
184 296
329 379
6 251
211 325
316 492
145 369
116 171
192 318
304 437
22 142
196 273
92 448
111 184
218 265
234 347
16 424
126 371
156 396
212 443
296 355
181 267
292 357
80 171
25 106
3 470
23 30
134 303
80 83
329 370
106 436
95 244
38 48
266 426
295 388
181 474
88 487
59 411
184 327
339 427
29 69
14 57
103 187
172 406
273 426
99 187
68 333
237 313
235 399
5 185
75 435
203 305
200 267
154 486
144 153
195 252
362 383
278 412
391 392
39 184
63 94
302 448
175 470
276 474
172 444
193 258
234 280
60 65
365 371
107 231
142 381
33 348
182 222
103 293
220 429
343 385
42 361
24 180
218 397
163 402
300 382
41 386
219 392
103 158
315 432
27 203
100 246
20 462
213 375
104 253
355 374
288 445
4 20
116 303
133 458
329 400
397 434
13 83
288 369
98 185
40 383
311 426
414 472
255 413
79 178
86 497
206 208
100 383
48 473
236 382
188 307
79 155
149 254
287 413
109 275
297 319
29 225
31 275
139 159
6 304
195 206
174 371
139 369
121 396
49 132
236 238
15 274
301 333
206 212
71 436
57 148
72 306
13 130
280 366
292 397
389 420
250 282
319 453
3 492
12 87
157 405
210 482
121 332
277 435
109 396
292 484
280 323
318 467
81 328
131 361
171 438
255 374
77 354
266 329
59 141
125 433
93 339
208 334
312 458
384 388
252 452
393 439
200 274
26 446
40 470
219 317
169 442
278 410
119 474
49 211
10 312
86 360
436 470
125 353
141 331
261 393
29 400
23 466
164 268
81 363
66 180
74 265
167 367
439 498
134 293
177 437
244 266
69 308
193 352
330 458
289 342
231 454
369 373
12 277
241 345
209 414
131 234
311 338
333 421
2 347
152 492
212 287
30 257
83 111
112 401
78 138
7 458
76 143
27 88
75 296
90 249
118 417
75 149
48 156
168 428
115 315
72 332
353 394
9 277
295 431
67 291
62 277
41 326
173 200
279 348
361 435
414 477
201 459
20 302
160 185
194 297
206 236
29 482
289 428
215 334
45 129
6 28
37 419
206 404
164 397
272 498
144 312
412 414
114 427
84 488
244 429
247 268
63 315
9 324
18 481
31 92
33 108
16 111
39 304
107 310
327 354
48 453
443 495
413 497
4 489
12 428
14 411
13 500
282 314
326 382
138 363
163 362
217 439
174 266
167 191
166 171
113 222
156 421
111 484
268 332
185 332
138 163
321 495
24 411
290 344
247 270
319 410
229 325
11 418
116 397
282 307
386 431
220 240
243 380
241 337
8 158
280 441
386 447
281 416
67 147
39 260
18 143
218 353
38 110
21 242
34 418
397 490
68 170
189 364
57 479
140 437
237 455
201 355
14 161
58 160
235 410
394 490
153 217
77 409
306 465
186 342
11 149
133 304
205 409
11 46
95 216
66 97
93 162
26 360
4 491
97 313
92 265
90 161
137 465
391 491
424 490
338 474
28 240
285 324
71 81
394 434
61 71
56 222
250 476
453 463
281 368
95 383
211 221
281 398
115 190
338 436
388 405
294 445
73 124
269 414
12 338
277 286
365 383
250 296
345 393
69 496
249 381
174 298
347 441
4 350
36 186
145 217
49 140
187 499
154 480
225 285
187 317
39 98
128 270
239 424
15 398
139 419
12 302
201 419
101 463
93 442
403 491
1 141
221 383
393 440
68 221
69 285
174 425
33 234
416 434
84 458
159 282
17 353
230 445
277 444
173 488
82 118
329 486
217 419
219 390
418 425
18 347
472 491
21 161
53 100
79 323
199 236
33 201
364 381
58 429
223 372
51 188
319 382
25 486
252 379
25 469
8 140
69 259
157 428
106 224
141 388
182 389
76 161
218 477
207 473
129 276
220 342
20 232
349 381
107 463
5 126
85 226
98 298
243 426
252 434
58 319
370 478
124 319
113 446
23 38
158 316
338 384
161 266
445 474
131 293
14 289
111 138
106 338
192 224
205 241
111 261
176 441
77 95
38 286
200 316
40 250
73 266
416 417
98 347
72 231
172 342
64 176
121 310
72 499
158 474
181 446
14 428
244 422
79 474
352 386
163 477
121 279
181 230
131 474
116 220
85 172
368 471
56 216
179 262
110 368
102 435
50 493
360 375
23 193
291 469
182 246
82 240
13 411
150 177
243 431
360 494
82 241
72 299
55 67
126 210
125 394
191 304
125 303
122 250
151 162
389 412
19 186
215 399
42 282
410 427
402 483
13 209
330 350
153 345
300 446
55 216
108 493
139 394
442 490
291 467
261 297
157 439
138 190
158 159
6 345
194 268
211 477
364 429
154 498
262 372
138 300
217 445
168 493
163 342
142 434
16 271
69 393
208 315
298 400
90 138
288 418
101 256
321 433
28 281
151 325
13 141
183 493
89 364
189 401
242 285
194 371
29 125
119 366
92 391
122 441
56 80
345 350
402 428
320 464
213 397
229 498
383 413
250 329
148 398
247 401
76 399
346 367
90 486
108 248
316 398
124 258
308 316
125 379
142 148
312 388
338 457
141 485
278 405
5 103
24 415
49 430
96 123
74 436
359 409
10 311
433 437
100 121
235 338
328 473
66 303
91 206
464 493
302 305
55 254
257 449
422 433
247 422
164 488
88 467
192 239
281 386
66 376
350 408
244 306
301 451
224 269
260 487
22 156
306 375
94 332
211 374
300 481
278 333
226 474
366 461
340 495
47 113
420 487
285 331
188 267
294 486
100 215
165 203
121 255
288 477
211 262
77 133
122 336
247 397
114 431
306 442
28 480
390 483
363 412
118 410
87 327
257 386
184 333
34 351
8 146
428 461
234 256
395 454
227 470
93 124
407 495
99 251
212 488
213 343
214 332
407 461
52 292
60 184
2 338
145 340
218 310
259 483
234 251
183 344
55 401
292 402
381 494
226 289
122 304
303 356
431 470
248 471
237 363
80 145
231 268
212 308
211 498
128 346
94 273
72 382
45 293
199 399
126 475
90 113
37 293
64 234
23 283
188 495
211 459
126 238
250 315
115 494
298 425
394 498
348 481
48 94
46 231
87 362
209 211
332 360
65 323
247 482
299 496
199 255
394 487
396 457
360 434
223 365
188 487
117 479
32 67
12 276
253 407
53 286
24 96
388 404
42 276
23 390
320 490
126 152
103 310
170 495
108 131
84 480
183 369
189 271
200 412
311 326
217 488
76 317
33 144
129 477
195 218
32 37
317 464
113 125
341 429
217 306
236 369
250 272
177 407
157 292
7 220
190 385
48 412
26 143
67 432
484 497
46 357
80 288
427 470
222 440
168 283
272 330
92 271
151 214
140 424
166 498
178 328
181 270
397 459
254 341
76 361
227 395
148 173
28 170
444 496
24 177
47 132
229 298
233 457
151 337
353 387
92 324
129 374
238 368
335 441
333 408
206 357
16 109
152 467
160 175
128 149
194 406
279 434
165 417
263 444
361 406
191 350
137 225
119 392
435 497
34 154
45 418
232 333
159 286
235 449
292 418
17 42
380 466
68 315
96 407
7 390
238 283
446 471
275 471
78 393
87 403
151 352
183 197
232 255
20 106
310 461
73 222
83 239
155 164
139 483
241 363
6 153
45 165
201 311
268 415
113 187
342 469
429 490
19 134
65 80
69 280
271 482
107 169
61 336
316 424
33 95
218 468
12 214
326 452
50 143
118 244
88 352
9 134
143 256
175 207
363 485
267 480
327 434
126 290
217 428
86 153
141 179
34 52
154 357
357 500
326 359
292 342
340 395
61 331
369 412
148 319
246 279
262 462
275 378
29 387
183 412
41 446
162 462
285 411
251 351
75 119
245 350
105 311
145 208
216 395
148 253
304 366
43 291
81 480
128 211
199 393
358 367
21 314
233 458
356 472
22 103
17 337
47 467
176 334
176 200
177 425
12 499
316 499
310 392
136 316
376 486
227 353
211 252
366 469
284 307
112 180
89 439
22 62
25 449
41 164
208 309
363 464
295 423
217 334
251 284
184 190
233 398
305 476
315 398
109 479
169 372
366 450
84 353
327 458
119 265
94 454
25 417
193 424
129 217
9 50
31 79
136 390
35 90
126 229
124 468
26 59
19 113
318 447
238 352
273 452
389 441
143 205
15 408
333 393
98 390
18 262
236 420
85 319
19 181
28 264
192 373
167 209
141 191
20 403
316 318
222 404
264 479
115 288
283 359
1 237
328 391
207 474
281 461
55 210
49 380
83 424
67 433
72 468
293 460
143 493
186 409
27 252
49 179
20 327
247 378
99 398
268 491
464 491
11 337
418 438
10 177
218 255
64 351
207 213
114 307
248 265
409 496
51 374
88 147
321 447
309 492
47 86
39 318
92 469
267 490
399 401
286 410
263 438
122 223
77 156
176 211
106 238
418 491
253 442
227 286
347 406
31 252
305 311
164 472
83 102
74 128
180 248
110 328
54 109
113 332
326 409
100 358
136 498
40 188
28 49
111 151
460 475
97 203
122 167
230 300
341 487
99 457
77 145
119 339
88 123
272 336
39 75
31 278
198 409
26 452
382 450
322 329
176 420
80 460
156 254
203 411
80 468
164 481
191 408
328 441
39 133
33 412
200 235
44 117
89 419
315 430
140 308
277 300
90 389
401 441
417 469
452 462
59 179
10 309
451 468
182 271
35 477
268 399
182 491
226 427
23 165
36 379
147 251
208 292
120 355
23 391
21 474
182 303
181 331
32 357
220 278
169 413
38 73
179 266
453 460
90 131
32 147
121 439
104 157
135 235
445 472
103 354
193 468
260 422
2 51
129 167
315 367
47 404
442 479
168 268
279 406
268 365
15 375
61 290
350 412
268 366
103 381
14 112
454 498
342 468
179 278
20 118
66 201
205 252
406 437
143 224
43 284
102 476
166 438
44 105
331 401
105 192
151 342
19 158
244 336
242 269
18 215
179 432
3 226
62 120
8 412
224 263
324 334
50 490
364 385
60 352
330 353
159 166
64 114
108 484
165 201
8 141
245 251
387 479
36 278
117 391
96 173
306 468
148 191
316 481
93 305
103 455
332 440
133 381
176 470
118 454
157 422
18 96
207 300
409 442
273 278
84 490
315 442
334 398
199 206
45 78
142 161
153 378
103 159
47 67
19 131
61 129
246 346
153 175
279 426
54 221
34 476
164 421
381 407
148 440
82 492
37 244
238 281
172 362
147 182
33 410
126 459
214 224
185 241
17 418
163 475
16 320
138 264
399 498
62 153
67 139
132 303
158 442
35 319
362 473
189 337
86 454
238 485
49 361
306 403
69 341
334 397
131 171
132 292
102 398
10 255
119 251
41 416
229 439
140 244
174 448
284 300
99 144
88 161
70 277
361 425
266 420
55 264
239 417
74 233
274 339
146 396
61 296
55 233
110 185
117 321
191 493
389 419
33 344
247 475
267 365
194 379
297 424
41 110
186 499
55 176
163 242
208 391
102 441
293 357
103 220
192 223
337 499
59 390
161 174
109 469
123 476
138 258
69 436
113 201
122 275
202 282
455 463
335 456
294 464
232 476
28 128
75 285
20 27
293 342
435 495
46 157
391 416
94 404
238 316
124 184
8 355
63 205
200 410
451 472
217 415
250 258
236 259
30 390
441 466
375 466
152 397
4 450
105 119
417 458
87 494
75 304
255 437
162 382
332 342
61 223
8 265
313 388
442 481
289 495
284 324
333 372
305 451
126 494
159 177
232 272
151 467
2 304
301 372
196 305
283 353
160 203
9 487
276 479
172 409
72 118
188 415
456 497
106 497
76 408
17 221
11 226
3 115
171 288
301 348
32 441
2 274
289 435
98 122
256 372
48 206
67 223
301 476
250 458
7 479
134 306
93 271
251 371
356 362
42 315
423 467
215 388
235 492
40 465
263 271
3 321
275 345
181 303
158 436
38 370
236 287
126 278
88 414
169 448
88 100
249 398
135 358
41 166
380 498
184 419
206 454
75 238
37 389
50 124
92 288
74 248
88 306
308 421
99 369
122 414
35 315
168 457
66 157
302 416
162 230
17 75
175 238
351 409
38 192
397 487
155 325
357 478
181 476
13 135
387 490
199 456
101 306
291 417
397 493
53 143
26 163
42 269
117 400
30 93
54 342
150 448
180 187
356 455
130 151
32 360
332 399
91 409
132 465
107 249
2 395
51 275
288 332
100 498
272 461
394 497
65 225
119 165
217 468
38 219
80 418
146 205
329 494
21 193
288 397
333 339
121 149
7 333
160 364
100 322
78 197
304 473
293 421
332 363
40 415
247 391
261 460
317 362
207 352
151 394
183 286
136 225
493 495
374 401
380 434
191 464
185 283
264 490
170 405
39 375
30 274
88 197
109 288
24 32
124 327
39 149
42 426
387 428
43 90
2 417
99 250
30 486
164 189
71 215
249 445
102 380
146 358
225 493
308 455
32 389
39 222
242 401
62 241
228 296
168 497
354 471
9 356
22 107
359 451
226 405
193 341
25 172
348 392
64 458
155 399
90 117
246 277
76 88
176 336
201 202
133 323
190 384
202 273
99 208
1 92
212 330
17 151
170 291
85 254
13 223
373 385
87 321
332 385
128 370
99 139
10 451
40 483
287 414
23 412
54 371
288 352
352 449
130 485
228 330
84 385
101 399
238 467
52 462
21 212
468 492
18 288
168 464
385 408
394 485
447 464
156 195
327 436
310 390
273 402
61 186
387 488
360 467
333 403
101 205
358 458
297 349
14 468
77 422
193 470
298 383
327 351
123 294
25 252
311 418
320 332
1 164
157 363
69 443
209 410
385 424
39 127
16 357
53 181
217 407
182 295
96 371
36 61
166 500
130 454
45 384
158 431
240 312
111 175
21 178
90 247
263 303
296 373
241 464
49 407
177 257
254 278
54 202
321 434
192 378
46 279
154 481
378 423
58 91
113 136
113 157
84 199
199 466
200 241
189 274
16 193
239 380
93 238
134 205
479 489
431 455
302 427
59 130
78 103
23 195
135 255
136 320
192 264
5 367
345 401
81 446
75 431
69 276
159 369
68 79
6 187
378 436
180 484
264 388
108 240
99 275
138 172
32 395
46 394
218 233
377 488
351 367
34 176
41 268
157 427
264 384
300 334
65 87
14 88
296 422
29 178
221 382
20 222
178 239
463 470
212 473
80 262
376 461
113 203
117 322
191 270
199 213
170 261
140 251
196 436
99 445
13 131
84 106
24 329
50 438
314 448
194 346
30 315
270 446
16 262
10 162
27 30
118 310
287 365
167 408
38 104
143 255
69 236
103 322
42 414
199 401
33 40
149 420
325 407
234 356
251 368
322 478
6 49
195 333
403 452
15 22
114 374
260 356
104 438
356 405
118 220
16 256
64 169
69 110
47 447
70 104
344 479
275 287
110 338
306 394
121 316
72 266
111 259
298 495
204 245
121 191
160 217
79 233
288 325
265 497
112 289
65 220
336 342
20 369
71 390
4 362
15 104
89 208
302 350
60 291
313 498
33 251
249 396
11 68
97 358
5 371
25 451
125 267
167 444
157 445
49 317
5 27
252 433
7 374
91 221
157 359
33 394
133 473
370 458
165 331
223 284
356 434
399 407
161 482
324 327
242 386
336 469
197 454
7 485
81 244
213 333
127 461
296 454
129 147
131 281
213 492
191 463
403 447
14 460
379 450
147 170
111 233
243 269
134 173
252 332
182 369
103 480
74 490
68 177
119 486
60 162
13 151
32 47
202 348
52 65
209 376
33 433
147 362
155 166
78 196
211 309
116 231
36 54
74 105
114 417
193 448
156 282
260 411
388 489
260 446
1 321
86 214
34 86
386 398
203 221
239 480
413 424
195 488
289 319
242 355
26 308
2 16
171 487
45 261
214 308
336 467
10 121
90 403
84 459
251 480
41 274
103 163
6 413
354 446
47 271
256 430
48 450
364 396
46 248
51 367
125 341
30 198
118 487
36 456
4 452
75 484
28 334
146 421
474 482
40 193
74 397
33 431
105 371
168 249
25 143
187 470
432 465
93 471
408 478
378 469
141 254
206 370
81 454
169 251
303 476
199 300
28 61
255 412
53 446
274 475
41 156
170 490
72 183
184 370
89 434
271 415
99 332
280 369
79 226
103 188
127 402
30 217
20 60
167 215
170 480
46 431
82 156
63 442
118 258
80 465
93 195
185 471
71 275
285 293
381 414
27 272
58 340
14 232
33 296
208 421
247 344
192 231
13 224
223 353
164 236
223 331
430 444
486 490
11 99
72 277
305 392
64 334
86 463
54 497
165 316
348 485
30 208
313 446
65 162
26 190
63 418
190 356
154 248
140 390
359 408
347 361
135 330
330 376
324 385
189 284
265 311
87 247
154 280
173 298
210 464
172 311
163 320
65 367
414 423
32 82
25 427
93 307
294 462
81 96
114 241
35 241
246 318
124 335
43 106
209 489
315 460
110 365
231 340
172 386
222 381
153 211
213 217
103 458
422 498
142 459
151 167
153 419
91 135
36 302
46 92
349 453
131 174
224 446
85 489
22 315
159 457
302 483
33 447
1 364
54 390
341 381
24 211
165 468
369 427
203 216
247 307
153 282
157 382
63 208
8 40
122 383
238 434
181 443
104 121
19 285
144 331
277 345
94 257
137 415
352 428
386 396
180 299
18 418
152 393
57 389
131 369
317 493
369 444
231 331
17 64
75 151
45 344
95 238
64 384
39 489
43 375
227 272
151 234
474 477
167 431
30 497
212 465
298 459
204 362
34 369
105 175
17 169
147 491
76 298
259 300
35 332
77 335
300 426
210 434
298 441
202 331
254 437
180 293
400 447
36 282
6 143
230 483
46 335
304 412
206 399
162 268
44 351
54 493
254 445
117 340
36 464
393 491
53 310
13 406
259 388
141 166
84 298
382 405
221 402
262 381
349 415
155 285
92 480
49 208
40 462
59 87
162 198
336 385
209 488
178 392
234 329
191 435
146 372
169 269
123 170
12 206
413 453
371 421
237 256
139 353
231 369
172 433
53 64
257 321
6 460
252 440
16 395
21 359
94 209
440 460
31 36
83 271
17 166
116 490
10 259
32 295
298 478
303 359
250 475
192 399
209 330
171 496
132 285
187 310
106 293
61 272
245 259
30 269
90 372
17 430
16 457
257 418
21 416
46 415
104 359
143 497
31 222
81 219
189 347
23 289
173 283
82 155
19 44
115 163
353 462
96 163
59 483
151 302
11 447
222 389
177 413
386 400
68 129
14 301
231 262
138 355
210 500
157 177
222 484
140 303
215 216
41 240
179 231
238 400
233 261
12 13
82 485
277 398
103 137
286 293
201 213
85 462
15 244
67 354
57 203
466 486
158 305
244 320
145 499
405 490
188 366
81 326
162 483
163 359
63 353
421 466
128 399
76 493
4 102
206 244
199 439
149 163
110 367
122 199
397 467
351 446
240 388
282 491
450 465
37 145
265 394
182 306
369 457
278 372
152 388
245 486
75 146
119 379
163 485
142 223
194 330
4 221
50 299
192 470
63 414
108 327
35 475
354 369
67 459
143 241
20 352
115 195
239 391
361 402
107 353
381 451
218 343
27 186
232 322
151 254
141 159
45 424
38 318
269 283
430 480
286 382
240 255
330 338
38 75
87 278
205 343
63 420
33 97
68 137
13 240
119 491
157 274
1 474
181 183
159 384
60 301
3 364
139 144
55 229
245 370
217 235
146 457
455 499
348 363
91 398
227 386
61 212
261 278
148 262
13 466
238 463
18 304
35 162
378 422
67 495
275 440
63 257
118 181
88 256
254 313
31 34
360 448
80 188
20 372
18 276
19 465
42 74
130 427
352 372
138 404
329 473
176 320
220 225
109 258
2 390
271 316
239 266
255 325
211 390
44 425
174 421
87 469
119 399
99 345
163 232
102 263
144 433
249 252
37 335
92 166
274 313
196 459
63 408
265 343
38 413
71 116
170 327
164 214
69 128
252 356
4 369
49 440
173 245
79 370
215 236
86 280
204 465
343 476
356 487
103 215
12 109
30 143
285 450
134 479
8 255
269 469
127 442
168 316
70 118
353 401
400 434
206 492
127 341
159 441
275 494
8 331
123 205
230 352
267 391
218 405
369 497
135 415
408 489
116 266
72 85
258 395
336 461
5 250
216 413
198 332
241 339
3 114
342 442
52 473
114 197
309 335
74 125
171 205
155 246
292 365
95 434
140 284
220 362
91 276
47 203
78 105
303 327
332 374
213 312
255 476
423 439
175 448
232 404
302 413
155 440
127 210
91 299
14 489
2 10
349 410
410 482
386 457
14 251
100 483
192 213
201 446
114 468
127 411
44 489
104 119
152 319
207 298
52 227
93 100
115 320
184 298
3 461
18 277
41 457
287 315
22 440
411 459
24 279
116 188
161 166
61 457
225 371
52 166
288 300
424 430
96 231
363 369
411 475
224 437
12 311
154 455
40 314
178 318
88 498
251 451
179 360
90 292
204 491
205 481
33 494
216 228
58 198
104 251
260 497
343 461
133 174
265 432
4 246
38 138
400 402
200 489
47 409
367 383
46 320
125 295
35 384
214 436
178 489
271 450
298 481
136 251
157 195
219 301
177 248
72 127
46 190
255 262
66 169
248 259
56 170
156 330
3 412
299 398
143 461
144 452
234 272
19 137
138 358
9 263
280 499
173 487
318 400
131 477
102 216
225 375
134 191
227 465
360 373
8 433
361 399
395 449
246 250
63 485
121 209
156 476
116 387
111 277
256 470
58 497
373 490
32 434
175 361
354 410
348 489
57 364
108 265
125 204
256 343
86 259
14 342
104 482
312 489
5 365
94 110
321 361
48 231
99 180
326 434
343 455
26 338
436 449
87 500
124 339
59 378
114 317
202 255
232 302
18 220
94 493
444 458
311 492
194 283
428 457
56 243
34 249
148 227
11 48
72 260
39 117
44 379
77 387
100 499
200 463
122 430
9 158
286 303
271 453
308 404
36 412
81 460
336 444
65 499
382 462
46 144
178 366
422 499
361 473
385 472
4 207
48 52
298 451
177 396
399 431
3 23
227 406
130 316
58 244
5 153
342 403
354 480
91 169
99 472
49 369
53 377
305 314
35 174
102 495
140 151
231 303
123 417
84 155
231 273
277 477
336 395
390 495
28 233
204 477
240 405
48 208
61 218
382 490
176 207
147 456
12 89
218 372
8 62
176 183
41 260
143 492
192 454
381 385
85 481
30 109
216 455
127 360
182 336
311 467
42 194
133 207
254 329
66 116
29 248
276 495
126 365
158 183
341 441
187 436
342 422
239 315
18 57
3 168
97 306
310 443
31 106
59 153
393 447
76 425
41 221
47 353
142 219
169 252
363 452
113 463
9 250
71 163
363 461
49 278
403 418
292 495
63 365
425 428
10 422
60 404
390 410
83 296
108 450
49 60
249 293
66 274
126 334
196 434
53 475
41 329
263 424
52 325
220 496
81 412
108 128
86 210
208 450
233 307
299 410
9 141
284 366
394 400
221 291
130 300
152 164
27 110
342 482
98 473
309 395
9 169
38 470
146 177
82 174
345 351
18 125
75 85
42 55
30 147
1 98
42 321
307 497
86 421
3 337
234 442
410 452
257 260
44 347
165 261
221 329
301 380
195 208
96 379
258 301
47 312
150 267
199 299
94 459
16 184
129 310
77 323
165 297
14 376
26 42
256 455
260 484
88 294
54 401
9 367
230 481
155 287
404 469
361 414
403 464
317 418
161 424
61 240
106 200
295 466
296 496
369 491
32 172
39 272
229 330
426 464
382 397
438 445
61 271
423 448
3 468
101 141
69 343
333 417
3 62
211 352
54 100
352 438
76 403
5 47
158 216
232 480
98 374
232 291
312 420
311 356
167 469
20 153
222 326
210 305
158 361
113 124
400 405
179 276
216 380
44 93
81 114
5 282
34 309
173 349
277 452
311 371
202 363
241 326
245 321
78 162
234 399
76 409
41 60
338 376
353 381
94 348
96 302
253 336
329 399
261 354
203 235
124 165
82 199
126 401
42 204
206 423
2 399
342 448
118 478
51 201
232 287
87 401
428 444
17 148
152 235
34 195
271 435
197 437
14 114
368 416
38 283
358 418
277 412
55 221
97 345
238 292
453 471
285 451
235 263
151 155
205 340
390 440
214 477
18 149
73 177
33 112
130 399
15 329
392 469
91 258
45 485
265 341
242 263
255 305
115 181
229 301
340 365
209 452
253 267
355 430
156 371
387 426
36 304
36 44
224 335
73 476
231 448
166 184
28 336
153 327
107 493
34 299
170 473
396 480
119 348
61 452
201 458
135 170
81 441
399 423
253 497
130 244
27 395
203 381
87 224
61 332
377 491
149 400
190 393
119 444
382 399
116 382
137 493
81 406
297 301
34 245
268 348
55 386
181 319
317 452
439 479
63 367
124 349
72 173
166 485
35 139
24 179
3 67
219 336
292 464
386 419
221 411
197 360
351 440
107 336
43 60
101 432
218 241
142 205
152 395
151 160
143 315
246 265
115 298
18 243
74 380
50 358
277 466
54 154
145 480
266 453
16 17
46 250
57 298
47 96
37 158
8 125
68 348
145 225
17 205
108 200
53 177
6 338
367 379
268 270
320 356
366 371
271 464
234 247
364 442
174 235
133 415
176 493
111 423
130 207
391 496
253 446
63 335
201 428
344 422
188 374
44 376
38 40
65 165
221 422
136 231
117 432
124 278
114 493
139 229
64 494
113 186
75 486
188 333
347 447
382 392
12 128
94 191
91 271
71 263
109 314
52 118
28 121
312 441
262 272
46 337
393 434
137 285
65 208
385 387
114 283
95 398
466 483
175 397
148 390
346 386
327 457
51 165
151 457
228 465
48 86
145 436
320 435
379 473
291 437
121 338
23 438
86 154
334 386
5 360
260 296
218 388
46 96
30 124
30 210
329 382
73 153
32 313
219 490
62 193
31 69
211 370
34 419
352 464
106 394
99 156
233 249
445 478
89 416
174 366
156 432
16 323
203 395
41 216
99 433
373 380
243 424
266 464
328 334
44 168
143 229
310 441
144 496
98 486
61 64
378 461
98 205
123 188
18 383
126 240
133 482
215 389
247 318
88 293
311 374
168 427
217 362
95 361
207 314
10 466
45 456
363 441
11 457
290 312
329 385
192 216
345 470
90 484
326 471
388 474
27 315
93 375
331 372
76 343
272 301
202 418
75 432
188 357
28 230
33 34
121 242
112 202
19 156
45 225
10 193
470 497
10 355
186 474
243 342
60 279
70 306
392 418
244 496
213 317
58 461
273 361
242 287
159 382
177 325
86 163
205 369
355 450
176 249
222 229
36 207
339 464
231 403
46 69
116 446
217 460
211 397
62 249
184 280
273 354
40 344
392 488
136 407
245 266
369 462
24 87
373 399
275 421
270 427
81 121
27 114
322 482
35 257
173 231
137 268
44 490
204 457
141 342
436 448
32 414
7 266
3 207
125 317
263 399
181 372
117 280
146 469
88 360
74 132
129 299
163 391
62 149
357 361
13 311
192 341
84 302
285 291
91 310
62 273
210 364
277 361
98 190
196 253
75 324
304 447
297 404
440 451
173 325
13 375
30 355
10 101
22 273
158 284
96 285
207 296
382 402
40 210
213 356
294 479
24 45
271 469
387 402
427 476
60 405
324 498
109 372
219 348
58 159
400 403
291 468
319 443
104 164
109 190
344 453
441 473
208 387
95 308
129 261
378 479
96 459
482 495
145 380
108 446
164 286
290 398
384 407
37 52
79 138
81 463
4 486
196 230
272 331
117 127
345 349
220 398
63 382
16 161
28 137
122 153
10 268
7 415
137 139
277 448
46 360
323 433
139 285
66 470
88 129
271 423
164 212
162 419
104 130
59 465
232 491
92 385
201 401
361 459
292 419
104 278
8 496
85 403
183 374
96 111
312 342
119 364
384 397
22 162
148 228
372 417
231 315
63 317
15 378
220 357
105 240
79 105
231 374
217 246
370 438
17 202
53 243
219 312
215 241
202 351
286 363
140 334
110 246
185 187
53 128
284 285
19 362
264 332
188 450
43 327
169 188
169 399
22 224
63 109
91 279
261 302
380 411
176 190
458 492
231 451
354 463
26 98
85 175
101 352
60 356
16 396
110 249
144 297
71 200
4 281
183 443
126 243
128 429
65 334
71 255
90 425
24 424
190 411
214 484
360 403
174 475
224 487
44 259
215 326
75 178
135 396
18 281
444 500
59 225
57 244
386 397
259 475
346 486
177 361
128 134
134 346
139 153
98 170
312 463
136 488
270 351
87 481
457 470
57 271
154 372
4 88
32 370
291 333
76 318
146 408
111 362
139 492
353 451
158 355
30 113
299 371
28 59
329 448
276 422
100 108
35 369
405 444
296 322
176 194
247 358
73 468
97 114
105 322
18 107
57 157
97 331
480 486
17 326
321 449
145 314
174 292
298 341
171 306
261 323
112 494
442 459
111 201
138 329
118 424
18 447
353 417
205 375
77 104
182 289
455 495
430 451
153 335
99 283
110 447
36 129
112 227
68 229
196 206
95 450
146 454
166 192
35 414
225 232
280 309
56 276
221 285
9 25
282 462
27 214
88 225
7 477
71 79
11 292
62 358
83 426
176 344
350 442
12 456
216 234
417 461
375 473
64 473
344 402
23 161
228 429
85 294
59 99
77 220
90 326
286 403
10 173
3 484
348 469
184 431
275 429
194 454
69 137
95 425
145 191
154 217
61 464
41 228
200 397
171 248
233 236
352 486
310 379
53 309
167 312
68 325
111 251
358 447
244 264
2 108
331 336
185 352
440 467
252 492
279 282
53 467
34 211
169 199
180 474
27 323
181 464
274 352
108 394
189 341
54 482
144 498
464 492
396 482
151 173
140 388
288 361
52 62
45 283
27 335
2 14
195 298
392 434
258 433
145 324
76 356
310 395
383 452
275 419
75 452
15 217
37 107
207 275
190 211
55 164
106 405
116 189
203 399
73 174
137 207
133 342
131 306
250 448
311 440
229 495
101 350
143 166
214 327
26 189
235 385
254 326
379 396
337 495
65 183
132 414
285 361
240 367
58 334
40 80
391 441
122 312
16 162
17 488
40 373
29 162
451 467
66 87
444 450
119 141
1 186
180 383
10 291
16 126
72 339
92 460
163 468
135 317
35 253
64 407
249 350
39 144
130 277
116 352
113 480
325 403
94 120
204 330
210 404
128 191
40 133
60 111
78 332
112 418
117 185
20 224
39 399
272 375
67 423
86 344
276 434
141 460
371 395
330 431
141 158
128 307
6 337
339 377
38 42
267 487
156 422
18 333
175 312
158 302
88 362
86 224
99 393
139 472
11 420
146 386
64 487
76 311
102 281
33 194
286 340
232 426
125 454
58 350
219 378
324 420
335 465
142 422
264 412
30 441
188 447
476 486
16 205
343 345
1 199
110 401
117 132
26 469
73 175
350 357
228 263
87 124
75 386
69 124
6 8
194 261
173 475
237 319
189 370
76 460
295 357
242 335
135 354
50 344
296 343
169 467
213 383
4 269
80 247
203 362
125 309
144 499
335 384
23 381
85 283
346 440
131 241
45 120
72 209
194 232
180 317
64 422
218 235
203 307
175 311
247 352
134 166
107 382
7 76
397 462
204 486
128 247
211 313
182 212
170 344
40 365
23 461
107 449
159 426
81 164
59 313
397 424
143 401
242 487
404 413
89 175
271 303
104 484
1 338
311 410
12 241
72 283
180 457
354 422
382 444
421 445
7 439
171 260
334 439
87 118
4 380
27 153
420 481
17 132
161 463
220 273
59 236
287 400
263 364
462 498
281 288
445 460
207 291
114 450
17 332
52 348
109 188
223 357
281 284
81 162
252 396
307 360
91 155
147 431
93 396
173 443
341 394
77 102
97 254
78 89
193 387
213 445
172 331
187 338
182 349
280 367
10 377
13 73
59 241
58 295
237 324
285 305
258 339
68 392
169 374
199 285
304 389
141 438
109 185
40 444
287 359
413 417
47 362
161 401
12 497
103 478
16 185
238 365
246 497
161 427
90 418
195 346
110 202
135 323
182 414
336 375
406 474
396 455
258 455
53 110
111 339
236 245
449 474
52 381
79 487
42 221
230 443
2 270
86 456
225 286
70 175
125 395
25 396
100 427
291 422
76 194
118 308
103 148
83 253
54 480
45 107
45 374
97 275
197 374
168 207
1 440
390 469
237 269
344 368
57 269
158 451
25 399
228 431
259 486
41 372
330 407
66 306
30 347
61 88
101 390
30 477
164 345
208 456
24 162
39 237
128 167
106 172
134 341
345 370
198 269
57 293
196 249
122 459
50 234
196 494
301 414
186 454
181 465
206 471
399 416
142 267
209 328
215 403
110 277
21 159
51 90
7 221
323 413
166 469
246 287
57 228
48 308
247 455
184 448
313 488
177 236
259 407
72 253
17 156
66 291
150 223
281 423
70 426
266 307
251 357
117 429
270 330
58 161
242 331
149 415
101 117
16 49
135 356
418 482
88 243
140 234
386 433
61 297
209 417
283 302
404 442
116 433
6 115
131 164
179 227
67 283
9 399
173 328
60 224
304 326
428 490
135 240
224 298
57 168
90 272
67 164
447 458
283 498
40 83
440 474
109 209
179 182
281 381
70 92
2 294
348 374
60 353
51 384
140 322
271 346
336 439
181 191
16 112
116 314
214 315
33 176
207 361
301 424
91 151
96 241
347 403
88 354
108 477
209 385
63 121
294 478
373 462
21 399
184 394
373 474
384 491
150 357
75 339
106 160
275 466
74 170
303 431
77 326
177 368
222 345
56 340
71 364
202 432
196 444
303 405
268 344
275 321
148 359
163 180
328 448
214 430
172 256
228 300
24 405
79 103
98 183
105 436
271 410
75 473
394 403
171 311
224 346
93 444
8 261
207 263
183 428
182 344
163 338
58 153
200 395
121 381
65 270
3 222
7 227
217 482
77 117
140 407
295 332
102 421
39 453
33 362
157 306
479 498
99 317
171 409
207 288
438 466
152 255
18 26
136 200
30 280
226 288
95 297
415 463
28 221
39 448
214 386
245 408
126 400
127 400
242 266
99 377
45 272
214 482
144 260
157 406
179 201
13 201
169 264
317 449
228 353
39805 15926
32664 14334
28061 29436
26649 20809
29586 36055
13210 20177
22811 18204
13420 27825
37045 38371
27547 20440
29536 22201
18127 23648
36262 31125
30064 17947
15834 13838
39181 36718
34718 41162
21759 27234
16551 13626
33097 12280
31429 10116
33987 25021
20253 37569
39544 27039
28345 22377
34380 35839
40004 15883
31970 16391
29454 12866
17084 25150
40791 10724
18084 30041
27593 35964
15179 25941
18502 12027
29745 32962
11748 14250
35268 40034
33846 32355
35020 38130
27598 15617
12550 41800
37375 42005
34575 13982
29160 10203
15748 18734
42669 39276
14696 25343
13064 24628
13766 16126
25089 26535
19095 18000
42233 38192
23269 21991
37613 23146
11825 33363
27897 14227
14611 19931
19483 16958
22816 33997
23610 33863
34832 13330
18535 18188
18977 28165
15458 40666
23478 20870
40800 19110
25156 34633
27659 15358
42094 10612
18891 23359
36207 18794
19268 23559
32697 34785
30240 13805
15067 29499
30734 38256
22696 40979
11530 22830
42390 12310
23264 28503
22628 15124
17899 10080
27904 20054
33571 19452
42663 30259
11095 39240
32078 34270
21430 25413
31297 37250
28564 32908
18442 20113
32619 19773
31124 20057
12576 23097
19600 18136
21896 40081
27416 24017
20267 12606
28818 10783
24136 35090
13784 24394
28185 37102
10390 22360
18263 10806
12787 28389
19457 34690
28787 26486
41050 16790
18715 17419
25905 14485
37847 21491
26468 38257
26394 24548
26791 32678
18116 11595
25986 23336
14920 19425
31897 41625
36366 24959
23344 12736
17430 26675
21230 37943
30687 37523
31969 11363
14727 19025
36291 18089
42035 32016
16252 27871
13233 11126
29671 36353
40284 28291
29913 20006
12352 26401
30048 37554
32895 19452
14408 40652
25076 35219
32740 21523
30229 10384
11019 27532
20766 28244
41824 15071
31340 27607
32982 22980
19494 28335
34420 15288
30243 34926
23638 37364
10248 41009
10997 35231
42673 17014
31656 14915
20691 41774
33386 22654
22239 34324
13533 33018
10793 33084
21135 12190
26441 19951
17020 14086
16321 39862
27093 19505
42721 39349
24576 31354
17896 10810
41952 37834
31596 29846
13910 28939
27132 18732
15880 38624
23043 35783
39009 37523
29423 38961
31705 41807
36755 21761
36726 33679
12746 26804
39826 26326
22878 17663
14304 32673
16936 31844
39594 41369
19832 38404
27996 21518
39607 21428
19014 26785
37706 40530
18334 27200
28090 35930
13252 30808
27666 14004
26314 25157
22921 20432
19764 38670
35681 12533
36860 15695
26895 20950
32218 34678
16284 24167
39362 38962
25675 24302
29357 35625
27260 42589
10396 30186
28880 31455
17114 29986
18830 11441
15234 39442
33350 36659
25666 19520
36532 34879
34910 29549
39654 10681
28664 32200
18593 35175
10382 38497
23554 19203
14020 40928
39777 37007
38244 18295
26234 17641
42403 17429
18639 29855
29862 38365
35656 10500
31300 22998
35101 31108
13582 34276
19445 18228
18316 41207
13136 22189
31434 19330
11042 15387
18963 11311
13760 19857
23549 38097
19712 36768
36006 29593
24220 20519
27964 25742
26584 25452
23747 30519
29797 14188
40466 31898
33924 12656
36639 29035
40559 35297
25981 22653
36596 39517
37923 39292
40291 21002
15983 14302
13994 17451
23659 30231
21439 34033
29774 14604
40766 18579
36166 16331
40532 30881
16244 33657
24795 13205
34104 21387
31942 27307
12720 33338
22720 37362
12411 13616
35344 38563
29379 11912
18880 36786
11642 41461
17662 23716
19683 27201
19650 42656
16725 13050
10417 30664
35132 27240
37186 23754
40032 36801
38175 17585
40042 12704
28110 37634
28324 12468
34704 38916
41728 39605
16521 25439
19548 12701
41762 42216
11780 29460
40876 36796
25208 13356
35142 29580
24432 42318
23040 32823
31518 21109
33344 26526
22195 29593
18277 20916
21028 41327
30123 22228
27950 16975
26958 29784
14744 17269
13043 12135
17080 29293
23363 23054
36408 35529
35289 11922
39450 19477
37726 13573
31738 11277
13042 10008
34195 30989
29390 17968
37509 32968
34856 22460
25430 36669
42583 15301
10678 23015
36152 20934
10759 11060
22224 40895
38428 25145
18483 28549
34113 39588
10660 22108
11644 37106
27133 23239
16915 38626
37202 11423
39758 11305
18129 41827
35710 36711
28140 30415
34110 23386
40635 26032
30457 33873
32155 16118
32685 18916
13852 33035
24814 28899
40218 33635
21037 22924
15913 24149
39226 17921
22583 34089
35848 25849
36204 18034
24497 29877
19029 42654
26809 37430
10306 18635
12439 34989
20204 23004
33905 13619
39259 12748
24872 21178
33287 40771
24724 16963
39486 37223
35857 41810
37061 37877
14394 20639
35778 20880
19956 38159
23001 36953
42159 11490
16022 23743
20968 26414
24075 22169
37362 31628
35770 21618
11767 26641
32949 20771
33594 27520
15619 22440
36766 28605
38982 24876
10092 30853
17819 22886
14417 27229
20162 15656
15782 15816
19071 34613
18932 29373
21055 24404
18872 22616
31487 16290
25443 31952
21866 33836
39077 22953
14657 39101
36075 36907
24576 14581
38183 18962
37567 30363
29903 37511
28502 31284
27688 15183
35012 12757
31684 41539
26322 25141
33097 27392
10483 19974
37237 32991
20591 26502
13151 29992
30144 16465
24832 36226
27964 11129
28913 38574
40693 17880
19830 20341
38366 22693
40124 32735
35375 19014
15967 37030
27402 37221
16943 14058
11102 24134
15412 34854
22028 28248
39408 35427
11592 15882
23779 38060
22850 36063
24149 37825
27142 26565
32847 34576
12449 11683
28651 18912
13190 16945
23757 31952
16944 25356
18930 41856
27656 21258
23465 19086
24200 20426
18142 18884
28321 34192
17822 30351
20826 30032
13528 23219
18363 33033
16225 17214
16873 37461
14907 15290
15762 36669
38423 18855
25483 37201
35352 31785
10424 37625
23514 41981
30253 34566
26803 18353
40082 36492
21561 10261
38604 16628
32772 26861
24538 14925
12469 12776
24572 25571
33846 23510
13595 11027
40260 32277
23141 39517
10283 28748
29496 35003
40145 37980
15681 21297
25078 31892
28133 21670
13754 16933
32479 36850
32608 40917
11819 16440
28241 42231
13603 17270
35428 38042
31465 37722
39260 17665
17924 16472
32179 37715
12622 41721
29334 16276
26637 14198
18736 17620
28000 22405
35627 33190
29405 18035
42612 17620
33400 17267
34367 37457
32678 38454
15692 13423
17347 18875
42344 27986
22961 35177
38966 23717
40131 21595
0 8
4 0
