639441690
325951010
772826730
707904063
750757689
685150437
3586144
711874830
882896695
312252618
0
0
625591512
0
0
953293767
310960913
665863278
61999458
536746177
269479775
755348118
0
816896717
0
0
0
890648230
0
435292445
0
528885058
277580975
916252312
0
958726742
640472413
682980893
661293405
0
0
0
0
987185571
0
0
0
189604617
665712928
228098447
607218037
0
540724240
950763993
0
328282525
800742789
736381129
446855710
643052377
436392262
766908900
413965985
628037091
0
37597778
718152193
324561064
0
0
251052888
899961240
532580317
401969441
0
842047562
0
0
324478830
424057576
224605167
0
530915663
0
648535000
552246494
458632557
0
437160639
393070904
0
666757058
562851710
418050
375698385
0
0
481580709
306945633
277585969
