0
292588696
344051249
351335346
0
985560804
0
0
744141033
0
318360253
509056631
897631526
210708530
0
282499786
0
0
298272534
0
866815275
708474811
0
0
533348880
0
0
0
496288915
0
288732736
613115755
275961405
582960568
0
777792174
304810404
835564816
0
809847872
0
0
890711747
27774048
0
838137435
849941757
474815700
0
328583934
421396076
127773070
679829545
694874500
860875679
887046076
198102194
0
598776975
658288211
11507944
0
903750569
747785090
979501451
179360301
9225697
318391627
0
797426126
212121458
547708367
887710459
0
0
104510346
0
0
576394622
786270793
96000297
453376089
772091766
744926256
0
444308229
402466261
809166904
0
479383049
418221684
0
0
863362369
123171394
0
901736514
236188884
0
757075742
