153322044
150492767
0
994490869
0
0
0
855074869
0
788845897
849135324
558695774
329454393
0
0
0
739924836
452723945
0
786225052
0
0
0
185397693
73624630
988094148
0
836735505
57947855
705987810
106069205
0
0
885756183
494461680
182794483
0
482961814
31686100
0
0
249571642
543812012
0
722599260
646257792
522797180
715395324
0
0
0
0
0
0
800987853
0
471238317
359032678
37917578
46476458
209750220
0
0
644725461
0
0
173514981
0
957874535
0
793251229
0
0
245319979
0
0
530928442
0
0
667792793
124796231
341715881
803626681
0
627037444
379698354
2663571
181466184
253296541
438228547
58177506
474877083
341063485
0
973821452
665081306
257290440
408813281
743052703
757075742
