946701850
983965823
543510180
0
234696913
532101369
36100829
817231065
772588292
709229991
29442326
651065274
0
837031094
0
0
316959187
97361210
0
989103922
345758410
347379164
0
897533810
488460689
0
0
497682855
33909352
194898623
0
0
118515226
0
284902892
251441025
850822408
357498752
892873025
0
868895510
297839140
730368847
0
992156299
972227410
0
0
0
299755930
0
0
402173393
0
392007621
0
600084216
0
357374548
0
682498374
229969270
703893509
160006437
0
896839976
0
861092659
0
0
0
153577092
391132618
206706457
555452687
426359620
0
0
48378650
575069802
969029703
0
970951171
0
947120710
266182198
0
840858560
0
0
140931856
69396657
0
857525519
0
370641165
0
530263601
0
757075742
