0
0
0
387445433
53260884
0
253952014
537163051
36559794
0
511384985
0
832504854
740181150
330078867
405525929
569684673
0
0
827053910
613985912
647990716
75829151
918618470
295766219
845315492
0
0
129206830
666746707
586695222
81186019
0
35517922
0
392622181
0
722722877
685721668
0
788434307
768892726
0
40077820
0
9123371
323561314
796692990
0
587516129
108073151
600308634
754981523
0
241137079
340062008
0
493326003
556020498
0
0
738340196
0
498926021
0
325347515
409487317
948077772
947108758
0
184918431
215342510
229113566
245796555
0
582626157
53780615
616924979
543020688
115216284
805980681
0
610990728
0
0
0
243539165
288629782
844097162
0
930710968
0
830797347
2030159
239845933
479371232
470731791
0
0
757075742
