938322083
0
627807333
0
553973202
0
0
14048401
0
950421047
0
622576077
0
744029553
793127481
645301924
533609841
852154523
625396972
62789084
413008358
292040298
656049825
581436181
922659811
0
0
0
91815535
506836479
156002945
205212058
316354153
344645416
521003850
532634702
926445048
641763410
51967270
71465936
914350911
605429629
438577823
305179904
875770909
0
0
52592857
0
462980497
0
154054351
362315946
677185517
268818939
884118888
0
255128579
530422281
0
846288528
761786759
660152142
971682225
718528239
0
0
0
658580011
34582268
0
632630364
0
588491592
0
735071291
160960898
0
727293764
0
586792492
504726272
0
562968266
0
629794648
0
362470999
0
534416184
638907391
349383700
0
0
622222879
852972593
0
962872722
0
653230967
