624885832
833309143
968068549
16720417
467661900
0
983405586
43591434
547668905
950286049
530347421
0
0
909087345
658815045
0
794306626
14976636
357941460
150818230
715847749
638450467
0
0
155568509
0
879137806
428155583
300267776
779360110
39013493
751776921
685994614
809532425
0
0
28163073
678902785
0
0
384737877
0
0
0
648223577
543802491
989724142
912775148
737684281
859243240
810261712
47452267
92293540
828924000
747282627
253109333
0
0
0
0
186788465
575702303
672832471
0
150121637
490829349
26913306
692979194
940764458
0
115739473
607917641
124232345
544666731
389293764
274939318
970572382
275149470
43398782
296279774
0
685389686
0
764637117
472077860
0
0
0
0
302349927
463461342
652027965
0
206079831
0
0
278092741
0
0
653230967
