475040820
821423600
161407909
880735181
500071559
337741049
134440032
894840892
976405119
528519244
473904119
936942481
875766540
93375618
980295619
621222155
0
393457466
0
0
281655372
418588257
269174342
31667135
0
0
462648500
0
528191112
831811998
548436806
0
0
917468062
373787292
425247061
235798945
343156133
0
936315550
0
309019458
445517038
0
809205502
643466986
111402104
0
593063911
0
0
0
0
0
544170000
407280355
703041153
0
0
604420148
0
0
442150163
525973010
0
56398996
444187604
586369230
0
0
582348767
831224398
611844658
0
627825244
0
523314027
235150070
863343685
904161478
996641426
0
987003292
7628101
870962225
0
566245976
424711937
0
351006217
792851827
416889795
0
748684892
366061294
157519374
325293661
0
0
653230967
