0
0
682944657
750632782
263950446
693440161
405059290
525305126
44971279
123548737
0
741272096
576480062
0
677196555
0
145863649
0
0
0
987541820
0
714088381
470820324
0
893509858
0
0
258145392
0
374442624
393753011
495298252
455139328
0
454995497
462625493
552202545
35811919
51255305
465265116
941566057
0
0
13693679
125589277
112043856
363319212
137335443
0
537879005
391832147
249770061
497370697
240864641
759605535
795040537
357257319
368980616
431380735
0
0
537029864
676841674
895019784
920837864
26840710
751332513
0
263502877
277702209
0
0
0
0
626082982
381457361
545524136
0
0
607761482
0
0
28009274
414680764
644603294
346376037
227152293
336954403
0
931368743
0
0
832892719
847910835
348194200
670774296
826568069
360581997
653230967
