629582282
936488602
14854846
0
972850406
335643474
401801367
518359524
0
42431632
964390278
0
735641393
402072933
0
315498454
714104802
235533741
71997442
584545233
143385672
0
243017113
986234659
955040013
187506887
47264449
0
134183782
140053056
645326653
706116063
793388530
755635337
660249932
353063083
430541848
649487748
794806896
687747153
767623241
126463517
0
747626971
902663962
0
399391657
250746427
772740431
575395863
303440047
0
679682395
42006836
428515806
299713423
184748994
645210462
945657443
0
557567780
0
319506998
442313261
105279875
279244612
0
0
292271192
81182597
512138813
796457801
9489475
0
779996963
0
0
554953097
386741906
0
968699920
0
0
174798922
292466969
712372294
0
619500690
845962213
689514987
0
120760428
676736021
0
19979535
0
678571956
0
217447561
654818711
