213721346
242599023
719011592
0
422638207
728716801
710719728
177328520
0
443663955
995539661
0
0
0
582405109
301065834
482480764
189294107
882417753
263472408
583100647
887062292
558090353
374255923
176488287
958825157
132492749
27789769
297287037
0
0
2733249
643517198
0
20415575
953067857
741187620
775097358
886962523
0
0
200470715
427905931
0
777300562
720846544
750710999
724337098
0
0
27130388
0
795394225
271897224
0
477416145
174277900
228549886
311040431
448018321
0
112979795
35655010
672548352
477995182
830157127
0
578856875
696063246
559728207
431410446
0
987017946
596228600
0
764618175
20359182
100110130
700987736
110735835
955430096
125277734
196636668
0
652117321
0
337567542
0
334888715
638127432
901452440
0
413036927
615166995
0
873159689
314867764
312412687
939967121
654818711
