0
78456482
0
0
0
0
0
777893734
0
604682133
287313054
18854700
0
384800920
184197278
0
706753810
271532497
0
0
489011673
0
0
0
351440049
0
37457909
0
107890013
605091775
705461374
0
0
0
4862647
844229012
0
561169409
984895114
464445245
332174880
0
0
880532493
156463778
818950660
0
55846654
80248346
0
284282032
0
0
715769728
776116049
0
370472923
711813224
358362466
685530980
0
0
0
219437237
523302361
0
0
252774447
0
799955001
0
0
0
300665062
262033410
634949704
103097263
797520651
970845728
0
607801316
665696815
506883004
0
141871376
249946825
489169463
0
0
574588266
284657907
977483273
0
779759486
471634390
26604553
492953577
820251102
868477458
0
