0
0
808301897
261720790
977531917
943887024
386575182
669202979
15596949
248829528
0
809043374
0
0
240074811
944237498
0
434476781
0
844026500
0
214920173
243126027
235168757
527457750
0
0
99569749
610965671
850894673
737156319
0
0
101474726
43681672
993964864
282550519
962751610
892605704
971581092
405725642
796532362
0
50820876
676228111
140139206
770193038
595270236
0
487923226
0
0
0
227111899
0
615846551
262693649
0
142204617
903647779
177088898
777319624
905929917
0
770551984
0
230628127
0
0
468136062
670700970
0
0
0
690004221
453927481
404814382
543509507
0
0
839161761
0
84205052
0
800243127
0
0
201672939
88054212
485573550
486111277
0
799896071
435073942
665298836
676934530
818361538
717239767
0
934720874
