0
0
706651534
439786013
0
70411622
0
0
0
835773719
0
0
0
107157784
27212808
568144383
407628078
308471256
890881779
0
0
0
0
389644399
0
452029310
55646018
0
183690719
0
0
0
0
609100480
611850278
81354283
0
89798335
375537513
0
902011601
957022140
0
903873199
0
276820482
0
247728618
866180585
491460512
173243561
0
520317142
401318346
167571747
0
0
202957194
531303295
0
60875836
331999228
41144081
377266745
494524297
204472766
0
14917675
258313029
737340718
547977122
0
864190607
816321782
735386059
0
0
279715285
538800605
398883189
133272328
486405042
108067495
428620924
235325678
0
922342584
702608171
304830708
0
805406886
0
0
0
643476870
411624606
0
104535357
800931671
277585969
