0
195446564
0
0
444072852
778084252
651290493
106551438
911134858
200426090
557448604
0
202626207
762171260
650545787
366236002
308273891
0
340292947
673163067
0
712329933
939797483
335641826
554016734
83967923
930355857
433563173
0
544007022
0
351515534
0
643823440
221780063
0
560168027
928649207
0
0
813449281
0
0
507500355
835382123
595714551
818765786
903803407
812892503
302120663
0
356243729
145379535
890523412
197034524
0
830255325
455417316
481451898
664252730
865467535
641720563
0
651819458
723706784
0
362117142
672983186
585300229
0
842390686
12408245
105458005
899099132
137827044
794776215
0
238952245
0
0
851736082
0
614609070
333357848
611760079
773098316
512448099
0
744633737
0
960994945
305711099
0
0
681941799
0
384638824
994845367
0
288814453
