250948326
0
515672266
117415138
0
943489452
0
356291049
290182707
0
122787912
0
754341032
604979147
857022350
0
81702625
0
0
89145990
0
676564867
337352181
0
0
987759749
0
872625336
122743017
68743555
0
872814698
364019513
0
833106011
725626964
0
876532501
0
0
220970006
747553748
500343492
575652233
700360543
0
0
942404883
561316313
26006315
379284531
900072168
148248431
0
238945393
320489270
292046545
0
650615148
78055520
589245190
691678869
0
87665798
562074083
539714420
0
0
0
0
487684064
397335433
0
380095457
438173984
0
645148731
0
0
927577770
331855904
0
277668170
370017113
126446197
645891410
462190549
0
808819579
0
397898830
649474302
0
704417948
785364063
0
679948270
0
787966176
325741702
