181339332
0
866937436
0
0
586188939
388150021
350375270
526617589
0
146270980
835861243
620531857
0
0
0
528038697
0
0
0
328197644
0
923542580
437089449
529770895
676289969
0
0
334025255
0
740080070
719673898
0
569728310
503040208
0
480199492
301584908
355556441
0
0
986841112
464854678
72577707
735665364
419996957
0
244606568
134591168
440213244
699076084
77994626
0
817089637
190858015
686232200
436645473
0
237232447
669293477
896091042
0
279694289
0
680615495
0
188230205
944904693
996421026
0
88963396
331715928
66297983
560163807
490564041
427849993
0
855655939
513807529
865573437
398600124
38131186
128767223
846620722
0
272999134
0
633477323
419489139
893403386
768027647
0
0
553907145
193358151
304512784
192531947
0
413407276
313065456
