64
2400
128
443296
9600
443296
443296
2400
443296
128
443296
87360
2400
64
128
443296
443296
443296
512
1408
443296
9600
443296
87360
704
443296
704
704
2400
704
87360
704
4800
256
9600
128
352
704
443296
1408
704
128
2400
443296
1408
128
9600
87360
1408
443296
2400
87360
9600
443296
704
704
128
443296
19200
443296
704
2400
443296
443296
2400
256
2400
443296
87360
443296
9600
443296
443296
87360
87360
128
64
256
443296
9600
256
443296
443296
1408
443296
443296
443296
19200
443296
443296
443296
87360
704
2400
512
443296
2400
256
2400
443296
