337761299
0
323247677
255926292
641237598
0
928590100
632410002
0
692806898
619290817
609960815
198014851
901614990
115942448
839181610
0
150453007
0
428776749
264582678
520391552
137728955
154909653
46509249
159286148
0
753746292
0
367486444
664949459
707180625
368527247
632739743
517352098
981439128
0
0
109845911
0
0
336778280
635821706
483170157
0
688829558
818603019
0
0
0
756230507
11472942
0
911400556
505135794
5374937
0
0
0
638366295
48090847
72848724
603417864
253106831
691082650
512002261
433101481
0
615558153
426984972
636659623
812753717
0
0
209944141
438981228
598869038
179399877
0
0
853615730
895060120
288228652
939860539
747512548
0
324739529
844106242
544518754
0
418969047
287889359
0
275974363
398455556
247980019
295717907
627686352
111139693
313065456
