256
87360
2400
87360
128
2400
64
352
9600
704
704
128
128
128
2400
128
2400
2400
2400
64
128
1408
128
9600
443296
128
128
9600
9600
443296
0
443296
256
2400
0
64
87360
443296
443296
128
0
443296
0
256
443296
443296
1408
9600
128
443296
704
443296
0
443296
2400
704
443296
87360
2400
704
443296
87360
2400
128
443296
0
443296
256
64
64
87360
704
87360
128
256
0
512
443296
352
1408
0
128
512
443296
1408
0
87360
0
0
87360
1408
128
2400
0
256
443296
2400
9600
256
443296
