100 10
1 2 1 2 1 1 1 1 5 10
1 1 1 1 1 1 1 1 9 10
1 2 1 1 1 1 1 8 1 10
1 1 1 1 1 1 2 1 1 10
1 1 2 4 1 1 1 1 5 10
1 1 3 1 1 1 1 1 9 10
1 1 3 1 2 1 2 1 4 10
1 1 1 1 1 3 1 8 1 10
1 1 1 1 1 1 1 1 3 10
1 1 3 1 1 1 2 3 1 10
1 1 1 1 1 1 6 1 2 10
1 1 1 3 1 1 1 1 5 10
1 1 3 1 5 1 1 1 9 10
1 1 1 4 1 1 1 1 5 10
1 1 1 1 1 1 7 1 1 10
1 1 1 1 1 1 2 4 8 10
1 1 1 1 1 1 7 1 1 10
1 2 1 1 1 1 1 1 7 10
1 1 1 2 1 1 1 3 1 10
1 2 1 1 1 1 4 1 7 10
1 1 1 1 1 5 1 1 3 10
1 1 1 1 1 6 1 1 1 10
1 1 3 1 1 1 1 1 5 10
1 1 1 1 1 1 1 3 1 10
1 1 1 1 1 1 1 1 1 10
1 1 1 1 1 3 1 7 1 10
1 1 1 1 1 1 1 4 8 10
1 1 1 1 1 1 1 8 1 10
1 1 1 1 1 1 1 8 1 10
1 1 1 1 1 1 1 1 1 10
1 2 1 2 1 1 5 6 1 5
1 1 1 1 1 1 1 1 1 10
1 2 1 2 1 1 1 1 5 10
1 1 1 1 1 1 7 1 2 10
1 1 1 1 1 6 1 1 3 4
1 1 1 4 1 1 1 4 1 10
1 1 1 1 1 1 1 1 9 10
1 1 1 1 1 1 1 1 1 10
1 1 1 1 1 1 1 1 1 10
1 1 3 1 1 1 1 1 5 10
1 1 1 1 1 6 1 1 5 10
1 1 1 1 1 1 1 1 1 10
1 1 1 1 1 6 1 7 2 10
1 2 1 1 1 1 1 4 9 10
1 1 1 1 1 1 1 1 1 10
1 1 1 1 1 1 1 1 1 10
1 1 1 1 1 6 1 1 1 10
1 1 1 1 1 1 1 8 1 10
1 1 2 4 1 1 1 8 1 10
1 1 1 1 1 1 1 1 1 10
1 1 1 1 1 1 6 7 1 10
1 1 1 1 1 1 1 1 1 10
1 2 1 1 5 1 4 1 1 10
1 1 1 1 1 1 1 1 1 10
1 1 1 1 1 1 1 4 1 10
1 2 1 1 1 3 1 1 2 10
1 1 1 1 1 1 1 1 1 10
1 1 1 1 1 1 2 1 1 10
1 1 1 1 1 1 2 8 1 10
1 1 1 2 1 1 2 4 1 10
1 1 1 1 1 1 1 1 1 10
1 1 1 1 1 1 1 1 9 10
1 1 1 1 1 1 7 1 1 10
1 1 1 1 5 1 1 3 1 10
1 1 1 1 1 1 1 1 1 10
1 1 1 1 1 1 1 8 1 8
1 1 1 1 1 1 1 1 1 10
1 2 1 1 1 1 5 1 2 10
1 1 1 4 1 1 1 4 1 10
1 1 1 4 1 1 3 1 2 10
1 1 1 1 1 1 1 1 9 10
1 1 1 1 1 1 6 1 2 10
1 1 1 1 1 1 2 1 1 10
1 1 3 1 1 1 1 5 1 10
1 1 1 4 1 1 2 1 2 10
1 1 1 3 4 2 1 4 1 10
1 1 1 1 5 1 2 1 1 10
1 1 1 1 1 1 1 1 1 10
1 1 1 1 1 6 1 1 3 10
1 1 1 1 1 1 1 6 1 10
1 1 3 4 2 1 2 1 2 10
1 1 1 3 1 2 1 1 3 10
1 2 1 1 1 6 1 1 1 10
1 1 1 1 1 1 1 1 1 10
1 1 1 1 1 1 5 1 1 10
1 1 1 4 1 1 3 5 9 10
1 1 1 1 1 1 1 1 9 10
1 1 2 1 2 1 2 6 2 10
1 1 1 4 1 5 1 2 1 10
1 1 1 1 1 1 1 1 9 10
1 1 1 1 5 1 1 1 1 10
1 1 1 3 1 1 3 1 2 10
1 1 1 1 1 1 7 1 1 10
1 1 1 1 1 1 7 6 2 10
1 2 1 1 1 4 1 1 2 10
1 1 1 1 1 1 1 1 1 10
1 1 1 1 1 1 4 1 1 10
1 1 1 1 1 1 3 1 1 10
1 2 1 1 3 1 2 1 2 10
1 1 1 1 1 1 1 1 1 10
