0
124517816
279176824
0
313736242
641602275
219282622
982078711
627084310
386789827
196266466
570835817
0
0
0
66172293
965887323
866900881
242887897
330523561
435058013
700982748
0
387364694
0
25816109
656185092
979048755
0
223250777
522483420
659278278
25727340
225914951
0
352020570
0
0
5196299
514987073
821767721
0
97289167
0
0
825683323
517230583
0
505557021
0
88360844
12788064
512044619
857244847
20460108
25428830
486367375
367918639
602946417
0
657934558
0
424674201
876803510
0
398970232
249150482
948906276
735526469
937869538
420970403
0
254834003
821945521
548627253
0
0
551496323
721422833
528597013
451045480
0
254011410
163328833
958584445
487425383
530380713
661461542
568236328
0
708254059
481228073
646488271
0
276323482
0
596589668
613429318
0
625692461
