100 100
1 1 1 1 1 1 1 1 1 1 1 1 13 1 1 1 1 1 1 1 1 1 1 1 1 1 1 1 1 1 1 1 1 1 1 7 1 1 1 1 1 1 1 1 1 1 1 1 24 1 28 1 1 1 1 1 1 1 1 1 1 1 1 1 1 1 1 1 1 1 1 1 1 61 1 1 2 1 1 25 1 1 1 1 1 1 1 1 1 1 1 3 8 1 1 1 1 21 1 100
1 1 1 1 1 1 1 1 1 1 1 1 1 1 1 1 1 1 1 1 1 1 6 1 12 1 1 1 1 1 1 1 1 1 1 1 37 1 1 1 1 1 1 1 1 1 1 1 1 1 1 15 1 1 1 1 1 1 1 1 1 1 11 1 1 1 1 1 4 1 1 1 1 1 1 1 1 1 9 1 1 1 1 1 1 1 24 1 1 1 1 1 1 7 1 2 1 1 3 100
1 1 1 1 1 1 1 1 1 1 1 1 1 1 1 1 1 1 1 1 1 1 1 1 1 1 1 3 11 1 1 1 1 1 1 1 2 1 1 1 1 1 1 1 1 1 1 1 1 1 1 1 3 8 1 40 1 1 1 1 1 1 5 1 1 1 1 1 1 1 1 1 73 1 1 1 1 1 6 1 1 1 1 1 1 1 1 9 1 1 1 1 1 1 1 1 9 1 1 100
1 1 1 1 1 1 1 1 1 1 1 1 1 1 1 1 1 1 1 1 1 1 1 1 1 1 1 1 1 1 1 1 7 1 1 1 1 1 29 1 1 1 1 1 1 1 1 1 1 1 1 1 1 1 1 1 1 1 1 4 1 1 1 1 10 12 1 66 1 1 1 1 1 1 1 1 1 1 1 6 81 1 1 1 1 1 25 7 1 1 1 1 4 6 1 1 3 4 1 100
1 1 1 1 1 1 1 1 1 1 1 1 3 1 1 1 1 1 1 13 1 1 3 1 1 3 1 27 1 1 1 1 1 1 1 1 1 1 1 1 1 1 2 1 8 1 1 1 21 1 1 1 1 1 1 1 5 1 1 1 1 1 1 1 1 1 1 1 1 1 1 2 1 1 1 8 1 1 1 1 1 3 1 32 1 1 1 1 1 1 1 1 1 1 2 1 10 1 50 100
1 1 1 1 1 1 1 1 1 1 1 1 1 1 1 1 1 1 1 1 1 1 1 1 1 1 1 1 1 1 1 1 1 1 1 5 1 1 1 1 1 13 22 1 1 1 1 1 1 1 40 1 1 1 1 1 1 1 1 1 1 1 1 1 1 1 1 67 1 1 1 1 1 1 1 1 1 1 1 1 1 1 1 1 1 1 17 1 1 1 91 1 1 1 4 1 1 1 2 100
1 1 1 1 1 1 1 1 1 1 1 1 1 1 1 1 1 1 1 1 1 1 1 1 1 1 3 4 1 1 1 1 1 1 1 1 2 1 1 8 1 1 29 1 1 1 1 1 1 1 1 1 1 1 1 1 1 1 1 1 1 1 1 1 1 1 1 1 1 1 8 1 18 1 1 1 1 1 1 1 1 1 1 1 1 1 2 1 1 9 1 1 1 1 1 1 1 84 1 100
1 1 1 1 1 1 1 1 1 1 1 1 13 1 1 1 1 1 1 1 1 1 1 1 1 1 1 1 1 1 1 1 1 1 1 1 1 1 9 1 1 1 1 1 32 1 1 1 1 1 1 1 8 1 1 1 1 1 1 1 1 1 1 1 1 1 1 1 1 1 1 1 1 1 22 1 1 1 1 1 1 1 1 1 1 1 1 1 1 1 1 1 6 1 1 1 4 1 23 100
1 1 1 1 1 1 1 1 1 1 1 1 1 1 1 1 1 1 1 1 1 4 5 1 1 1 1 1 1 6 1 1 1 1 1 1 1 32 1 1 1 1 1 1 1 1 1 1 1 1 1 1 1 1 1 1 3 1 1 11 1 1 1 1 1 1 1 64 1 1 1 1 1 1 1 1 1 1 1 1 1 4 14 84 1 1 1 1 1 1 1 1 2 1 11 1 1 1 4 100
1 1 1 1 2 1 1 8 1 1 1 1 1 1 1 1 1 1 1 1 1 1 1 1 1 1 1 2 1 1 1 1 1 1 1 1 1 1 1 1 1 1 1 1 1 7 1 1 35 1 1 1 1 1 1 1 1 1 2 1 1 1 1 1 1 1 1 19 1 1 1 1 1 1 1 1 1 1 1 1 9 74 1 1 1 1 1 1 1 1 1 1 1 12 1 2 1 1 1 100
1 1 1 1 1 1 1 1 1 1 1 1 1 1 1 1 1 1 1 1 1 1 1 1 1 1 1 1 1 1 1 1 1 5 1 1 1 1 1 1 1 1 1 1 1 1 1 1 1 1 1 1 1 1 8 1 1 21 1 1 1 1 5 1 1 1 1 4 1 58 1 1 1 1 1 1 1 1 1 1 1 1 1 1 1 1 1 1 1 1 1 1 1 1 1 1 1 1 15 100
1 1 1 1 1 1 1 1 1 1 1 1 9 1 1 1 1 1 1 1 1 1 1 1 1 1 1 1 1 1 1 1 1 1 1 1 1 1 1 1 1 14 16 1 1 1 1 1 1 1 1 1 1 1 1 1 1 1 1 1 1 1 1 1 1 1 1 1 1 1 6 1 1 1 1 1 1 33 1 1 1 1 2 1 4 1 1 1 1 1 1 1 1 1 95 1 2 1 1 100
1 1 1 1 1 1 3 1 1 1 1 1 1 1 1 15 1 1 1 1 1 1 1 1 1 1 1 1 1 10 1 1 1 15 1 1 1 1 1 1 1 4 1 1 1 45 1 1 1 1 1 1 1 4 1 1 1 1 1 1 14 1 1 1 1 1 1 1 49 1 3 11 1 1 1 1 1 5 1 1 1 1 1 12 1 1 1 1 1 1 7 1 1 1 1 1 1 1 7 100
1 1 1 1 2 1 6 7 1 1 1 3 1 1 15 1 1 1 1 1 1 1 1 1 3 9 20 1 1 15 1 1 1 1 1 1 1 1 1 1 1 1 1 1 1 1 1 1 1 1 1 1 1 1 1 1 1 10 1 1 1 1 1 1 1 1 1 1 1 1 1 1 1 1 1 3 1 6 1 1 3 10 1 1 1 22 1 1 59 1 1 1 4 1 1 1 4 1 1 100
1 1 1 1 1 1 1 1 1 1 1 1 1 1 1 1 1 1 1 1 1 1 1 1 1 1 1 19 1 1 1 1 1 1 1 3 1 1 1 1 1 2 1 1 1 16 1 1 1 1 1 1 1 1 1 1 1 1 1 1 1 1 1 1 6 1 1 3 20 1 1 2 26 1 6 47 1 1 1 1 1 1 1 83 1 1 1 1 1 1 1 1 1 1 1 12 1 1 1 100
1 1 1 1 1 1 1 1 1 1 1 1 1 1 1 1 1 1 1 1 1 1 1 1 1 1 1 1 1 1 1 1 1 1 1 1 1 1 1 1 1 1 1 1 1 1 1 1 1 1 1 1 1 1 1 1 1 1 1 1 1 1 1 1 1 1 1 6 1 1 1 1 1 1 1 25 1 1 2 1 1 1 1 84 1 2 1 1 1 1 1 1 1 1 1 1 1 1 12 100
1 1 1 1 1 1 1 1 1 1 1 1 1 1 1 1 1 1 4 1 1 1 1 1 1 1 1 1 1 1 1 1 1 34 1 1 1 1 1 1 1 1 1 1 1 1 1 1 1 1 1 1 1 3 1 1 1 1 10 1 1 1 1 1 1 1 1 1 1 1 1 1 1 1 1 1 1 1 1 1 1 1 1 1 1 1 1 1 1 1 1 9 1 1 60 1 1 3 1 100
1 1 1 1 1 1 1 1 1 1 1 1 1 1 1 12 1 1 18 1 1 1 1 1 1 1 1 1 1 1 1 1 1 1 1 1 1 1 3 1 1 1 1 1 1 1 1 1 1 1 1 1 1 1 1 1 1 1 1 1 1 1 10 1 1 16 1 1 1 1 1 1 1 3 1 9 1 12 1 1 1 1 1 1 3 1 47 1 1 1 1 1 1 1 69 1 2 1 1 100
1 1 1 1 1 1 1 1 1 1 1 1 1 1 1 1 1 1 1 1 1 1 15 1 1 1 1 1 1 1 1 1 1 1 1 1 1 1 1 1 1 1 1 1 1 1 1 1 1 1 1 1 1 3 1 1 1 1 1 1 1 1 1 1 1 1 39 1 1 1 1 1 1 1 1 1 1 1 12 1 1 1 1 1 1 1 1 1 1 1 1 2 1 1 1 1 1 1 1 100
1 1 1 1 1 1 1 1 1 1 1 1 1 1 1 1 1 18 1 1 1 1 1 1 1 1 1 1 1 1 1 1 3 1 1 1 1 1 1 1 1 1 1 1 1 1 1 1 1 1 1 1 1 1 1 1 1 3 1 2 1 15 1 1 1 1 1 4 1 41 1 1 1 1 1 1 1 1 1 1 1 1 1 9 1 1 1 1 1 15 1 1 1 1 1 78 1 1 3 100
1 1 1 1 1 1 1 1 1 1 1 1 1 1 1 1 1 1 1 1 1 1 6 1 1 11 1 13 1 1 1 1 1 1 1 30 1 1 1 1 1 1 1 1 1 1 1 1 1 1 1 1 1 1 1 3 1 1 1 1 1 1 1 1 3 23 1 1 1 1 1 1 1 1 1 1 1 1 1 74 1 1 1 1 1 1 1 1 1 1 1 1 1 1 1 1 1 1 1 100
1 1 1 1 1 1 1 1 1 1 1 1 1 1 1 1 1 1 5 1 1 1 1 1 1 1 1 1 1 1 24 1 1 1 1 1 1 1 1 1 1 1 1 1 1 1 1 1 1 1 1 1 1 1 1 8 1 1 1 1 1 1 1 1 1 1 1 5 1 10 1 31 1 1 1 1 1 1 1 1 1 1 1 1 5 1 1 1 55 1 1 1 1 1 1 1 1 5 1 100
1 1 1 1 1 1 1 1 1 10 1 1 1 1 1 1 1 1 1 5 1 1 1 1 1 1 1 1 1 1 1 1 1 1 1 4 1 1 1 1 41 1 1 1 1 1 1 1 1 2 1 1 1 1 1 1 1 1 18 1 1 1 1 1 1 1 1 1 1 1 4 10 1 1 1 1 1 1 1 1 1 9 1 1 1 1 3 1 6 31 1 1 12 1 1 1 7 1 2 100
1 1 1 1 1 1 1 1 1 1 1 1 6 1 1 1 1 1 1 1 1 1 1 1 1 1 1 1 1 1 1 1 10 1 1 1 1 1 1 1 1 1 1 1 26 1 1 1 1 1 51 1 1 1 4 1 1 1 1 1 1 1 1 1 1 1 1 1 1 1 1 1 1 1 1 1 1 1 1 1 1 1 1 33 1 1 1 1 1 1 1 1 1 1 1 12 1 1 3 100
1 1 1 1 1 6 1 1 1 7 1 1 1 1 2 1 4 1 1 1 1 1 1 6 1 1 1 1 1 1 1 1 1 1 1 1 1 1 1 1 41 1 1 1 1 1 1 1 1 1 1 1 1 1 1 1 1 1 1 7 1 1 1 1 1 25 1 1 1 1 1 1 1 1 1 1 1 1 1 3 10 1 1 1 1 1 1 1 1 24 1 1 1 1 4 1 2 1 1 100
1 1 1 1 4 1 1 1 1 1 1 1 1 1 1 1 1 10 1 1 1 1 1 1 1 1 1 1 1 1 1 1 1 1 1 1 1 1 1 1 1 1 1 1 1 1 1 1 1 1 2 1 1 1 1 8 1 1 1 1 56 1 1 1 1 1 1 1 1 1 1 1 1 1 5 15 1 1 1 1 1 1 1 1 1 1 1 1 1 1 1 2 1 1 1 11 1 1 23 100
1 1 1 1 1 1 4 1 1 1 2 1 1 3 13 1 1 1 1 1 1 1 1 1 1 1 1 1 1 1 7 1 16 1 35 1 1 1 1 1 1 1 1 1 1 1 3 1 1 3 1 1 1 1 1 1 1 1 7 1 1 1 1 2 24 1 1 1 1 1 1 1 38 1 1 1 1 1 1 1 1 1 10 1 2 1 1 1 1 1 1 1 1 1 1 1 2 5 14 100
1 1 1 1 1 1 1 1 1 1 1 1 1 1 1 1 1 1 1 1 1 1 1 1 1 1 1 1 1 1 1 1 1 1 1 1 1 1 1 13 1 1 1 1 1 1 1 1 1 1 1 1 1 1 1 1 1 1 1 1 9 15 1 1 1 1 1 1 1 29 1 1 1 1 1 1 1 1 1 1 1 1 1 7 8 1 1 1 1 1 1 1 8 1 1 1 12 1 1 100
1 1 1 1 1 2 1 1 5 1 1 12 1 1 1 1 1 1 1 1 1 1 1 1 1 1 1 1 1 1 1 1 1 1 1 1 1 1 1 1 1 1 1 1 1 1 1 1 1 1 1 1 1 1 1 1 1 1 1 48 1 1 1 1 1 1 1 1 1 1 1 1 1 1 12 1 1 15 1 1 1 1 1 1 1 1 1 1 1 1 1 80 1 34 1 1 3 1 2 100
1 1 1 1 1 1 6 1 1 1 1 1 1 1 1 1 1 1 1 1 1 1 1 10 1 1 1 1 1 1 1 22 1 1 1 1 1 1 1 1 1 1 1 1 1 7 1 1 1 1 1 1 2 1 1 1 50 1 1 1 1 1 1 1 1 1 1 1 1 1 1 2 1 4 1 1 18 1 1 1 1 1 1 1 1 1 1 1 1 1 13 1 1 1 4 1 1 3 1 100
1 1 1 1 1 1 1 1 1 1 1 1 1 1 1 1 1 1 1 1 2 12 1 1 1 1 1 1 1 1 1 1 1 33 1 1 1 1 1 1 1 1 1 1 1 1 1 1 1 1 1 1 1 11 1 1 1 1 1 1 1 1 63 1 1 1 1 1 1 1 1 1 1 1 1 1 1 1 1 1 1 1 1 1 1 1 1 1 1 1 1 1 1 1 17 33 1 1 3 100
1 1 1 1 5 1 1 1 1 1 1 1 1 1 1 1 1 1 1 1 1 1 12 1 1 1 1 1 1 1 24 1 1 1 1 1 3 1 1 1 1 1 1 1 1 1 1 1 1 1 1 1 1 1 13 1 1 1 54 1 1 1 1 1 1 4 1 1 1 1 1 1 4 1 7 1 1 1 1 1 1 1 2 3 1 1 1 1 30 1 2 1 1 3 1 1 3 1 2 100
1 1 1 1 1 1 1 1 1 1 1 1 1 1 8 1 1 1 1 1 1 1 1 2 1 1 1 1 8 1 1 1 1 1 1 1 1 1 1 25 1 1 1 1 1 1 2 1 1 49 1 1 1 1 1 1 1 1 1 1 1 1 1 1 1 1 1 1 1 1 1 1 1 1 1 1 1 1 1 1 1 2 1 1 85 1 2 1 1 1 1 1 1 1 8 1 2 3 1 100
1 1 1 1 1 1 1 1 1 1 1 1 1 1 1 1 1 1 1 1 1 1 1 1 1 1 1 1 1 1 1 1 1 1 1 1 1 1 1 1 1 1 1 1 1 1 1 1 1 1 1 1 2 1 1 14 1 1 1 1 3 1 1 1 1 1 1 1 1 1 1 3 5 1 1 1 1 1 1 43 1 1 1 1 1 1 1 1 1 1 1 92 1 1 1 1 5 1 1 100
1 2 1 1 5 1 1 1 1 1 10 1 1 1 1 1 1 1 1 1 1 1 1 1 1 1 1 1 1 1 1 1 1 1 1 1 1 1 1 1 3 1 1 1 1 3 1 27 1 1 1 1 3 1 1 1 1 1 1 1 1 56 1 1 1 1 1 1 1 1 1 1 1 1 1 1 15 1 1 1 1 1 1 1 1 1 1 1 1 13 1 1 1 1 1 1 3 1 9 100
1 1 1 1 1 1 1 1 1 1 1 1 1 1 1 1 1 1 1 1 1 1 1 1 1 1 1 1 1 1 1 1 1 1 1 3 1 1 1 1 1 1 1 1 1 1 1 2 3 1 1 21 1 1 3 1 1 1 1 1 56 1 1 1 1 1 1 1 1 1 1 1 1 1 1 1 1 2 1 1 1 1 1 12 1 1 1 1 5 1 1 1 1 1 1 1 1 1 1 100
1 1 1 1 1 1 1 1 1 1 1 1 1 2 13 13 1 1 1 1 1 1 1 1 1 1 1 1 1 1 1 1 1 1 1 1 1 1 1 14 1 1 1 1 1 1 1 1 1 1 1 1 10 1 1 55 57 1 1 1 1 1 1 1 1 1 1 1 1 1 1 1 1 1 1 1 4 1 1 1 1 1 20 1 1 29 1 1 1 2 5 1 1 1 1 5 1 2 1 100
1 1 1 1 1 1 1 1 1 1 1 1 1 1 1 1 1 1 1 1 1 1 1 1 1 1 1 1 1 1 4 1 16 1 1 1 1 1 1 1 1 1 1 1 1 1 1 9 1 1 1 1 1 4 1 1 1 1 44 1 1 3 63 1 1 1 4 1 1 1 1 68 1 1 1 1 1 1 1 1 1 1 1 1 1 1 1 1 1 22 1 1 2 1 1 3 1 1 3 100
1 1 1 2 1 1 1 1 1 1 1 1 1 1 1 1 1 1 1 1 1 1 1 1 1 5 1 1 1 1 1 1 1 1 1 1 1 2 1 24 1 1 1 1 1 1 1 1 1 1 1 41 1 2 1 1 51 1 1 1 1 1 3 1 1 9 1 1 1 1 1 1 1 1 1 1 1 1 1 1 76 1 1 1 1 1 1 1 1 1 1 1 1 1 1 1 1 1 1 100
1 1 1 4 5 1 1 1 1 1 1 1 1 1 1 7 1 1 1 1 1 1 1 1 4 1 1 1 1 1 1 1 1 1 1 1 1 1 1 1 1 17 1 39 1 1 1 1 2 5 1 1 1 1 1 1 1 1 1 1 1 1 1 1 1 1 4 5 7 1 1 1 1 1 1 1 1 1 1 1 5 1 1 1 1 1 1 1 5 7 1 1 1 1 1 1 53 1 1 100
1 1 1 1 1 1 1 1 8 10 1 1 1 1 1 1 1 1 5 1 1 1 3 1 12 1 1 1 1 1 1 3 1 1 9 1 2 3 28 1 1 1 1 1 1 1 1 1 1 1 1 1 1 1 1 6 1 1 1 1 1 1 15 1 1 1 1 1 1 1 1 1 1 1 1 1 37 1 1 1 1 1 1 1 1 1 1 1 79 1 1 1 1 4 1 1 1 4 1 100
1 1 1 1 1 1 1 1 1 1 1 1 1 1 1 1 1 1 1 1 1 1 1 1 1 1 1 1 1 30 1 1 1 1 1 1 1 1 9 1 1 1 1 1 1 40 1 1 1 1 1 1 1 1 1 1 6 1 1 1 11 1 1 1 1 1 1 1 1 21 1 1 1 1 1 1 1 6 1 1 1 43 1 1 1 1 1 1 2 8 1 2 1 1 1 1 1 4 1 100
1 1 1 1 1 1 1 1 1 1 1 1 1 1 2 1 1 1 1 1 1 1 1 1 1 1 1 1 1 1 1 1 1 1 1 3 1 1 1 1 1 1 1 1 1 34 1 1 1 1 1 1 1 1 1 1 1 8 1 1 1 1 1 1 1 1 1 1 1 1 9 1 1 1 74 1 1 1 1 2 1 1 7 1 1 1 1 1 1 1 1 1 1 1 1 1 4 1 1 100
1 1 1 1 1 1 1 1 1 1 1 1 1 1 11 1 1 1 1 1 1 22 1 1 1 1 1 1 1 1 1 1 1 1 1 1 3 1 1 1 7 1 17 1 1 1 1 1 1 1 1 1 12 1 1 1 1 1 1 5 1 1 1 1 1 1 1 46 1 1 1 1 1 2 7 1 9 1 1 1 1 1 1 1 1 1 1 11 1 1 1 3 1 1 7 1 1 3 1 100
1 1 1 1 1 1 1 1 1 1 1 1 1 1 1 5 1 1 1 1 1 1 1 20 1 1 1 1 1 1 1 1 1 1 1 1 1 1 1 1 1 9 1 1 1 1 1 1 1 1 1 1 1 1 1 1 1 1 1 1 57 32 60 1 1 1 1 1 1 1 1 1 1 1 5 1 1 1 1 1 1 2 3 1 1 86 1 1 1 1 5 1 1 1 1 5 1 1 3 100
1 1 1 1 1 1 1 1 1 1 1 1 1 14 1 1 1 1 1 1 1 1 1 1 5 1 1 14 1 1 1 1 1 1 1 1 1 1 1 1 1 1 1 1 1 1 1 1 1 1 1 1 5 1 1 1 1 30 1 1 1 1 1 1 1 1 1 1 1 11 1 1 1 1 1 1 1 1 1 1 1 1 1 1 1 12 1 1 19 1 1 1 1 1 1 6 1 1 1 100
1 1 3 1 1 1 1 1 1 10 1 1 1 1 1 1 1 1 1 1 1 1 1 1 1 1 1 1 1 1 1 1 1 1 2 4 1 1 1 1 1 1 12 16 1 1 1 1 36 1 1 1 1 1 1 1 1 1 1 1 1 1 1 1 1 1 1 1 1 2 1 1 1 2 16 1 1 1 1 5 1 1 1 1 1 1 1 1 40 1 1 1 1 1 1 1 87 1 2 100
1 1 1 1 1 1 1 1 1 1 1 1 1 1 1 1 1 1 1 1 1 1 1 1 1 1 1 23 1 1 1 1 1 1 2 1 1 1 1 1 1 1 19 1 1 28 1 1 1 1 1 1 3 1 55 1 1 1 1 1 1 1 1 1 1 1 1 1 1 1 1 1 1 1 1 1 1 1 1 1 1 1 5 1 1 1 1 15 1 1 91 1 1 1 1 1 6 1 2 100
1 1 1 1 1 1 1 1 1 1 1 1 1 1 1 1 1 1 1 1 1 1 1 1 1 1 1 1 1 1 1 1 1 4 6 1 1 1 1 1 1 16 1 1 1 1 1 1 1 1 1 1 1 1 1 2 1 1 1 1 13 1 1 1 1 1 1 1 1 1 1 10 1 1 1 1 1 1 1 1 1 1 2 1 1 1 1 67 1 1 1 1 4 1 1 1 1 1 1 100
1 1 1 1 1 1 1 1 1 1 1 1 1 1 1 1 1 1 1 1 1 1 10 1 1 1 1 1 1 30 1 1 1 1 1 1 1 1 1 1 1 1 1 1 3 7 1 13 1 1 6 1 1 1 1 1 1 1 1 1 31 1 1 1 1 1 1 1 1 1 1 1 1 1 1 1 16 1 1 1 1 1 6 1 1 1 1 1 1 7 1 1 1 1 1 1 7 1 2 100
1 1 1 1 1 1 1 1 1 1 1 1 1 4 1 1 1 1 1 1 1 1 1 1 1 1 4 1 1 1 1 9 1 1 1 4 1 1 1 35 1 1 1 1 1 1 1 1 1 1 1 1 1 1 1 1 1 1 1 1 1 1 1 1 1 1 1 1 1 1 1 1 1 1 4 1 1 1 1 1 22 1 1 1 1 1 1 4 1 1 1 1 1 1 1 1 49 56 1 100
1 1 1 1 1 1 1 1 1 1 1 1 1 1 1 1 1 1 1 1 1 1 1 1 1 1 1 1 4 1 9 1 1 25 1 1 36 1 1 1 1 1 1 1 1 1 1 1 1 1 1 1 1 1 1 1 1 1 1 1 1 1 1 1 1 1 1 1 1 1 1 1 1 1 1 1 1 5 1 1 1 16 1 1 1 35 1 1 1 1 1 1 1 1 1 1 1 1 55 100
1 1 1 1 1 1 1 2 1 1 1 1 1 1 1 1 1 1 1 1 1 1 1 1 1 1 1 1 1 1 1 1 1 1 1 1 1 1 1 1 1 5 40 1 1 1 1 1 1 1 1 1 1 1 1 1 1 1 1 1 1 1 1 5 1 1 1 1 1 1 1 1 1 3 1 1 1 1 1 1 1 1 1 1 1 3 1 1 1 1 1 1 1 15 1 1 1 1 1 100
1 1 1 1 1 1 1 1 1 1 1 1 1 1 1 1 1 1 1 1 1 1 1 1 1 1 1 1 1 1 1 1 1 1 1 1 1 5 1 1 1 1 2 14 1 1 1 1 1 1 1 1 1 1 1 1 1 1 1 1 1 1 1 3 1 1 1 1 1 1 1 1 1 1 1 1 1 1 62 1 1 1 1 1 1 1 1 1 1 1 1 1 1 1 1 1 1 1 2 100
1 1 1 1 1 1 1 1 1 1 1 1 4 1 1 1 1 1 1 1 1 1 1 1 1 7 1 1 1 1 1 1 1 1 1 1 1 1 1 1 1 1 1 1 1 1 1 1 1 1 1 1 1 10 1 1 1 1 1 1 1 1 1 1 1 1 1 2 38 1 1 1 1 1 1 1 1 1 1 1 1 1 1 2 1 1 1 1 1 1 1 1 1 1 1 1 1 1 21 100
1 1 1 1 1 1 1 1 1 1 1 1 1 1 1 1 1 1 1 1 1 1 1 1 1 1 1 1 1 1 1 1 17 1 1 1 1 1 30 1 1 1 1 1 1 1 1 1 1 1 1 1 1 2 1 1 1 3 1 1 1 1 1 1 1 1 8 1 1 1 25 1 1 1 1 1 1 1 1 1 1 1 1 1 1 86 1 1 1 1 1 6 1 1 1 3 1 1 2 100
1 1 1 1 1 1 1 1 1 1 1 1 1 1 1 1 13 1 1 1 1 1 1 1 1 1 1 1 3 1 1 1 1 1 1 1 1 1 1 40 1 1 1 1 1 1 1 1 1 1 1 1 1 1 1 1 1 1 1 1 1 1 1 1 1 1 1 1 21 1 1 1 1 1 1 1 1 1 1 1 1 1 1 1 1 1 1 1 1 2 1 52 1 1 1 1 2 6 1 100
1 1 1 1 1 1 1 1 1 1 1 1 1 1 1 1 1 1 1 1 1 1 1 1 1 1 1 1 1 1 1 1 1 1 1 1 1 11 1 1 1 1 1 1 1 1 1 1 24 1 2 1 1 1 1 1 1 1 1 1 1 1 1 1 1 1 1 3 1 1 1 1 1 59 1 1 1 1 1 1 1 1 1 1 1 1 1 1 1 3 1 1 1 1 1 1 1 2 1 100
1 1 1 1 1 1 1 1 1 1 1 1 1 1 1 1 1 1 2 1 1 1 1 1 12 1 1 1 1 1 1 1 1 1 1 1 1 1 7 12 36 1 1 1 1 1 1 1 1 1 1 1 1 1 1 1 1 1 1 1 1 1 1 1 1 1 1 1 1 1 1 1 1 3 1 1 1 1 11 1 1 1 1 84 1 1 1 1 1 1 4 1 9 1 1 1 1 5 1 100
1 1 1 1 1 1 1 1 1 1 1 1 1 1 1 1 1 1 1 1 1 1 1 11 1 1 1 1 1 1 1 1 2 1 1 1 1 26 1 2 1 1 43 1 1 1 1 1 1 1 1 1 1 1 1 1 1 1 1 1 1 1 1 1 1 1 1 1 1 1 1 1 1 1 32 1 1 1 1 1 1 1 1 1 1 1 1 1 1 1 1 17 1 1 1 4 71 1 2 100
1 1 1 1 1 1 1 1 1 1 1 1 1 1 1 1 1 1 1 1 1 1 1 1 1 1 1 1 1 1 1 1 1 1 1 1 1 1 1 1 1 1 1 10 1 14 1 1 1 1 1 2 1 1 1 1 1 1 1 1 1 1 49 1 65 1 1 1 1 1 1 1 1 1 1 2 6 9 1 1 1 1 1 16 1 1 1 1 1 3 7 1 1 10 1 1 1 1 34 100
1 1 1 1 1 1 1 1 1 1 1 1 1 14 1 1 1 1 1 1 1 1 1 1 1 1 1 1 1 1 1 1 1 1 1 1 1 1 15 1 1 1 1 1 1 1 1 1 1 1 1 1 1 1 1 1 8 1 1 1 4 57 1 1 1 1 1 1 1 1 1 1 1 1 1 1 1 1 1 1 1 1 1 1 1 1 1 1 1 1 1 1 1 93 1 1 1 4 1 100
1 1 1 1 1 1 1 1 1 1 1 1 1 1 1 1 1 1 1 1 1 1 5 11 1 1 1 1 1 1 1 1 1 1 1 1 1 1 1 1 1 1 1 1 1 1 1 1 1 1 1 1 1 1 1 1 1 16 1 1 1 1 1 1 1 1 4 1 9 1 1 1 1 37 1 1 1 1 1 1 1 2 76 1 2 1 1 1 1 1 1 1 8 1 91 1 1 1 3 100
1 1 1 1 1 1 1 1 1 1 1 1 1 1 1 1 5 1 1 1 1 1 15 1 1 1 1 28 1 1 1 1 1 6 1 1 1 1 1 1 1 1 1 1 1 1 1 2 1 16 1 1 1 1 1 1 1 1 9 1 2 1 1 1 1 1 1 1 6 1 1 1 1 1 1 15 1 1 1 4 1 1 1 1 5 1 7 1 1 1 1 1 1 1 1 1 10 1 1 100
1 1 1 1 1 1 1 1 1 1 1 1 1 1 5 1 1 18 1 1 1 1 1 1 1 1 1 1 1 26 1 1 1 12 1 1 1 1 1 1 1 1 1 1 1 1 1 1 1 1 1 3 1 1 1 1 1 1 1 1 1 1 1 1 1 48 1 1 1 1 1 1 1 1 1 5 1 1 13 1 1 1 1 1 1 1 1 1 1 1 1 1 1 1 13 1 1 19 1 100
1 1 1 1 1 1 1 1 1 1 1 1 1 1 1 1 1 1 1 1 1 1 1 1 1 1 1 1 1 1 1 1 1 1 1 1 1 1 1 1 1 1 1 1 1 1 1 1 1 1 1 1 53 1 1 1 1 1 1 1 1 1 1 1 1 1 1 1 1 1 2 1 2 14 1 23 1 1 1 1 1 6 1 1 1 1 1 1 1 1 9 1 1 2 1 1 3 1 1 100
1 1 1 1 1 1 1 1 6 1 1 1 1 1 1 1 8 1 1 1 1 1 1 1 1 1 1 1 11 13 1 1 1 1 1 1 1 1 1 1 1 1 1 1 1 1 1 1 1 1 1 1 1 1 2 1 1 10 1 1 1 1 19 1 1 1 1 1 1 1 1 32 1 1 1 1 1 1 1 1 1 1 6 1 1 1 1 1 14 1 1 1 93 1 1 1 3 4 1 100
1 1 1 1 1 1 1 1 1 1 1 1 1 1 13 1 1 1 1 1 1 1 1 1 1 1 1 1 1 1 1 1 1 1 1 1 1 1 1 1 1 1 1 1 1 1 1 1 1 7 1 1 1 1 1 13 1 1 1 1 24 1 1 1 1 1 1 1 1 1 1 1 1 1 1 1 1 1 1 4 1 45 1 1 1 1 1 1 1 1 1 6 1 1 1 1 1 1 1 100
1 1 1 1 1 1 1 1 1 1 1 1 1 4 1 1 1 1 1 1 1 1 1 1 1 1 1 1 1 1 1 13 1 1 1 1 1 1 1 1 34 1 1 1 1 1 1 1 1 1 1 1 1 1 1 1 1 1 1 1 1 1 1 1 1 2 1 17 1 1 65 1 1 1 1 1 1 1 1 1 1 1 1 1 1 1 1 1 1 1 1 10 1 1 1 1 1 5 1 100
1 1 1 1 1 1 1 1 7 1 1 1 1 1 1 1 1 1 1 1 1 1 1 1 1 1 1 1 1 1 1 1 8 1 1 1 1 1 1 1 1 1 1 1 1 1 1 1 1 1 1 1 36 1 1 1 1 1 4 1 1 1 1 1 1 1 1 1 1 9 1 1 1 1 1 1 1 1 1 1 1 1 1 1 5 1 1 1 1 13 1 1 1 1 1 96 1 1 3 100
1 1 1 1 1 1 1 1 1 1 1 1 1 1 1 1 1 1 1 1 1 1 1 1 1 1 1 1 1 1 1 1 1 1 1 1 1 1 1 1 1 1 1 1 1 1 1 1 1 2 1 1 7 1 1 1 18 1 1 1 1 1 1 1 1 38 1 1 1 1 1 1 1 1 1 1 1 1 1 1 1 1 1 4 1 1 1 1 66 1 1 1 1 1 1 1 4 1 1 100
1 1 1 1 1 1 1 1 1 1 1 1 1 2 5 1 1 1 1 1 1 1 3 1 1 18 1 1 1 1 1 1 1 1 2 29 1 1 15 1 1 1 1 1 1 1 47 1 1 1 1 1 1 1 1 1 2 1 1 1 1 1 1 1 1 1 67 1 1 1 1 5 1 1 1 1 1 1 1 1 1 1 1 5 1 10 1 1 1 1 1 1 1 22 1 1 1 1 5 100
1 1 1 1 1 1 1 1 1 1 1 1 1 1 1 1 1 1 1 1 1 1 1 1 1 1 1 1 1 1 1 1 1 1 1 1 1 1 1 1 1 1 1 2 1 8 1 1 20 1 1 1 1 1 1 4 1 1 40 1 1 1 1 1 1 1 1 1 1 1 1 1 1 1 1 1 1 1 1 1 1 1 1 1 85 1 1 3 1 1 1 1 3 6 1 2 1 2 1 100
1 1 1 1 1 1 1 1 1 1 1 1 1 1 1 1 1 1 1 3 1 1 1 1 1 1 1 1 1 1 1 1 1 1 1 6 1 1 1 1 4 1 1 1 9 1 1 1 1 1 1 39 1 1 1 1 1 1 1 1 1 1 1 1 1 1 1 1 12 13 1 1 1 1 1 1 1 1 1 1 1 1 1 1 1 1 1 1 5 1 12 1 1 1 1 1 1 1 1 100
1 1 1 1 1 1 1 1 1 1 1 1 1 1 1 1 1 1 1 1 1 1 1 1 1 1 1 1 1 1 1 1 1 1 1 1 1 1 1 1 1 1 1 1 1 1 1 1 1 1 1 1 1 3 1 1 1 1 1 15 1 1 18 1 1 1 1 1 1 1 1 1 1 1 1 1 1 45 1 1 1 1 1 2 1 1 1 1 1 1 1 1 1 1 1 17 1 1 1 100
1 1 1 1 1 1 1 1 1 4 1 1 1 1 1 1 1 1 1 1 1 20 1 1 1 1 2 1 1 1 1 1 1 1 1 23 1 1 1 1 41 1 1 1 1 1 1 1 1 1 1 1 1 54 1 1 1 1 1 1 3 8 1 1 1 1 1 1 1 1 1 1 1 1 1 1 15 1 1 3 1 1 1 1 1 1 1 1 7 1 1 1 1 1 14 1 1 1 3 100
1 1 1 1 1 1 1 1 1 1 1 1 1 1 2 8 1 1 1 1 1 1 1 4 9 1 25 1 1 1 1 1 1 1 1 1 1 1 1 1 1 14 1 1 1 1 1 1 1 1 1 1 1 1 1 1 1 1 52 18 1 1 1 1 1 1 1 1 1 1 1 1 1 74 1 1 1 1 1 1 1 1 1 1 1 1 2 1 1 1 1 1 1 1 1 21 1 1 1 100
1 1 1 1 1 1 1 1 1 1 1 1 1 1 1 1 1 1 1 1 1 1 1 1 1 1 1 1 1 9 1 1 1 1 1 21 1 1 1 1 1 1 1 1 1 1 1 1 1 1 1 1 1 1 1 1 1 1 2 1 1 10 1 1 1 4 19 1 1 1 1 1 1 28 1 1 1 3 1 80 1 1 1 1 1 1 1 1 9 1 1 1 1 1 1 2 8 1 2 100
1 1 1 1 1 1 1 1 1 1 1 1 1 2 1 1 1 1 1 1 1 1 1 1 1 1 1 1 1 12 24 1 1 1 1 1 1 1 1 1 1 1 1 1 1 1 1 1 1 1 1 1 1 1 1 1 1 1 1 1 1 1 1 1 1 1 1 1 1 1 1 1 1 1 1 1 1 33 1 1 1 1 1 1 1 1 1 1 1 1 3 13 1 1 57 1 1 1 68 100
1 1 1 1 1 1 1 1 1 1 1 1 1 1 15 1 1 1 1 1 1 1 1 1 1 1 1 1 1 1 1 1 1 1 1 1 1 1 1 1 1 1 1 1 12 1 1 1 1 1 1 1 1 2 1 1 6 36 1 60 1 1 1 1 1 1 1 1 1 1 1 1 1 11 1 1 17 1 1 1 1 1 1 1 1 1 1 1 1 1 1 12 16 1 1 1 1 1 6 100
1 1 1 1 1 1 1 1 1 1 1 1 1 1 1 1 1 1 1 1 1 1 1 1 1 1 1 1 1 1 1 1 1 1 1 2 1 1 1 1 1 1 1 1 1 1 1 1 4 1 1 1 1 1 35 1 1 1 3 1 1 1 1 1 1 1 1 1 64 1 1 1 1 1 1 1 1 1 1 1 1 1 1 1 1 1 1 1 1 12 1 1 1 1 1 1 93 1 1 100
1 1 1 1 1 1 1 1 1 1 1 1 1 1 1 1 1 1 1 1 1 1 1 1 1 1 1 1 1 1 19 1 1 1 1 1 1 1 1 1 1 1 1 4 1 1 1 1 1 1 1 1 1 1 6 1 1 1 1 1 1 1 5 1 1 1 50 68 1 1 1 4 1 1 1 1 1 1 1 1 1 1 1 1 1 1 1 1 1 1 1 14 1 22 1 1 1 1 5 100
1 1 1 1 1 1 2 1 6 1 1 1 1 1 1 1 1 1 1 1 1 19 1 1 1 1 1 1 1 1 1 1 1 1 1 1 1 1 7 1 1 1 1 4 1 1 1 1 1 1 2 1 1 1 1 1 1 1 1 1 4 1 12 1 1 1 1 1 1 1 1 1 43 1 1 1 1 1 1 1 1 1 9 1 56 1 1 1 1 1 1 1 1 1 3 1 1 1 1 100
1 1 1 1 1 1 1 1 1 1 1 1 1 1 1 1 1 1 1 1 1 1 1 1 1 1 1 1 22 1 1 1 1 1 1 1 1 1 1 1 1 1 1 1 1 7 47 1 1 1 1 1 4 1 1 2 1 1 1 13 1 1 1 1 1 1 1 1 1 1 1 1 1 1 11 1 1 1 17 1 1 1 1 1 1 1 1 1 1 1 1 1 14 1 2 1 1 1 2 100
1 1 1 1 1 1 1 1 1 1 1 1 1 1 1 1 1 1 1 1 1 1 1 1 1 1 1 1 6 1 1 1 1 1 1 1 1 1 1 1 1 1 1 1 1 1 1 1 1 1 1 1 1 1 1 1 6 1 59 1 1 1 1 1 1 1 1 1 1 4 1 1 1 1 1 1 1 1 5 1 1 23 1 1 1 1 1 1 1 8 1 1 1 1 4 1 1 1 3 100
1 1 1 1 1 1 1 1 1 1 1 1 1 1 1 5 1 1 3 1 1 1 1 1 1 1 1 1 1 1 1 1 1 11 1 1 27 1 1 1 1 1 1 1 1 1 1 1 1 1 1 1 1 1 1 1 1 1 1 1 1 1 1 1 1 1 1 1 1 1 1 1 1 1 4 1 1 1 1 1 1 1 73 1 1 1 1 1 1 1 1 4 1 1 1 1 1 1 99 100
1 1 1 1 1 1 1 1 1 1 1 1 1 1 1 1 1 1 1 1 1 1 1 1 1 1 1 1 1 1 1 1 1 1 1 1 1 1 14 1 1 1 1 1 3 1 1 1 1 11 1 1 1 1 1 1 1 1 1 1 1 1 1 1 5 1 1 1 1 1 1 1 16 1 1 1 1 1 1 1 1 1 1 1 1 1 1 1 1 1 1 1 1 1 2 1 1 2 1 100
1 1 1 1 1 1 1 1 1 1 1 1 4 1 1 1 1 1 1 1 1 1 1 1 1 1 1 1 1 1 1 1 1 1 1 1 1 1 1 1 1 1 1 1 1 1 1 3 1 20 1 1 1 1 1 4 1 1 59 1 1 1 1 1 1 1 1 1 1 1 1 1 1 1 1 1 1 1 1 1 1 1 1 1 1 1 1 1 1 12 1 16 1 1 36 1 2 1 2 100
1 1 1 1 1 1 1 1 1 1 1 1 1 1 1 1 1 1 1 1 1 1 1 1 1 1 1 1 4 1 1 12 1 1 1 1 1 1 1 1 1 1 1 1 1 1 1 1 1 1 1 1 1 1 1 1 1 1 1 11 1 1 1 1 3 1 1 1 1 1 1 25 1 1 75 1 1 1 1 1 1 1 1 1 9 1 1 3 1 5 1 1 1 4 1 1 2 1 2 100
1 1 1 1 1 1 1 1 1 1 1 1 1 1 1 1 1 1 1 1 1 1 1 1 25 1 1 1 1 5 1 1 1 1 1 1 1 1 1 1 1 1 1 1 1 1 1 1 1 20 1 1 1 1 1 1 1 1 1 1 1 1 4 7 1 1 1 1 1 1 1 1 1 1 1 1 2 3 1 1 1 10 1 1 1 1 1 27 1 3 41 1 1 1 1 1 1 7 1 100
1 1 1 1 1 1 1 1 1 1 1 1 1 1 1 1 1 1 1 1 1 1 1 1 1 1 1 1 1 1 1 1 1 1 1 1 32 1 1 1 1 1 1 1 1 1 1 1 1 1 1 1 3 1 12 1 1 1 1 1 1 1 1 1 1 2 8 1 1 1 1 1 1 1 1 1 1 1 74 1 1 1 1 1 1 1 6 1 89 1 1 1 1 4 1 1 8 1 1 100
1 1 1 3 1 1 1 7 1 1 1 1 1 1 15 1 1 1 1 2 1 1 5 1 1 1 1 1 1 1 1 1 1 1 19 1 1 1 1 1 1 1 1 1 7 1 1 1 1 1 1 1 1 1 1 1 1 1 21 1 1 1 1 1 1 1 1 1 1 1 1 35 1 1 1 1 1 1 1 5 1 1 1 1 1 50 1 1 1 1 1 1 1 1 1 4 1 1 13 100
1 1 1 1 1 1 1 1 1 1 1 1 1 1 1 1 1 1 1 1 16 1 1 23 1 1 1 1 1 1 1 1 1 1 1 1 1 1 11 1 1 1 1 1 1 1 1 1 1 1 1 1 1 1 1 13 1 1 1 1 1 1 1 1 65 1 1 1 1 1 1 1 1 9 1 1 1 4 1 6 1 1 1 1 1 1 1 1 1 1 11 1 1 3 1 1 1 1 5 100
1 1 1 1 1 1 1 1 1 1 1 1 1 1 1 1 1 1 1 1 1 1 1 1 1 1 1 1 1 1 1 1 1 1 3 1 9 1 1 1 1 23 1 1 1 1 1 1 1 1 1 19 1 1 1 1 1 1 1 1 1 1 1 1 1 1 1 1 1 1 1 1 1 1 5 1 1 1 1 1 1 1 21 1 1 1 1 1 1 1 1 92 1 1 1 3 1 1 1 100
1 1 1 1 1 1 1 1 1 1 1 1 1 1 1 1 1 1 1 1 1 1 1 1 3 1 1 2 1 1 1 1 1 1 1 1 2 1 1 1 32 1 1 1 1 1 1 1 1 1 1 1 1 1 1 1 1 1 1 1 1 1 1 1 1 1 1 1 1 15 1 1 18 1 1 1 1 1 1 1 1 1 1 1 1 1 1 2 1 1 6 1 1 1 13 1 18 1 1 100
1 1 1 1 5 1 1 1 1 1 1 1 1 1 1 1 1 1 1 1 1 1 1 1 1 1 1 1 1 1 1 1 1 1 1 1 1 1 1 1 1 1 1 8 1 1 1 1 1 1 7 1 52 1 1 1 1 1 1 1 1 1 1 1 1 1 1 1 1 1 1 1 1 1 1 1 1 1 1 27 1 1 1 1 5 1 7 1 1 3 1 1 1 1 4 1 7 1 2 100
1 1 1 4 1 1 1 8 1 1 1 4 1 1 15 1 1 1 1 1 1 1 1 1 1 1 1 1 1 1 1 1 1 1 1 1 1 1 1 1 1 1 1 1 1 1 1 4 1 1 13 1 1 1 1 40 42 1 1 1 1 1 1 1 1 1 1 1 1 1 1 15 1 1 1 1 1 1 3 1 1 1 11 1 1 1 1 1 1 33 1 1 1 1 1 1 1 1 9 100
1 1 1 1 1 1 1 1 1 1 1 1 5 1 1 9 1 1 1 1 1 1 1 1 1 1 1 1 1 1 1 1 1 1 1 1 1 1 1 1 1 1 1 1 1 3 1 1 8 1 1 1 1 1 1 1 1 1 1 1 1 1 1 1 1 1 1 1 1 1 1 1 5 1 1 18 1 1 1 1 1 1 1 5 1 1 1 1 33 1 1 1 1 1 1 1 1 47 1 100
1 1 1 1 1 1 1 1 1 1 1 1 1 1 1 1 1 1 1 1 1 1 3 24 1 1 1 1 1 1 1 1 1 1 1 1 1 1 1 1 1 1 1 1 1 1 3 1 1 7 27 1 1 1 4 1 1 1 1 1 1 1 1 1 1 1 1 1 1 1 1 1 1 4 9 59 1 23 1 1 1 1 1 1 1 1 1 1 1 1 6 14 1 1 1 1 4 1 1 100
1 1 1 1 1 1 1 1 1 1 1 1 1 5 1 1 1 1 1 1 1 1 1 1 1 1 1 1 1 1 1 1 1 1 3 1 13 1 1 1 1 1 1 1 1 1 43 1 1 1 1 1 1 1 1 1 1 1 1 1 1 1 1 1 1 1 1 1 1 1 4 1 1 1 1 1 1 1 1 1 1 1 1 1 1 3 1 9 1 1 1 1 1 1 1 1 1 1 1 100
