458148480
106253262
628654658
114771912
63179629
0
747857018
97548764
0
383836114
680906758
104621956
326062161
0
891579280
391920082
0
420632110
639283749
749765969
842820681
755460565
0
120395492
380419683
0
669958322
49806477
947179890
60162735
910705128
604714633
597708507
528020746
689918918
634539740
208148589
553271006
548875507
273758798
474732254
0
0
946442658
605945164
0
37824380
879588485
0
767715835
783806683
635639188
931820808
46974711
322797288
957125812
6923011
0
0
40080430
496553986
511884010
299519859
0
0
79650090
957946199
429993325
253845117
741178506
963069192
92961490
127900267
0
377713860
983200312
818867972
477964658
966907705
858983248
286847078
364577694
566044818
290751144
671206282
764175295
561596122
989759238
772727976
198054669
649657691
803352349
844408216
386194316
30634293
542902787
0
546502526
931872379
883793122
