100 100
1 1 1 1 1 1 1 1 1 10 1 1 1 1 1 1 1 1 1 1 1 1 1 1 5 1 1 8 1 1 1 21 1 1 1 1 1 1 1 1 1 1 1 1 1 1 1 1 7 1 1 1 1 1 1 2 16 1 1 1 1 1 1 1 1 1 4 1 1 1 1 1 1 1 1 1 1 5 1 1 1 71 1 1 1 1 1 1 1 2 1 10 1 1 1 1 1 1 7 100
1 1 1 1 1 1 1 1 1 1 1 1 5 1 1 1 1 14 1 1 1 1 1 1 1 1 1 1 1 1 1 1 1 1 1 1 1 1 1 1 1 1 1 1 3 1 5 20 1 1 29 1 1 1 1 1 57 1 1 1 4 1 2 1 1 1 6 1 1 1 1 1 1 1 1 1 1 1 1 1 1 1 1 1 1 1 1 9 1 1 14 1 26 1 1 1 3 1 6 100
1 1 1 1 1 1 1 1 1 1 1 1 1 1 1 1 1 1 1 1 1 1 1 1 1 1 1 1 1 1 1 1 1 1 1 1 1 1 1 1 1 1 1 1 1 21 1 1 1 1 1 1 41 1 1 1 1 1 1 1 1 1 1 1 1 1 1 1 5 1 1 1 1 1 1 1 1 5 1 1 1 1 1 1 1 1 2 1 33 1 38 1 1 3 1 96 1 2 1 100
1 1 1 1 1 1 1 1 1 1 1 1 1 1 1 1 1 1 1 1 1 1 1 1 1 1 1 1 1 1 1 1 1 1 1 1 1 1 1 1 1 1 1 1 1 1 1 1 1 1 1 1 1 1 1 1 1 1 1 1 1 1 1 1 1 1 1 1 1 1 1 1 1 1 1 1 1 3 15 1 1 1 1 1 1 1 1 68 1 1 1 1 3 75 1 1 1 1 2 100
1 1 1 1 1 1 1 1 1 1 1 1 2 1 5 1 1 1 1 1 1 16 1 1 1 1 1 1 1 1 1 4 1 1 1 1 1 1 1 1 1 1 1 1 1 1 1 1 1 1 1 1 1 1 1 1 1 1 1 1 1 1 1 1 1 1 1 1 1 1 1 1 9 1 1 1 1 1 1 1 1 1 1 4 1 1 9 1 1 1 1 1 1 1 1 1 1 1 9 100
1 1 1 1 1 1 1 1 1 1 1 1 1 1 1 3 17 1 1 1 1 1 1 1 1 1 1 1 1 1 1 1 2 1 1 1 1 1 1 23 1 1 1 1 1 1 1 1 1 1 1 15 1 1 1 1 1 1 1 1 1 1 1 1 1 1 1 1 1 1 22 1 1 1 1 1 1 1 1 1 1 1 2 1 1 1 1 1 1 1 51 1 1 1 1 1 1 1 8 100
1 1 1 1 1 1 1 1 1 1 1 1 1 3 1 1 1 1 1 1 1 1 1 1 1 1 6 1 1 1 1 1 18 1 35 1 1 1 1 1 4 1 1 1 1 1 1 1 1 1 1 1 1 1 1 1 1 1 1 1 1 1 1 29 1 1 1 4 1 1 1 1 2 1 1 6 1 1 1 1 1 1 1 1 1 1 1 1 1 1 1 3 1 30 1 2 1 2 1 100
1 1 1 1 1 1 1 1 1 1 1 1 13 1 1 1 1 1 1 2 1 1 1 1 25 1 1 1 1 1 1 3 8 1 1 1 1 1 1 1 1 1 1 3 1 1 1 1 1 1 1 1 1 2 1 1 1 1 1 1 1 1 1 1 1 1 1 1 1 1 1 34 1 1 1 1 1 1 1 1 1 1 1 51 1 1 1 2 1 1 6 1 1 1 1 4 1 1 1 100
1 1 1 1 1 1 1 1 7 1 1 1 1 1 1 1 1 1 1 1 1 1 1 1 1 1 1 1 1 5 7 1 1 17 1 1 1 1 39 1 1 1 1 1 1 1 1 1 1 1 1 1 1 1 1 1 1 1 1 1 1 1 1 46 1 1 1 2 1 1 1 1 1 1 1 18 1 1 1 1 1 3 1 5 1 44 1 1 1 1 1 1 1 1 1 1 1 5 60 100
1 1 1 1 1 1 1 3 1 1 1 12 1 1 3 1 1 1 1 1 1 1 1 1 1 1 1 1 1 1 1 2 3 1 1 1 2 10 1 1 1 27 1 1 1 1 1 1 1 1 1 1 1 1 2 1 15 1 1 1 1 1 4 1 1 1 1 1 1 1 1 57 1 1 1 1 1 1 1 1 1 1 1 1 1 1 1 1 1 1 1 2 1 22 1 1 1 1 4 100
1 1 1 1 1 1 1 1 1 1 1 1 13 1 1 1 1 1 1 1 1 1 1 1 1 1 1 1 1 1 1 1 1 1 1 1 1 1 1 1 1 1 1 1 1 1 1 1 1 1 1 1 1 1 1 1 1 1 9 16 1 1 1 2 23 1 1 1 1 37 1 1 1 1 62 1 1 1 1 1 1 1 1 1 1 1 1 1 1 1 1 1 1 1 1 1 1 1 1 100
1 1 1 1 1 1 1 1 1 1 1 1 1 1 1 1 1 1 1 1 8 1 1 1 1 1 1 1 1 1 1 1 1 1 23 1 1 1 1 1 1 1 1 37 1 1 1 1 1 1 1 1 1 1 1 1 1 1 1 1 1 1 1 1 1 1 1 1 1 10 1 13 1 1 1 1 1 1 1 1 1 1 1 81 1 1 1 1 1 1 1 1 1 1 1 1 1 1 1 100
1 1 1 1 1 1 1 1 1 1 1 1 1 1 1 1 1 1 1 1 1 1 1 1 1 1 8 19 1 1 1 1 1 1 1 1 1 1 1 1 1 1 1 2 1 6 1 1 1 1 1 1 1 1 1 1 1 1 1 24 1 1 1 1 1 1 2 1 34 1 1 1 1 3 1 75 1 1 1 1 1 1 1 1 1 1 1 1 1 1 1 3 1 1 1 1 1 98 1 100
1 1 1 1 1 1 1 1 1 1 1 1 1 1 1 1 1 1 1 1 1 1 16 1 18 1 1 1 1 1 1 1 1 1 1 1 1 1 1 1 1 1 1 1 1 1 1 1 1 1 1 1 1 16 1 1 24 1 1 1 1 1 6 1 1 1 1 1 1 8 3 1 1 1 75 1 1 1 1 1 1 6 1 2 1 1 1 1 1 1 1 2 3 1 1 1 1 1 14 100
1 1 1 1 1 1 1 1 1 1 1 1 1 1 1 1 1 1 1 1 1 1 1 1 1 1 1 1 1 23 1 1 1 1 1 1 1 1 1 1 1 1 1 1 1 1 1 1 1 1 1 1 1 1 1 2 54 1 1 1 1 1 1 1 1 1 1 1 1 1 1 1 1 1 2 1 18 1 1 1 1 1 1 1 1 1 1 1 1 1 1 91 1 1 2 1 1 1 3 100
1 1 1 1 1 1 1 1 1 1 1 1 1 1 1 1 1 1 1 1 1 1 1 1 1 1 1 1 1 1 1 5 1 1 1 1 1 1 1 1 1 1 1 1 19 1 1 1 1 1 1 1 8 1 1 47 54 1 1 1 1 1 1 7 1 2 1 1 1 1 1 1 73 1 2 1 1 1 1 1 1 5 1 1 1 1 1 1 1 1 1 1 8 12 1 1 1 4 1 100
1 1 1 1 2 1 1 6 1 1 1 1 1 1 8 1 1 1 1 1 1 2 1 1 1 1 1 1 2 1 1 5 1 7 1 1 1 36 1 1 1 1 1 1 1 1 1 1 1 1 1 1 1 1 1 1 1 1 1 1 1 1 63 1 1 1 1 1 1 1 1 1 1 1 1 1 14 1 1 1 1 1 1 1 1 1 1 1 1 1 1 1 1 1 1 1 4 21 1 100
1 1 1 1 1 1 1 1 1 1 1 1 1 1 1 1 1 1 1 1 1 1 1 1 1 1 1 1 1 1 1 1 1 1 1 1 1 1 1 1 1 1 1 1 1 1 1 1 1 1 1 1 1 3 1 1 1 1 4 1 1 28 1 1 1 1 1 1 1 1 1 1 48 1 63 1 1 1 1 1 1 1 1 1 1 1 1 1 1 1 1 4 1 9 1 94 1 1 3 100
1 1 1 1 1 1 1 1 1 1 1 1 1 2 1 4 1 1 1 1 1 1 4 1 1 7 1 1 1 1 30 1 1 1 1 1 1 1 1 1 1 1 1 1 1 1 1 1 1 1 1 1 1 1 1 1 1 1 1 1 1 1 1 1 1 1 1 1 1 1 1 1 1 1 1 1 1 1 1 1 1 1 1 1 1 3 10 1 13 1 1 1 1 63 1 2 1 2 1 100
1 1 1 1 1 1 1 1 1 1 1 1 1 1 1 1 1 1 1 1 1 1 1 1 1 1 1 1 1 1 1 1 2 1 13 1 1 1 1 1 1 1 1 1 1 1 1 1 1 1 1 1 1 1 1 1 1 1 1 1 8 1 1 1 1 1 26 1 1 1 1 5 1 1 3 76 1 1 1 1 1 2 1 1 1 1 1 12 1 1 1 1 1 1 1 1 7 1 2 100
1 1 1 1 1 1 1 1 1 1 1 1 1 1 1 1 1 1 1 1 1 1 1 1 1 1 1 1 1 1 1 2 1 8 1 1 1 1 1 1 1 1 1 1 2 1 1 1 1 1 1 1 1 1 32 1 1 1 1 1 1 1 1 1 1 1 3 66 1 1 3 1 1 1 1 1 1 1 1 1 1 1 1 1 1 1 1 1 1 1 1 1 1 1 14 1 1 21 1 100
1 1 1 1 1 1 1 1 1 1 1 1 1 1 1 15 1 1 1 1 1 1 1 1 1 1 1 1 4 1 1 1 1 1 1 1 1 1 1 1 1 1 1 1 1 1 1 1 1 1 1 1 1 1 1 1 1 1 1 1 1 1 1 1 1 1 1 4 1 1 1 1 1 1 1 1 1 1 1 1 3 49 1 1 1 1 1 1 1 1 6 1 69 1 1 1 1 1 1 100
1 1 1 1 1 1 1 1 8 1 1 1 1 1 1 1 1 1 4 1 7 1 23 1 1 1 1 1 1 1 1 1 1 1 1 1 1 1 1 1 1 1 1 2 1 1 1 3 7 1 1 1 1 1 1 18 1 1 1 1 1 1 1 1 1 1 1 1 1 1 1 1 47 1 1 1 54 1 1 3 11 1 1 1 1 1 4 1 1 1 1 1 1 1 1 16 1 1 3 100
1 1 1 1 1 1 1 1 1 1 1 1 1 1 1 1 1 3 16 1 1 1 3 1 1 1 8 1 1 1 1 2 1 1 1 1 36 1 1 1 1 1 1 1 5 1 1 8 1 1 51 1 1 1 1 5 1 1 1 1 1 1 6 1 1 1 1 1 1 1 2 1 17 1 1 1 1 1 1 1 1 1 1 11 1 1 1 4 1 1 1 1 1 1 1 1 1 10 1 100
1 1 1 1 1 1 1 1 1 1 1 1 2 1 1 1 1 1 1 1 1 1 1 1 1 1 1 1 1 20 1 1 1 1 1 1 33 1 1 1 1 1 1 1 1 1 1 1 1 1 1 1 1 1 1 5 1 57 1 1 1 1 1 1 1 1 2 67 1 1 1 1 1 1 1 1 1 1 1 1 1 1 1 1 1 1 19 1 1 1 1 5 1 2 1 2 1 1 1 100
1 1 1 1 1 1 1 1 1 1 1 1 1 1 1 1 1 1 1 1 1 1 1 1 1 1 1 1 1 1 1 1 2 1 4 1 1 1 15 21 1 1 1 1 1 1 3 1 1 1 12 1 1 1 1 1 1 1 1 1 22 1 1 25 1 1 1 1 1 1 1 1 1 1 1 1 1 1 1 1 1 1 1 1 1 1 15 1 1 90 1 1 1 1 1 1 7 1 1 100
1 1 1 1 1 1 1 1 1 1 1 1 1 3 1 1 1 1 1 5 1 1 1 1 1 1 1 1 1 1 1 2 5 1 1 27 1 1 1 1 1 1 1 1 1 1 1 1 2 6 1 1 2 49 1 1 1 1 1 1 1 1 1 1 1 1 1 1 1 1 1 1 1 1 1 1 1 1 1 1 1 3 1 1 1 1 1 1 18 1 1 1 1 1 1 1 1 1 1 100
1 1 1 1 1 1 1 1 1 1 1 1 1 1 1 1 1 1 1 1 1 1 1 1 1 1 1 1 1 1 4 10 1 1 1 1 1 1 1 1 3 10 1 1 2 1 1 48 1 1 1 1 1 1 4 1 9 1 1 1 1 1 1 1 1 1 1 1 1 1 1 1 1 1 1 1 1 21 1 1 2 1 1 1 1 1 1 1 8 1 1 3 1 1 3 1 1 2 1 100
1 1 1 1 1 1 1 1 1 1 1 1 1 1 1 1 1 1 1 1 1 1 1 1 1 1 1 1 1 1 6 1 1 16 1 1 1 1 1 1 1 1 1 1 1 1 1 1 6 1 1 1 1 1 1 1 1 1 1 1 1 10 1 1 16 1 1 1 69 1 1 1 1 1 1 2 1 1 1 1 2 5 1 1 1 1 2 1 1 1 22 1 1 1 1 1 6 1 2 100
1 1 1 1 1 1 1 1 1 1 3 1 8 1 1 1 1 1 2 1 1 1 23 1 1 1 1 1 1 1 1 1 1 1 1 1 1 1 1 1 1 1 1 1 1 1 1 1 1 1 1 1 1 1 1 1 1 1 1 1 1 9 1 1 1 1 1 1 1 23 1 1 1 1 1 1 1 1 1 1 11 1 1 1 39 1 1 1 1 1 1 1 1 1 1 1 74 1 1 100
1 1 1 1 1 1 1 1 1 1 1 1 1 1 1 1 1 1 5 1 1 1 1 10 1 1 1 1 1 1 1 1 1 1 1 1 1 1 1 1 1 1 1 1 1 1 1 1 1 1 1 3 1 1 1 1 1 1 1 1 1 10 1 1 13 1 1 25 1 1 1 1 49 1 1 1 1 1 1 1 1 1 2 4 1 1 77 1 1 1 1 1 1 94 1 1 3 1 2 100
1 1 1 1 1 1 1 1 1 1 1 1 1 1 1 1 5 1 1 1 1 1 1 1 1 1 1 1 1 1 1 1 1 1 1 2 1 1 1 7 1 1 20 26 1 1 1 1 1 1 1 1 7 1 55 1 1 1 1 1 1 1 1 1 1 1 1 3 1 1 15 1 1 1 1 3 1 1 1 1 2 5 1 1 1 1 1 17 18 1 1 1 1 1 40 1 1 1 4 100
1 1 1 1 1 1 1 1 1 1 1 1 1 1 1 1 1 1 1 1 1 1 1 1 1 1 1 1 1 1 1 1 1 1 1 1 1 1 1 1 1 1 1 1 1 1 1 1 1 1 1 1 1 1 1 1 1 1 1 1 1 1 1 1 13 49 1 1 1 1 1 1 1 1 1 1 1 1 1 1 1 4 1 1 1 1 1 1 1 1 1 1 1 1 1 1 1 1 1 100
1 1 1 1 1 1 1 1 1 1 1 1 1 1 1 1 1 1 1 1 1 1 1 1 1 1 1 1 1 1 1 1 1 1 1 1 1 1 1 1 1 1 12 1 1 1 1 1 1 1 1 1 1 1 1 1 1 2 1 1 1 11 1 1 1 1 1 1 1 1 1 5 1 1 2 1 1 1 1 80 1 1 1 1 1 6 1 1 1 1 1 1 1 1 1 1 1 1 1 100
1 1 1 1 1 1 1 1 4 1 1 1 1 1 1 1 1 1 1 1 1 1 1 1 1 1 1 1 1 1 1 1 1 1 1 1 1 1 1 1 1 1 1 7 1 1 1 1 1 1 1 1 1 1 2 1 1 1 1 1 1 1 1 1 1 1 1 1 1 1 1 1 1 1 1 1 1 1 3 1 25 1 1 1 1 1 1 1 1 1 1 1 1 8 1 1 1 1 1 100
1 1 1 1 1 1 1 1 1 1 1 1 1 1 1 1 1 1 3 1 1 1 1 1 1 1 7 1 1 1 1 1 1 1 1 1 1 1 1 1 1 1 1 2 1 1 1 1 2 36 1 1 1 1 1 1 1 1 1 1 1 1 1 1 1 1 1 1 1 1 1 1 1 1 1 1 3 1 1 1 1 1 1 1 1 1 1 1 1 1 6 1 1 1 31 1 1 1 1 100
1 1 1 1 1 1 1 1 1 1 1 1 1 1 1 1 1 1 1 1 1 1 1 1 1 1 13 1 1 1 1 3 1 1 1 7 1 1 1 1 1 1 1 1 4 1 1 1 1 1 1 1 1 13 1 1 1 1 1 1 1 1 1 1 1 1 1 1 1 1 1 1 1 13 1 1 1 49 1 1 1 1 1 1 1 82 1 1 1 1 1 1 1 1 2 1 1 1 1 100
1 1 1 1 1 1 1 1 1 1 1 1 5 1 1 1 12 1 1 2 3 1 5 1 1 1 1 28 1 1 1 1 1 1 1 1 1 1 1 1 1 1 1 1 1 1 1 1 1 12 1 1 1 1 1 1 1 2 1 1 2 10 1 1 1 1 2 31 1 1 1 1 1 1 1 48 49 1 1 1 1 1 1 1 7 1 1 1 1 1 1 7 1 1 3 1 2 1 1 100
1 1 1 1 1 1 1 1 1 1 1 1 1 1 1 1 1 2 3 1 1 1 1 1 1 1 1 1 1 1 1 1 1 2 1 1 1 1 3 1 1 1 19 1 1 1 1 1 1 1 5 1 1 1 1 1 1 1 1 1 4 1 1 1 1 1 1 3 59 1 1 72 1 1 1 1 1 6 1 1 1 2 1 1 1 1 1 2 1 12 1 1 1 1 3 1 1 3 1 100
1 1 1 1 1 1 1 1 1 1 1 1 1 1 1 1 1 1 1 1 1 1 1 1 1 1 1 1 1 1 1 1 1 1 1 1 1 6 1 9 10 1 19 1 1 1 1 1 1 1 1 1 1 1 1 1 1 1 1 1 1 1 2 49 1 1 1 1 1 1 1 1 1 1 9 1 1 1 1 2 15 1 1 1 1 1 1 1 6 1 1 1 1 2 1 1 1 1 1 100
1 1 1 1 1 1 1 1 1 2 1 1 1 6 1 1 3 1 1 1 1 1 15 1 1 1 1 28 1 1 1 1 1 1 4 1 1 1 1 1 1 1 15 1 1 1 1 1 1 1 1 1 1 1 1 1 1 1 1 1 1 1 1 3 1 1 1 1 10 1 1 1 1 1 1 1 1 1 1 1 1 39 1 1 1 1 1 1 1 1 1 1 1 1 13 1 2 1 1 100
1 1 1 1 1 1 1 1 1 1 1 1 1 1 1 1 1 2 19 1 1 1 1 1 1 1 1 1 1 1 1 1 1 10 1 1 1 1 2 17 21 1 1 1 1 1 1 1 1 1 1 1 1 1 1 1 1 1 17 40 1 1 1 1 1 1 1 1 28 1 1 1 1 1 1 1 6 1 1 3 1 1 1 1 1 1 3 19 1 1 2 1 1 1 1 5 1 1 2 100
1 1 1 1 1 1 1 1 1 1 1 1 1 1 1 1 1 1 1 1 1 1 1 1 1 1 1 4 1 1 1 10 14 1 1 1 1 1 1 1 1 1 1 1 1 39 1 1 1 1 1 1 1 1 1 1 1 1 1 1 1 1 1 1 1 1 1 1 3 1 8 1 1 1 1 55 1 1 1 1 4 1 1 1 1 86 1 1 2 1 1 1 1 1 1 1 11 1 1 100
1 1 1 1 1 1 1 1 1 1 1 1 1 1 1 1 1 1 1 1 1 1 3 1 25 1 1 1 1 1 1 1 1 1 1 1 1 1 1 1 1 1 1 1 1 1 1 1 1 1 1 1 1 1 1 1 3 1 1 1 1 1 1 1 1 1 10 1 1 1 1 1 1 1 1 1 1 1 1 1 1 1 5 1 1 61 1 1 1 1 1 6 1 1 1 4 1 1 3 100
1 1 1 1 1 1 1 1 1 1 1 1 1 1 1 1 1 1 1 1 1 1 1 1 1 1 1 1 1 1 1 1 1 3 1 1 1 14 1 1 17 1 1 1 1 1 1 1 1 1 1 1 1 1 1 1 1 1 11 1 1 1 1 1 1 1 1 1 1 1 1 1 1 1 1 1 1 1 1 1 1 1 1 1 1 3 1 1 1 1 1 92 1 1 1 4 1 2 1 100
1 1 1 1 1 1 1 1 1 1 2 1 1 1 1 1 1 1 1 1 1 1 1 1 2 1 1 1 1 7 1 1 1 1 2 1 1 31 1 1 1 1 1 1 1 1 1 1 1 1 1 1 1 1 1 56 1 1 6 1 1 1 1 1 1 1 1 1 1 1 1 1 1 1 1 9 17 1 1 1 1 1 1 1 1 1 1 1 1 1 1 1 1 1 1 1 97 1 1 100
1 1 1 1 1 1 1 1 1 1 1 1 1 1 1 1 1 1 1 1 1 1 1 1 1 1 1 1 1 1 1 1 1 1 1 1 1 1 1 1 1 1 1 1 1 1 1 1 1 1 1 1 1 2 1 1 1 10 1 1 1 1 1 1 1 1 1 1 1 1 31 1 1 1 1 1 1 1 1 1 1 1 1 1 2 1 1 1 1 1 78 1 1 1 1 1 1 1 1 100
1 1 1 1 1 1 7 1 1 1 1 1 1 1 1 1 1 1 1 1 1 1 1 1 1 1 1 1 1 1 1 1 1 1 1 1 1 1 1 1 1 1 1 1 1 1 1 1 1 4 1 1 1 1 1 1 1 1 1 1 1 1 1 1 1 1 7 1 1 1 1 5 1 39 1 2 70 1 1 1 1 1 1 1 1 1 1 1 1 1 1 13 1 17 1 1 1 2 1 100
1 1 1 1 1 1 1 1 1 1 1 1 1 7 1 1 1 1 18 1 21 1 1 1 1 1 1 1 1 1 1 1 1 2 1 1 1 1 1 1 5 1 1 1 1 23 22 1 1 1 1 1 1 1 1 1 1 1 1 10 1 1 1 1 1 1 1 1 1 49 1 1 1 1 1 1 1 1 1 9 1 1 1 1 3 6 1 1 1 1 1 1 6 1 1 1 1 3 1 100
1 1 1 1 1 1 1 1 1 1 1 1 1 1 1 1 1 1 1 1 1 1 1 1 1 1 1 1 1 5 1 1 1 1 1 16 1 1 1 1 1 1 1 1 1 1 2 1 5 50 1 1 1 1 1 1 1 1 1 1 1 1 1 1 1 1 1 1 1 1 1 1 1 3 1 1 1 1 1 1 1 1 1 1 1 36 1 1 1 1 1 2 7 1 2 1 2 1 2 100
1 1 1 1 1 1 1 1 1 1 1 1 1 1 1 1 1 1 1 1 1 1 1 1 1 1 1 1 1 1 1 1 1 1 1 1 1 1 1 1 1 1 1 1 1 1 1 1 1 1 1 1 1 1 1 1 1 1 1 24 1 1 1 1 1 1 1 1 1 1 1 1 1 1 1 4 1 1 3 17 1 1 1 1 1 1 1 1 1 1 7 1 1 1 1 1 1 1 4 100
1 1 1 1 1 1 1 1 1 1 1 1 1 1 1 1 1 1 1 1 1 1 1 1 1 1 1 1 1 1 4 6 1 1 1 12 1 20 1 1 1 1 1 1 1 1 1 1 1 1 1 1 1 1 1 1 2 13 1 1 1 1 1 1 1 1 1 1 1 1 1 1 1 1 1 1 1 1 1 1 1 1 1 1 1 1 1 1 21 1 1 1 1 1 6 1 1 1 1 100
1 1 1 1 1 1 1 1 1 1 1 1 1 1 1 1 1 1 1 1 1 1 1 1 1 1 1 1 2 8 1 1 1 1 1 1 1 1 1 1 1 1 1 1 1 8 1 1 1 1 1 51 1 1 1 1 1 1 1 1 1 1 1 1 1 1 1 1 1 1 1 1 1 1 7 1 22 26 1 1 1 1 1 1 1 1 1 1 1 1 1 1 1 1 1 1 1 7 20 100
1 1 1 1 1 1 1 1 1 1 1 1 1 1 1 1 1 1 1 1 1 1 1 1 1 1 1 1 1 3 1 1 1 1 1 2 1 11 1 1 1 1 1 1 1 1 1 1 1 44 1 1 1 3 1 56 1 1 1 1 1 1 1 3 1 10 1 1 1 1 1 1 1 1 1 1 1 1 1 1 1 1 1 1 18 1 2 1 1 3 1 1 1 1 8 1 1 1 2 100
1 1 1 1 1 1 1 1 1 1 1 1 1 11 1 1 1 1 1 1 7 1 1 1 25 1 1 1 1 1 1 1 1 1 1 1 1 1 1 1 1 1 1 1 1 1 1 1 1 2 1 23 1 1 1 1 1 1 1 1 1 1 1 1 1 1 1 1 1 1 1 1 1 1 1 1 1 1 1 1 1 1 17 1 1 1 1 1 1 1 2 8 1 1 1 1 1 1 74 100
1 1 1 1 1 1 1 1 1 1 1 1 1 9 1 12 1 1 1 1 1 1 1 1 2 7 1 1 1 1 29 1 1 1 1 1 1 1 1 1 1 1 1 1 1 1 1 1 1 1 1 1 1 1 1 1 1 1 1 1 1 1 1 1 1 1 1 1 1 1 1 1 1 1 1 1 1 1 1 1 1 1 41 1 1 1 1 1 1 1 1 1 1 1 1 1 1 2 16 100
1 1 1 1 1 1 1 1 1 1 1 1 1 1 1 1 1 1 1 1 1 1 1 1 1 1 1 1 1 1 1 1 1 1 1 1 1 12 1 1 1 18 1 1 24 1 1 1 1 1 1 1 1 1 1 1 1 1 1 1 1 1 1 1 1 1 3 1 1 1 58 69 1 1 1 1 1 1 1 1 1 1 1 1 1 1 1 1 1 1 1 1 2 1 1 1 1 1 1 100
1 1 1 1 1 1 1 1 1 1 1 1 1 1 1 1 1 1 1 1 1 1 1 1 1 2 1 1 5 1 1 1 1 1 1 1 1 1 1 1 1 1 21 1 1 1 1 1 1 1 1 14 1 54 1 1 1 1 1 1 1 1 1 1 1 1 1 1 1 1 1 1 1 1 1 1 1 1 1 1 6 1 2 1 1 1 1 26 1 1 1 1 1 1 1 1 43 1 2 100
1 1 1 1 1 1 1 4 2 1 1 1 1 1 1 1 1 1 1 1 1 1 1 1 1 1 2 22 1 1 1 1 1 1 1 1 1 1 1 1 1 1 1 1 1 1 1 1 1 1 1 1 1 1 1 1 1 1 1 1 1 1 1 1 1 1 1 5 39 1 1 1 1 1 1 1 1 1 1 1 1 1 1 1 1 1 1 1 1 90 1 2 1 1 1 4 1 1 1 100
1 1 1 1 2 1 1 1 1 1 1 1 1 1 2 1 1 1 1 1 1 1 23 1 1 1 1 1 1 1 1 1 1 1 1 1 1 1 1 1 1 1 1 1 1 1 1 1 1 1 1 1 1 1 1 1 1 1 1 25 1 1 1 1 1 1 1 1 1 1 1 48 1 1 1 1 1 1 1 1 1 1 1 1 1 1 1 1 1 1 1 20 1 2 1 1 3 1 2 100
1 1 1 1 1 1 1 1 1 2 8 1 1 1 1 1 1 1 1 1 20 1 1 1 1 1 1 1 1 1 1 1 1 1 1 1 7 1 39 1 1 1 1 1 1 1 1 1 1 1 1 1 1 6 1 1 1 1 1 1 1 1 1 1 1 1 1 1 1 1 1 1 1 1 1 1 1 1 13 1 1 1 1 1 26 1 1 1 1 1 1 1 1 55 1 2 1 1 3 100
1 2 1 1 1 1 1 1 1 1 1 1 1 1 15 1 1 1 1 1 1 1 1 1 1 1 1 1 1 1 1 1 1 1 1 1 1 1 13 25 1 1 1 1 1 1 1 1 1 1 1 1 1 1 1 1 1 1 1 1 1 1 1 14 1 1 1 1 1 1 25 1 1 1 1 1 6 1 1 40 1 1 1 1 1 1 1 1 1 1 1 1 1 1 1 16 1 1 1 100
1 1 1 1 1 1 1 1 1 1 1 1 1 1 1 4 1 1 1 1 1 1 1 1 1 1 1 1 6 1 1 1 1 1 1 1 1 1 1 1 1 1 1 1 1 1 1 1 1 1 1 14 1 1 1 1 1 1 1 1 1 1 1 1 1 1 3 1 7 1 1 1 1 1 1 1 1 1 17 1 23 82 1 1 3 1 1 1 1 1 1 1 1 9 1 1 2 1 1 100
1 1 1 1 1 1 1 1 1 1 1 1 1 1 6 1 1 1 1 1 1 1 1 1 1 1 1 1 1 1 1 6 1 11 29 1 1 1 1 1 1 1 1 1 9 1 1 1 1 1 1 1 1 1 1 1 1 1 1 1 1 16 11 64 1 1 1 1 1 1 1 1 1 10 1 1 1 1 1 1 1 1 1 10 1 1 1 3 1 1 1 1 1 4 1 8 1 1 3 100
1 1 1 1 1 1 1 1 1 1 1 1 1 1 1 1 16 1 1 1 1 1 6 1 1 1 1 1 1 1 1 1 1 1 19 1 1 1 1 1 1 31 1 1 1 1 1 1 1 1 1 1 1 1 1 12 1 1 1 1 1 1 60 1 1 1 1 1 1 5 1 1 1 1 5 1 1 1 79 1 1 1 1 1 1 1 1 1 9 1 1 1 4 1 1 1 1 1 6 100
1 1 1 1 1 1 1 3 1 1 1 1 1 6 1 1 1 1 19 1 1 1 1 1 1 1 1 1 1 1 1 1 1 1 1 1 1 1 1 1 1 1 1 1 12 1 1 1 1 1 1 1 1 1 1 1 1 2 1 27 42 1 1 1 1 1 1 1 4 1 1 11 1 1 1 1 1 1 7 1 1 3 1 1 1 7 1 1 1 4 1 1 1 1 1 1 1 6 1 100
1 1 1 1 1 1 1 1 4 1 1 1 1 1 1 1 1 1 1 1 1 1 1 1 1 1 1 1 1 1 1 1 1 1 1 1 1 1 1 1 1 1 1 1 1 1 1 1 1 1 1 1 1 17 1 1 1 1 1 1 46 1 1 1 1 1 1 1 1 1 1 1 1 10 1 1 1 1 1 1 1 1 1 1 1 1 4 1 10 1 1 1 1 1 1 20 1 1 1 100
1 1 1 1 1 1 1 1 1 1 1 1 1 1 1 1 1 1 1 1 1 4 1 1 1 1 26 1 1 1 1 1 1 1 1 1 1 1 1 1 1 1 1 1 1 1 1 1 1 21 1 1 1 1 54 1 1 1 1 1 1 1 1 1 1 4 1 1 1 1 1 1 1 1 3 1 1 1 1 1 1 25 1 1 1 1 1 1 1 4 1 1 93 1 1 1 1 1 1 100
1 1 1 1 1 1 1 1 1 1 1 1 1 1 1 1 1 1 1 1 1 1 1 1 1 1 1 1 1 1 1 1 1 1 6 1 1 1 1 1 1 1 1 1 6 1 1 1 1 1 1 1 3 1 1 1 1 13 1 1 1 2 1 1 1 66 1 2 1 1 1 1 1 1 1 1 1 1 1 1 1 1 1 16 1 1 1 1 1 1 1 1 1 1 8 12 1 1 1 100
1 1 1 1 1 1 1 1 1 1 3 1 1 1 1 1 1 1 1 1 1 22 1 1 1 1 1 1 1 1 1 1 1 1 1 1 1 1 1 11 19 1 1 1 1 1 1 1 1 1 1 1 1 1 1 1 1 1 18 1 1 1 1 1 1 1 1 1 1 1 1 1 1 1 1 1 18 1 1 1 1 1 3 1 1 1 9 1 1 12 1 1 1 1 1 1 1 1 22 100
1 1 1 1 1 1 1 1 1 1 1 1 1 1 1 1 1 1 1 1 1 1 10 1 1 1 1 1 1 1 1 1 1 1 1 1 1 1 1 1 1 1 1 1 1 1 1 1 1 1 1 1 1 1 1 1 3 1 1 1 1 10 1 31 1 1 1 1 1 1 1 1 1 1 1 5 1 78 1 1 1 1 1 1 1 1 1 1 1 1 1 1 13 1 16 1 1 2 1 100
1 1 1 1 1 1 1 1 1 1 1 1 1 1 1 1 1 1 1 1 1 1 1 1 1 1 1 1 1 1 4 1 1 1 14 1 1 1 1 1 1 1 1 1 1 1 8 1 1 1 1 1 1 1 1 1 1 1 1 25 1 1 1 1 1 4 47 1 1 1 1 1 1 1 1 1 1 1 1 1 1 1 3 7 1 1 1 74 1 1 1 1 1 1 1 1 1 1 1 100
1 1 1 1 1 1 1 1 1 1 1 1 1 1 1 1 1 1 1 1 1 1 1 1 1 1 1 1 1 1 1 1 1 1 1 1 1 1 1 1 5 1 1 10 1 1 1 1 1 1 1 1 1 1 1 1 1 1 1 1 1 1 1 1 1 1 1 1 1 1 1 1 1 1 10 1 1 15 1 1 1 1 1 1 1 1 1 1 1 1 1 1 1 1 1 73 1 1 1 100
1 1 1 1 1 1 1 1 2 1 1 2 1 1 1 11 1 1 1 2 1 1 1 1 1 15 1 1 1 1 1 1 1 1 1 1 1 1 1 1 1 1 1 1 1 1 1 1 1 24 1 1 1 1 1 1 1 5 1 1 1 1 1 1 1 1 46 68 1 1 1 1 1 1 1 1 1 1 1 1 1 1 1 1 1 1 1 1 1 1 1 4 1 23 27 1 1 1 4 100
1 1 1 1 1 1 1 1 1 1 1 1 1 1 1 1 1 1 1 1 1 1 1 1 1 1 1 1 1 1 1 1 1 1 4 1 1 1 1 1 1 1 1 1 1 1 1 1 1 1 1 1 3 1 27 1 1 1 1 1 1 1 1 1 1 1 1 1 1 1 1 1 1 1 1 1 1 1 2 1 1 1 6 1 1 1 26 1 1 1 4 1 1 1 1 1 1 1 1 100
1 1 1 1 1 1 1 1 1 1 1 3 1 1 9 1 1 1 2 19 1 1 1 1 4 1 1 1 8 1 1 1 1 1 1 1 1 1 1 1 1 1 1 1 1 1 1 7 1 16 1 1 1 1 1 1 4 1 1 1 1 62 1 1 1 1 1 1 1 1 1 1 1 1 1 1 1 1 1 1 1 1 1 1 4 1 1 1 1 1 1 1 93 1 2 1 2 1 1 100
1 1 1 1 1 1 1 1 1 1 4 1 1 1 15 1 1 1 1 1 1 1 1 1 1 1 1 1 1 1 1 1 1 1 1 1 1 1 1 1 1 1 1 1 2 1 1 1 1 1 4 1 10 1 1 1 1 1 1 1 1 1 1 1 1 1 1 1 7 1 1 1 3 1 36 1 1 1 1 1 66 1 1 1 4 1 1 1 1 1 1 1 1 1 5 1 12 1 1 100
1 1 1 1 1 1 1 1 1 1 1 1 1 1 1 1 1 1 1 1 1 1 1 1 1 1 1 1 1 1 1 1 1 1 9 1 1 1 1 1 1 40 1 1 1 1 1 1 1 50 1 1 1 1 1 1 1 1 1 5 1 1 1 1 1 1 1 1 1 1 1 1 1 1 1 1 1 1 1 30 1 1 1 2 3 1 1 1 1 1 1 1 1 1 8 1 17 1 2 100
1 1 1 1 1 1 1 1 1 1 1 1 1 1 1 1 1 1 1 1 1 1 1 1 1 1 1 1 1 1 1 1 1 1 1 1 1 1 1 1 1 1 1 1 1 1 1 1 1 1 1 1 1 1 1 1 1 1 9 1 1 1 1 1 1 1 1 1 1 5 1 1 1 1 1 1 1 1 1 1 1 1 1 1 1 4 1 1 1 14 1 1 1 1 1 1 1 1 52 100
1 1 1 1 1 1 1 1 1 1 1 1 1 1 1 1 1 1 16 1 1 1 1 21 1 1 26 1 1 1 1 1 1 1 1 1 1 1 8 1 1 1 3 17 1 1 1 1 1 1 1 1 1 1 54 1 1 1 1 1 1 1 1 1 1 1 1 1 1 1 1 1 1 1 1 1 1 1 1 1 1 1 18 1 1 1 1 1 1 1 1 1 36 1 95 1 1 3 1 100
1 1 1 1 1 1 1 1 1 1 1 1 1 1 1 1 1 1 1 1 1 1 1 1 1 19 1 1 24 1 1 1 1 1 1 1 1 1 1 1 1 1 1 1 1 1 1 1 10 1 1 1 1 1 3 1 18 1 24 1 1 1 1 1 35 1 1 1 1 1 1 1 1 1 1 1 1 1 1 1 1 1 1 1 1 1 1 1 2 1 1 1 1 1 1 5 1 1 1 100
1 1 1 1 1 1 1 1 1 1 1 1 1 1 1 1 1 1 1 1 1 1 1 1 1 1 1 1 1 1 1 1 1 1 19 1 36 1 1 1 1 1 1 1 1 1 1 1 1 1 1 1 1 1 1 1 2 1 5 1 9 1 1 1 1 1 1 1 1 1 1 1 1 1 1 2 9 1 1 2 44 1 1 1 1 1 6 1 1 3 1 1 3 1 2 1 1 2 1 100
1 1 1 1 1 1 1 1 1 1 1 1 10 1 1 1 1 1 18 1 1 1 1 2 1 1 7 1 9 1 1 32 1 1 1 1 1 1 1 1 1 1 1 1 13 1 1 1 1 1 1 1 1 1 1 1 3 1 1 1 1 1 1 1 1 1 1 5 1 1 3 1 1 1 1 1 1 1 1 18 1 1 1 1 1 1 1 4 44 1 2 1 1 1 2 5 1 7 1 100
1 1 1 1 1 1 1 1 1 1 1 1 1 1 1 1 1 1 1 2 13 1 23 1 1 1 1 1 1 1 1 1 1 1 1 1 1 1 1 3 1 1 1 1 3 1 1 1 1 1 1 1 1 1 1 1 1 16 1 1 1 1 1 2 1 1 1 1 1 1 1 13 1 1 1 1 1 1 1 1 1 1 1 1 2 1 4 1 1 15 56 1 1 1 1 1 1 1 5 100
1 1 1 1 1 1 1 1 1 1 1 1 1 1 1 1 3 1 1 1 1 1 1 1 1 1 1 1 1 1 1 1 1 1 1 1 1 1 1 1 1 7 14 1 1 1 1 1 1 1 1 1 1 1 1 1 1 1 1 1 1 1 1 1 1 1 1 1 1 1 1 1 1 1 1 1 1 6 1 1 1 1 1 1 1 28 1 1 1 1 1 1 1 1 1 1 1 1 1 100
1 1 1 1 1 1 1 1 1 1 1 1 1 1 1 1 1 1 1 1 1 1 1 1 1 3 5 1 1 9 1 1 1 1 1 1 1 1 1 1 1 1 1 1 1 1 1 1 4 1 1 1 1 1 1 1 1 1 1 24 1 1 54 1 1 1 1 1 1 1 1 1 1 1 1 1 1 1 79 1 1 1 1 1 1 1 1 1 1 1 1 13 1 1 1 1 1 1 7 100
1 1 1 1 1 1 1 1 1 1 1 1 1 1 1 1 1 1 1 1 1 1 1 1 1 1 1 1 15 1 1 1 4 34 1 1 1 1 1 1 1 1 1 1 1 1 1 1 1 1 1 1 7 1 1 2 4 1 1 3 1 1 1 1 1 1 1 28 1 1 1 1 1 1 1 1 1 44 1 1 1 1 1 1 1 1 1 1 1 1 1 1 1 1 1 5 19 1 1 100
1 1 1 1 1 1 1 1 1 1 1 1 1 1 1 1 1 1 1 1 1 1 1 1 1 1 5 1 1 1 1 1 1 1 1 1 1 1 1 1 1 1 1 1 1 1 1 1 1 35 1 1 1 1 1 1 1 1 1 1 1 1 1 1 1 1 1 1 11 1 1 1 1 1 64 1 1 1 1 1 1 1 1 1 1 1 1 1 1 1 1 1 1 1 1 1 1 1 6 100
1 1 1 1 1 1 1 1 1 1 1 1 1 1 1 1 1 1 1 1 1 1 1 1 1 1 1 1 1 1 1 1 1 1 1 1 5 1 1 1 1 2 1 30 1 1 1 1 1 1 1 1 1 1 1 1 1 1 1 1 1 1 1 1 1 1 1 1 1 1 1 1 1 1 1 4 1 1 1 1 1 1 1 1 1 1 1 1 1 1 1 1 1 89 1 1 1 1 1 100
1 1 1 1 1 1 1 1 1 1 1 1 1 1 1 1 1 1 1 1 1 1 1 1 1 1 1 1 1 1 1 11 1 1 1 1 1 1 1 1 1 1 1 1 1 1 1 1 1 1 1 1 1 1 1 1 1 1 1 1 1 1 1 1 5 1 1 1 1 1 1 1 1 1 1 1 1 1 1 1 1 1 63 1 1 1 1 88 1 1 1 1 1 1 7 1 1 2 1 100
1 1 1 1 1 1 1 4 1 1 1 1 1 1 1 1 1 1 1 1 1 1 1 1 1 1 1 1 1 1 1 1 1 1 1 1 1 1 1 1 1 8 9 1 1 1 1 1 1 1 1 27 1 1 1 1 1 1 1 1 1 1 1 1 1 1 5 1 1 1 1 57 1 1 1 1 1 1 1 1 1 1 3 1 1 1 15 1 1 1 1 1 78 1 1 1 1 1 1 100
1 1 1 1 1 1 1 1 1 1 1 1 9 1 1 1 1 1 1 1 1 1 1 5 1 10 1 1 1 1 1 1 1 1 1 1 1 1 1 1 1 1 1 1 1 1 1 1 1 1 1 1 1 1 1 1 1 15 1 1 1 1 1 1 1 66 1 1 1 1 5 1 1 1 1 1 1 1 1 1 1 1 11 1 1 1 1 1 1 1 1 1 1 1 1 1 1 15 1 100
1 1 1 1 1 1 1 1 1 1 1 1 1 1 1 1 1 1 1 1 1 1 1 1 1 1 1 1 1 1 1 1 1 1 1 1 1 1 1 1 1 1 1 1 1 1 5 1 1 1 1 1 1 5 1 1 1 1 1 26 1 1 1 1 1 1 1 1 2 1 1 1 1 1 1 1 1 1 1 1 1 1 1 1 1 1 1 1 1 2 8 1 1 2 1 1 1 3 1 100
1 1 1 1 1 1 1 1 1 1 1 1 1 1 1 1 5 1 1 1 1 1 1 1 1 1 9 1 1 1 1 1 25 1 1 1 1 1 1 1 1 1 1 1 1 1 1 1 1 1 1 1 1 1 1 5 1 1 1 25 1 1 1 1 1 1 1 1 2 1 1 1 1 1 1 1 1 1 1 1 7 1 1 1 1 1 1 1 1 1 1 1 1 1 1 96 1 2 1 100
1 1 1 1 1 1 1 1 1 1 1 2 1 1 1 1 1 1 1 1 1 1 1 1 1 1 26 28 1 1 1 1 1 1 1 1 1 1 1 1 1 1 5 1 1 1 1 15 1 1 1 1 1 1 1 1 1 1 1 1 1 1 1 6 12 1 1 1 1 3 1 42 1 1 1 1 1 1 1 1 1 1 1 1 1 1 1 1 1 62 1 1 1 1 5 1 2 1 2 100
1 1 1 1 1 1 1 1 1 1 1 1 1 1 1 1 1 1 1 1 1 1 1 1 1 1 1 1 1 1 1 1 1 1 1 1 5 1 8 12 1 1 1 1 1 1 1 1 1 1 1 1 1 1 1 1 1 1 2 34 1 1 1 1 1 1 1 1 1 1 1 1 1 1 1 1 1 1 1 1 1 1 1 1 1 1 1 1 1 1 3 1 1 14 1 1 1 1 20 100
1 1 1 1 1 1 1 1 1 1 1 1 1 1 1 1 3 1 1 1 1 1 1 1 1 1 1 1 1 1 1 1 23 1 1 1 1 1 1 1 2 1 1 1 1 1 1 1 1 1 1 1 1 1 1 1 7 1 1 1 1 1 1 1 55 66 1 1 1 4 1 1 1 1 1 1 1 49 1 1 1 4 1 1 15 1 1 3 1 1 1 1 1 1 1 1 1 1 9 100
1 1 1 1 1 1 1 1 1 1 1 12 1 1 1 1 1 1 1 4 21 1 1 1 1 1 1 1 1 1 1 1 1 1 1 1 1 1 1 1 1 1 1 1 1 1 1 1 10 1 1 1 1 1 1 1 1 2 1 1 1 1 33 1 1 1 2 1 1 1 45 1 1 1 1 1 1 1 1 1 1 1 1 8 12 1 14 1 1 1 70 1 1 1 1 1 1 77 1 100
1 1 1 1 1 1 1 1 1 2 1 1 1 1 1 1 1 1 1 1 1 1 1 1 1 1 1 1 1 1 1 1 1 1 1 1 1 1 1 1 1 6 1 1 1 3 34 1 1 1 1 1 1 1 1 1 1 1 1 1 1 1 1 1 1 1 1 1 1 1 1 1 1 1 1 1 1 1 1 26 1 1 81 1 1 1 1 1 1 1 1 1 1 10 1 1 1 1 1 100
1 1 1 1 1 1 1 1 1 1 1 1 1 1 2 1 1 1 6 1 1 1 1 1 1 26 1 1 1 1 1 1 1 1 1 1 1 1 1 1 1 1 1 1 1 1 1 1 1 1 1 5 1 10 1 29 1 1 1 1 1 1 1 1 1 1 1 1 1 1 1 1 1 1 1 1 1 1 1 1 1 1 1 1 1 21 1 1 2 1 1 1 1 1 1 1 1 1 43 100
