0
452932427
308030331
0
26399198
683946919
0
0
0
0
227140134
502888823
653755462
585840880
452105190
0
0
828385514
937501791
303864255
618208331
14242109
917418132
0
255993509
0
853744793
0
466942439
815005312
536257909
907668637
297454746
246315015
460825256
488644207
0
0
199094936
30673833
540022541
268425719
174093078
596563
754663668
524133804
123411547
483515189
360653882
845880995
0
731724339
154543622
351196397
700154563
618965459
410494441
874023644
0
232976150
0
18021541
639031478
995322314
323826819
0
0
38325661
0
211140889
905116336
0
0
747697686
0
701517716
261257860
760393947
615936753
285673806
169827834
828585937
230761403
0
388569101
53792830
0
686968250
102219936
454111149
283055313
957492921
222447454
0
274339401
891079736
272022896
0
0
937646016
