877725206
524659891
0
0
749203901
301341723
392184923
0
228918417
0
875584829
936714910
0
665329193
601902321
835541008
0
940971019
744489670
0
0
0
187335414
972206252
0
50010759
0
0
523988942
0
61519349
0
414693854
300696996
668544598
0
370598161
808213624
0
570679592
348450514
435851334
272661220
594610498
309462682
0
774618373
359699132
0
614788437
0
0
489862490
619656841
0
561273419
860731353
246103086
661274358
586679293
790506589
0
514405730
272618593
750606359
332699154
277711812
724414112
581277965
607442557
723096294
574440754
590875712
0
468207352
763627193
0
0
265465276
398393664
667130498
0
861134911
810099509
99799077
0
21279693
505353778
804719823
683414332
187442856
0
327921165
892821126
515832341
906548888
0
0
0
919161213
