500 500
97511 97491 87760
9461 10239 52855
94832 94531 16881
96733 95943 71346
61574 61071 22147
95578 94693 34784
87171 86345 70311
67121 67002 20252
59176 58790 43278
43556 43112 15506
98999 97920 23186
65677 65753 91043
98152 97786 55624
29880 30171 50326
88425 87521 63173
98803 97967 11869
67562 67501 91431
15447 16165 58087
14407 14442 3518
24542 24791 99126
35257 35096 19997
59829 59219 8856
29704 29515 13338
53072 52897 20448
48589 48909 77911
97760 97543 76876
90035 89689 19474
74740 74008 16979
52866 53070 11331
32529 32981 87984
87997 87081 75506
77003 76558 61038
11624 11962 15459
5206 5956 53384
76047 75878 55569
97952 97048 17661
2908 3558 44789
28194 28061 16837
56693 56926 23333
35183 35685 76471
93098 92429 36608
37538 37798 64476
93794 92951 43082
45024 45436 25114
71527 71750 52473
62958 63047 46511
78395 77755 57670
17439 17965 6464
32079 31987 56359
81656 81105 86630
30473 30432 90704
2338 3147 85762
43665 43653 51061
48106 48333 63093
60945 60857 75764
4979 5490 26408
5252 5785 36020
54452 54154 26162
80156 79508 49614
18867 19338 75112
44974 44877 37914
91356 90868 51970
23240 23751 39700
2550 2917 15075
52289 52400 84742
1637 1606 38745
46140 45968 6014
56747 56225 3795
73769 73731 69474
3254 3945 92593
35321 35018 57419
92707 92403 35384
59262 59344 1591
35578 35452 56176
8108 8611 33554
10074 10855 83511
610 1029 10867
27527 27394 19437
62663 62271 91549
1997 2405 70249
14228 14135 53972
60683 60584 79296
70179 69917 86947
48605 48793 63412
17408 17725 27778
42530 42750 8624
23943 24599 19449
62626 62044 31969
67005 66351 55563
99471 98739 9210
70706 70981 15658
51675 51742 26374
35574 35820 51300
48944 49035 52678
16653 17052 68023
3378 3981 13211
26720 26923 81540
73192 73227 3304
13046 13388 60866
22850 22682 21755
18177 18765 87934
36548 36473 85734
65985 65904 31342
29033 29006 32947
2201 3022 55492
11014 11803 52023
1545 2103 15816
9090 9523 68908
82595 81858 76661
83725 82873 69743
18044 18320 79201
78275 77523 24275
73418 73399 73724
15449 15582 4730
83827 83057 16121
28938 28943 78537
13109 13071 107
88420 87621 81147
75489 75585 14004
40525 40722 8573
69163 69143 66251
20786 20776 3763
38701 38509 24850
23820 23829 88005
31340 31938 32110
50020 49881 44333
68348 68404 84645
69492 69642 53510
91975 91473 28189
51372 51492 38630
24191 24370 37985
84442 84029 51949
67413 67327 41484
90845 90578 48087
49994 49564 1929
15246 15316 65623
74294 74439 51393
25576 25585 2680
27839 28199 2649
7177 7219 25183
19177 19703 36874
5515 6303 24530
58576 58264 71256
42477 42710 55791
42565 42614 22405
41275 41525 41726
56427 56027 58260
34784 35271 55955
94941 94057 99876
36210 36265 20790
88240 88230 46546
58553 58405 97919
55475 55012 66302
88324 88313 15837
50930 50816 47049
11325 11379 32208
89063 88293 42297
47416 47696 43616
16467 16679 10878
12520 12394 13559
67562 67379 73628
4999 4986 35251
37149 36959 2640
54762 54622 62655
99591 98945 50512
21024 21102 62888
1364 1373 41292
58555 58799 1139
37240 37366 1768
98162 97464 85873
95210 94416 93614
3824 4354 58101
53933 53424 53285
20099 20683 1228
26326 26474 50639
48970 48472 43041
57930 58158 95989
21548 21639 21897
7895 8549 52662
39265 39751 99710
58485 57904 86565
33796 34189 14884
39819 40385 32713
74479 73850 30826
64839 65128 76483
93954 93046 16035
88661 88238 11136
42118 42029 38112
10035 10376 74947
83073 82687 86529
35748 36226 11991
19312 19670 75971
83654 82879 35622
74542 74536 34118
92513 92555 71927
13234 13146 58087
26872 26720 56117
16607 17353 35419
63218 63095 35383
45204 44802 83315
8210 8860 61686
6568 7259 81352
14694 14945 7820
20656 20845 83081
80042 80184 91958
71472 71363 3239
20852 20918 20215
29260 29290 66636
91445 90896 747
51903 52298 68879
92847 92048 89096
72014 72134 26426
21209 21351 51801
81334 80648 61787
4241 4806 21024
25361 25246 77644
97674 97053 21543
58950 58496 33136
81455 81048 40729
97692 97059 87676
1973 2439 71757
67891 67996 93878
35291 34861 17085
32390 32478 49270
35600 36220 42454
81131 80393 35430
41563 41180 18343
72681 72861 81461
51517 51061 32322
1342 1797 37753
86811 86646 80870
22722 23103 7806
79208 79267 78846
10684 10990 3993
2719 3475 97755
3788 4146 57663
462 971 27077
63749 63847 4775
34002 34145 50829
36573 36716 85841
61891 61766 26778
32695 33091 90893
64424 63962 50724
81278 81149 99740
56168 56295 82366
70877 70801 60920
35190 34879 98740
56547 56401 29576
49777 49792 33931
47066 46536 48317
19939 20605 94746
30960 30722 53074
70305 70244 77530
82237 81382 17142
83553 82855 55332
16217 16488 87351
49768 49285 97593
79817 79293 96351
991 1366 29005
52144 51964 15216
17285 17848 18938
66184 65547 26338
38810 38866 67680
47060 47472 5239
41145 41567 77430
2717 3135 55135
3595 3548 5134
68600 68010 12756
77971 78099 46570
60147 59974 73816
69695 68922 19028
88715 88561 52311
47500 47871 59349
36131 35918 9086
95084 94117 59327
54703 54681 1422
84659 83781 98735
74175 74342 7998
11272 11392 66600
97778 97538 85717
83742 83790 85488
37596 37507 64019
22798 22977 53349
94172 93951 35513
32077 32489 18180
25078 25419 47678
87299 87061 96468
62044 61565 52346
32239 31999 30951
67954 67646 47631
91244 91018 78923
93201 92921 28187
12622 12743 36680
47389 47032 71055
66546 66716 55444
2883 3185 11025
81416 80607 59532
4336 4814 88213
24360 24966 92565
62594 62622 60308
53302 52863 84509
75059 74799 8016
8746 9378 20411
22369 22457 49221
11966 12756 98438
66817 66585 64789
50833 50378 87329
74760 74257 37412
54230 53667 26080
6456 7315 94495
13871 13808 8390
98667 97827 45888
98752 98211 59279
56148 55800 67979
77098 76534 17115
23802 23720 78528
56329 56532 36491
79652 79312 81247
54214 54023 8753
5085 5523 99
55867 55318 96048
1662 1867 89851
64679 63979 37067
49461 49427 18922
93108 93112 45437
18406 18526 43750
66312 66102 95050
36620 36567 1373
59862 59764 71765
4449 4996 20
29713 29906 92139
4488 4604 56396
5002 5436 34846
29260 29431 76809
74297 74066 42456
15686 15599 10729
11219 11520 32631
98185 97378 14738
88001 87730 15312
28829 28554 97605
78015 77535 72211
94531 93604 17126
24117 23982 21187
60591 59931 74971
81900 81334 4822
25416 25484 18855
80025 79470 45304
79346 78596 30351
86905 86518 1616
43573 43073 66107
6405 6751 51105
83556 83228 48583
89033 88246 1876
15791 16430 17241
57502 57765 4152
66606 66851 48085
25142 25161 52791
17618 18201 82623
88820 88223 13585
1753 2298 47934
80481 80470 40574
97187 96642 80364
21119 21175 51911
27445 27620 16485
40231 40050 45941
88206 87408 95179
9799 10305 29169
22457 22369 66766
75919 75274 18145
38370 38362 65777
59103 58554 67792
29457 29604 21774
25010 24854 19027
69107 68610 58737
45459 45842 79005
70551 70697 99874
15499 16051 13546
54125 53917 58643
73794 73014 11696
64603 64271 38639
70921 70275 51006
11247 11230 76880
55173 55028 22571
19786 19775 14287
5205 5856 95321
81504 81369 90449
12570 12872 36693
71712 71075 33040
80088 79957 51226
14491 14590 76330
23075 23690 79355
65474 65500 26979
3180 3499 41055
75343 74884 10301
7491 8263 27493
48940 49394 42502
95614 94809 25705
2140 2710 81908
58846 58921 79120
6503 7288 74748
33948 33921 36651
56230 55805 23409
6080 6618 55684
28609 29276 74416
52814 52278 98213
95210 94420 1725
82299 81739 78262
84942 84682 34757
26869 27145 74452
64127 63842 76566
81824 81447 72396
9042 9428 12941
86229 86141 35929
31475 31767 30687
28407 28256 77272
48253 48254 51369
13541 14005 49284
74346 74266 58368
49269 48991 7304
42285 42233 23133
72941 72850 29830
32496 32408 84847
58712 58414 71695
19576 19310 32268
92992 92515 66123
84820 83962 77035
74023 73776 93199
30686 30370 52571
13525 14363 75555
3239 3518 21627
56433 56080 99514
61795 61519 90105
26701 26816 65268
6696 6853 26627
87962 87167 51545
78545 78109 12143
76065 75842 20605
89217 89278 20344
2648 3446 69093
100000 99290 41960
79463 79272 24215
57803 57735 31150
13399 14048 65249
88661 88285 44270
14278 14647 50882
35883 35939 79961
47790 47853 1376
16637 17405 10573
81834 81221 39439
14880 15396 47913
34103 34165 62468
43106 43189 72279
39313 38962 23299
63135 63147 94459
8328 8683 62282
28927 29091 91933
53295 53600 1905
10462 10563 80557
60145 59601 72798
54504 54069 52924
43915 43946 28178
63996 63583 62689
60329 60674 82836
56353 56456 41189
30505 30879 30529
67817 67657 85660
26875 27123 94268
92764 91873 41667
68046 68280 19966
51735 51816 6855
96222 95597 7794
78953 78133 54345
38029 37898 51503
62717 62402 4756
29722 29443 47067
23959 24201 93532
18960 19160 29745
1062 1418 53703
45828 46292 21160
20429 20459 2724
77425 76856 86914
3268 3237 13483
97273 96245 4945
6602 7027 10573
77241 76803 50236
78985 78577 62663
28322 28845 51336
65316 64777 78752
28848 28698 52013
35061 35024 77163
20024 20036 81513
30699 30659 11795
22563 23189 36909
90818 90074 21914
83883 83486 65381
2326 3062 45079
11602 12352 87443
83265 83066 2178
3203 3453 71736
4274 4444 95048
82707999890 21479
27279967845 174112
51665525471 50929
85953416389 240308
42087259233 88062
887669107 216061
95771999088 113132
88900030255 14964
27182994770 232188
74043125140 77388
58899991053 419462
30683210045 39794
29224201871 66008
7414223910 197673
31371482637 227109
69245073563 403813
49754539125 257734
61396415691 197897
60076279369 10314
62907132139 73160
81963392922 222750
68158807691 389618
21928231923 498870
36296513607 220207
29341772987 459326
63218754607 275175
99865571289 158987
5956581759 418880
74520825157 204239
22946514587 247787
69404992168 448328
6925136567 48714
471280907 338061
9831400228 209249
87893680443 84296
49960173397 199560
94357929787 382812
61962391088 703
45483369593 276598
33720333815 322954
45400443080 392141
21750527094 316197
20035427526 328426
47027562602 327154
21043228564 35238
90034098580 38621
6571518512 50886
21125228901 65262
85865803412 421165
6717867807 242337
75245018603 257117
44103451997 150431
79926062206 450652
44887336895 438382
43240836931 436983
99521378347 378618
79320708250 28262
88436107737 76500
11318042007 317741
36709476551 88060
66088084601 459575
59527191994 377071
82449018499 392956
93016433227 232127
30947726344 477091
19199174287 167147
94601110446 413848
74741853297 111549
89387229600 171690
21494656162 233177
75839500672 58167
89814606295 468598
39370575130 137069
89567909297 329607
93791380981 266197
81081778635 490734
22769625957 470155
53806126186 250415
35925849582 306143
29263963532 482565
265067644 292415
61306574366 258689
42202657677 444720
10464212437 291495
17177893751 395376
89433331111 269886
176227096 136879
42203583525 109188
9769165669 414537
64260921838 48968
44805938774 351821
65909083096 411102
94490263445 411140
42733699382 346821
37534370767 355747
27127361121 422934
58414747648 372715
12691506166 192794
95517296884 206923
33243256194 318283
42119635785 499352
5194499630 411530
8760319224 36128
68299181366 246610
94783925050 306934
39861086917 498935
42015312437 292784
61076309241 174955
20801040530 374756
58976434903 312190
26192990943 178724
8169813910 9614
64437029551 490343
61938564942 493852
93318576608 40437
34704967340 319890
59696803550 444933
74759697585 114227
5600107797 499758
25319505154 255822
27957301317 398534
38994611405 81872
6756065401 114088
80230283922 231349
7815124625 414120
63424381564 25580
9877350537 315270
90120419840 396409
67720216039 341979
42283130130 208693
57229726860 195040
64058976778 487723
91777858620 103460
93782180896 205911
97852237149 489102
35384483334 370655
45916504642 16380
64329720680 260357
92428654614 74329
62611911541 390837
32420085395 470099
25369396629 279984
53817643936 133027
72861949483 377241
14593064711 260996
9237951476 356632
65428423732 309812
35216966563 2213
91605235833 492433
32387041669 201073
61381077318 473827
95998070254 488536
1335175215 173212
56944604285 287194
76626153024 250392
31592976061 284449
75699552783 148418
10876629885 326638
18102382634 260968
85268386864 465621
77077625703 441129
91890128843 480441
72356356949 39985
49913859334 284068
50344659612 147279
19979025861 448373
20710877811 116978
94753565608 488864
54992103305 196765
38326590834 253564
61433210095 26234
11735121593 493719
58099489704 197510
46298199850 30217
3386583419 404210
43399479548 326260
94651203814 176423
56418394041 136152
16582623991 92517
31885579542 369433
46786677543 159865
32601705837 407611
45973674024 494354
69281390474 474752
65296486753 372538
96362838932 208501
8780171008 80375
43915505734 430348
7750280502 482232
10914391989 278611
82010813797 31001
67156245064 456273
80350451673 286160
25449846992 152657
35468088487 450223
36402572375 178816
2640494509 486873
47207631308 242587
50279871315 177362
92930865298 419799
19004266852 133909
6078865671 205022
5213000436 223769
20525303663 433287
99283448754 302918
36846706989 465934
92544987623 467617
34152089674 123320
15226769568 432541
46616295431 160698
18355234396 170896
36077249993 421240
49308823817 440317
72854950784 31564
76413017756 373820
57688628770 246786
84592068946 255572
74207161489 384235
12380860832 323960
81160394376 94352
92150326338 107983
70302966474 240868
8660284796 488065
29215975756 293435
8971174473 7323
75508625324 362156
47011104549 192209
30836252349 131859
45165810971 448886
59721806456 157398
70129598568 455291
20532845199 67345
96575741262 314344
68170384489 206529
63122931421 300974
4664862610 185175
98646431394 468779
72704884695 199329
32326480884 137454
90453047054 488297
82668659838 473714
83830450635 229238
71473861443 31087
60336029373 416248
76260585938 22876
40610411459 252940
26954055517 38007
78281924509 195849
25494936292 123942
14109320322 392965
13725366616 375528
91614368542 393792
67877340981 439103
75407605611 67570
83970554832 383464
88471326373 284734
58137586964 134724
79406058196 111847
1348470478 66595
6441764743 314019
29313862708 314860
23798796897 57051
76286136459 86286
42011549968 236842
76965554000 451782
97786558287 423163
12443102108 357138
58409544584 155970
58110524620 332276
91952789757 211921
76891853723 243756
57954069126 20281
15269029800 472742
92178160701 32759
24825079336 161852
78398615121 118959
24372651912 255881
12940330932 186933
42343752979 404222
2148974331 423492
41918271536 333401
13260006043 436052
47164613269 351941
79874786885 339870
11719755307 288550
33437849730 66366
71038403893 479781
65983890336 390451
83071494133 145622
646993137 94179
18770854490 303668
23273093494 319381
76375373597 411879
17122757058 438285
25698091755 9768
40041895070 377797
95064716615 328477
78390105943 288123
77663951328 457942
88765399587 380847
72339753067 397565
61492450532 310018
17074538103 312446
57848750583 320164
95549213107 341809
71818856105 212332
38294421699 444063
75141864106 142495
94145926437 487911
86479833063 392541
34714105570 53691
15079485708 204460
28385387279 311795
97501044016 261319
43087189009 87021
18760086129 125875
85801552132 180765
81609549000 315233
81710365357 232986
45017417165 246008
43937839073 465103
7343946319 376687
44705969304 217918
66791662993 212063
58393532021 109164
45601897811 172124
94603842672 145715
71535745354 303297
37808590406 79342
4962754415 495026
11235869121 174345
68918025253 30373
18291990073 457359
79940446998 434530
15668392091 228682
33258943871 311201
74834566172 388103
39535550343 474356
50855348815 408092
38821776934 369495
6441752981 280930
13358489449 268823
85221232393 235665
95861898477 416972
64827772867 307937
10789231842 44490
94466406374 256288
93038095540 489726
3017241922 245669
84543803988 24723
93233179942 14460
79099227514 146930
75797580014 381557
24757195265 425313
21834184697 476137
26625795373 196042
50641860063 153289
16831596918 448610
44177079046 146414
97281841421 66802
93722786688 306845
21246429969 68506
23667208357 203272
24394612182 156050
49208838466 121509
80677936306 270479
52576618195 160491
58610732226 14301
246725953 116615
13336821824 484317
38471960487 446295
21688538788 384606
54550956542 256724
94178536705 464879
39361908091 2452
77120939641 413902
51255498469 475877
82280191020 228939
78703089212 78996
72970410546 219206
45632215221 189145
868691766 283369
48826481843 351346
32756151868 38366
78219212756 370161
97798605385 221296
75505688398 499689
72960238282 199477
35287415118 383241
1623415175 170564
35137516649 223361
98334724415 90161
14083444230 432422
24821826241 117545
87212734002 389059
80133679733 30376
71477846641 384085
74979293011 10973
67050965598 317162
69983579500 308177
82631886151 167795
39562363836 327033
7943126438 334224
5126313512 420396
97535964814 211298
98544016433 238585
26310654959 430729
48371655973 450732
41251626598 220804
49408216112 231281
51042495776 472068
72675195144 210071
45750012738 456831
84162194844 246794
17631682120 207466
34720191495 27506
26505129084 19766
73882091302 463892
73832963576 264287
30383057295 18369
45606333994 12869
65580668046 5287
67283904917 262381
51053267690 342747
45936075662 362593
31844274801 345390
18587023106 26757
59486370328 453264
15682746851 150185
72031401128 484066
56730280495 171919
47856291768 61788
79548105853 5469
75200733473 425388
39975775975 354587
43351766356 92198
19888464462 465959
7676021533 233530
59883212495 189535
5925891521 66834
72003475566 107650
90504856646 394089
96532713789 214155
4606150415 332111
72834209216 217063
78192271971 208198
68742910882 297048
16744866441 202436
33401620465 254069
33557911742 207917
22206008646 304562
8982015197 211808
62088672378 283893
4289596185 438638
32661327192 481972
63485285296 303681
29292191739 142779
93562973732 254592
46781469373 190930
17631819592 26995
12332358367 65468
83965913563 295296
63650412280 122555
52803731961 315194
1344553312 252453
69840804662 485464
58347686853 463560
45735631438 271540
45893857105 470162
71863503616 136335
20973594475 157953
85192376327 47576
85023095088 497877
9568745866 69038
4517754820 269325
66304577597 308800
83440319539 54062
10813919325 376152
82754888285 362991
3252166287 157055
21208688553 327206
86380652628 14101
31399209978 442425
80905730564 406018
36922039069 61458
12186196875 255907
49058208759 338402
30663303213 328638
65286374193 166922
18716237084 136170
43334699010 91336
27461900308 178218
30884006171 486345
58176027679 318379
40414159940 37446
54344651752 69587
16185519838 156077
35165751782 427578
91393379987 79447
95145680680 170026
