33149
97474
98362
42245
99887
99823
99823
99823
99887
99104
98362
99104
98860
97474
98362
99823
99823
93498
99823
99104
99104
52287
97474
99887
98860
99823
99887
99104
6745
77010
98118
98362
98118
99823
98118
98118
98362
99887
99823
99823
98118
99104
26530
99823
99823
99823
57963
98118
99823
98362
99887
97700
43902
99887
99823
77010
98362
99823
98118
98362
99823
99823
2900
98362
47377
99823
99104
99104
98362
41884
98362
98118
98362
99887
35482
99887
99104
99823
93498
98362
98118
99104
99104
99887
97474
99823
99104
46894
99823
58408
10735
28955
31353
98860
99104
97474
87026
98118
98860
99823
98362
98362
14468
88407
99887
99823
10523
98860
98118
99887
99823
97700
99823
98860
99823
99104
99887
99823
99104
98118
-1
98362
-1
97700
99823
99104
99887
97700
9947
99887
1637
98362
99887
98860
99104
99823
98362
71500
99104
98362
97474
97474
98118
45420
97474
99104
99104
88407
98118
98362
99823
99887
49152
98362
99823
68211
98362
98770
99887
62086
99823
90251
99823
98860
98362
99104
93498
62415
99823
98362
99104
98118
99823
30300
38196
47377
99104
99104
86812
98118
99104
97700
99823
33238
32312
98362
98362
99104
99887
85765
99104
98118
99823
98362
99887
40411
99887
76960
99104
98362
57963
99823
77148
20919
99104
99887
99823
99104
98362
99887
98118
98860
59163
99823
99887
3874
98362
98362
36066
99823
98860
57963
98118
99104
98860
99823
47377
10523
98362
98118
69032
99823
98860
98118
99823
99887
98362
96955
99104
49848
99104
98860
99104
99887
99823
99887
98118
38617
14667
77011
99823
99823
99823
98362
98118
98362
99104
99823
98362
99887
99104
98362
99104
99823
99823
42726
98362
20618
99823
52292
99823
98118
99104
99823
79314
98860
99823
99823
99104
54237
99823
99887
99104
31069
99887
99104
98118
99823
99887
99104
99104
11105
52470
26736
98362
98362
98860
97700
88228
98118
2277
99887
97474
99887
99887
99887
98362
98118
99823
99887
98362
95883
97474
99823
99887
97474
99823
600
99104
98118
99104
99887
37318
99887
98860
54237
99887
99104
99823
59163
77321
99823
98118
70008
99104
99887
98860
99887
97700
18912
99104
97700
14114
97700
97700
99823
99887
97700
22862
99887
99823
97700
97474
85572
2697
99823
62854
98860
77188
98118
38196
99823
99104
53425
66256
62086
99887
98362
99823
99104
37318
99104
99104
64369
99823
99104
7023
77011
98118
98860
96538
99823
99823
46026
95883
99887
22568
70475
99823
99823
98860
99104
15915
24779
99104
99887
99887
99104
99887
31620
98118
98362
98118
99823
99104
99823
86359
98860
99104
99104
99823
21056
99823
99104
17263
98770
25484
99823
98362
99104
82575
98362
99823
76020
99104
62415
99887
66256
99104
99887
98118
20373
97700
99823
72070
10298
99823
98362
98362
19948
97474
99104
99823
98118
99104
98362
99823
98362
98860
94316
87397
52030
29024
99823
99823
99887
70475
99104
66256
51715
99823
99887
99887
99887
98362
97700
98362
36809
98118
98118
99887
99104
99104
9607
98362
98770
98118
51729
98860
98860
54806
98118
98860
98118
98118
99887
99887
48289
99823
98362
98118
99104
99823
98118
33083
99823
84753
99887
99887
99104
