500 500
50124 50588 71219
22568 23083 71674
66377 66033 90761
50132 49887 3730
75403 75046 34027
64037 63539 88153
13905 14547 45019
2710 2968 58721
69948 69850 4845
9954 10653 79637
3874 3821 42173
60109 59621 44097
712 1324 1757
28696 28914 39390
89768 89414 92248
51455 51580 20953
42126 42421 82524
10556 10414 1790
81012 80322 62583
88228 88096 60986
37066 36943 47611
54486 54849 15314
65999 66144 42839
53355 53731 31281
14114 13972 63689
74151 73379 81482
98118 98019 69622
81088 80999 64280
4682 5297 1496
32312 32337 81262
10523 10859 80816
13446 13978 25869
48230 48273 81620
20128 20578 68269
47377 47080 84232
18912 18971 31441
2300 2786 44106
50028 50304 66778
93510 93096 8433
21067 21248 12865
2930 3242 2324
48289 48231 39634
89758 89714 70099
99823 99297 85251
44064 44069 7561
62854 62538 81387
16623 17032 39833
39898 39733 99790
95589 95419 82320
82507 81950 72242
14911 15591 70607
30039 30087 36445
4165 5034 72291
47242 47348 18817
42245 42458 36432
75580 74952 5401
69380 68769 90281
91323 91334 54589
26290 26159 3656
32129 32326 14919
25893 26203 10583
52013 51822 23806
86812 86715 84046
91058 90556 55234
79314 79253 69640
82187 81832 14476
76020 75325 86899
51605 51993 44305
89496 89423 75249
44629 44587 23277
85949 85872 49318
40411 40488 55672
41876 42085 9229
89993 89408 41505
34187 34204 29131
77148 77012 63332
67266 67426 66877
45107 45375 99579
58408 57975 69958
28291 28501 22848
90121 90146 76633
6745 7069 78943
31620 31324 33485
48843 48995 72753
8341 8993 94870
15527 15742 90732
58513 58689 50934
443 793 37571
18832 19488 40981
31893 32370 90077
49723 49750 23345
28542 29009 37120
49121 48974 64162
26530 26904 29407
9947 10396 95914
57963 57628 53617
97474 97229 44631
68367 68503 96747
53703 53559 14751
1252 1477 252
19353 19631 41304
59125 59240 76537
93498 92928 78318
34061 34061 54512
37398 37090 36687
68234 68078 46152
45637 46015 38552
4688 5431 23039
94015 93486 11906
90959 90724 73280
66137 65511 57947
68633 68571 35993
4720 4865 75293
84165 83300 10305
75270 75426 94025
13216 13161 7158
97286 96399 64652
49152 49136 75748
35645 35863 51532
57209 57346 40270
75144 75180 23440
39241 39763 10409
26736 26616 62441
1429 1476 14843
40173 40293 14890
33149 32897 77303
69032 69063 62916
81297 81340 21980
93676 93139 60157
16603 16752 51828
22862 22828 40522
18354 18664 78690
85023 84310 27814
45151 44843 11706
33722 33681 14045
41620 41940 40063
98362 97335 92914
33961 34004 90957
49952 50360 66761
96686 96012 45424
10298 10721 44870
84114 83718 38908
92050 91211 2364
14942 14809 78782
37318 37635 23068
83754 83718 92748
52287 52174 53844
6516 6498 70191
43942 44460 75185
76739 76816 63836
38612 38337 28157
1320 2129 87620
59080 58582 36035
13540 13853 13671
55177 54754 27789
16773 17387 78838
72887 72710 61088
49848 49776 83361
89233 89081 85847
62646 62338 63016
56900 57004 5766
2697 2787 8862
37211 37496 10286
54744 54619 31416
72256 71945 65060
13253 13267 87929
62415 62329 89880
48475 48735 62346
3609 4079 65673
17214 18021 35849
74872 74157 42030
69437 69370 95521
42681 42223 74764
96755 96693 10006
52470 52084 41511
36066 36017 21412
55240 55306 64540
70558 69908 7837
9878 9811 2199
49801 49886 6790
557 949 33988
3351 3402 302
70530 70266 36011
9116 10003 86452
38935 38910 21314
9752 10509 76715
84837 84809 79770
31069 31199 80101
96593 96219 85923
50600 51066 84029
20373 21035 65122
51715 51585 69117
1792 1764 36914
80990 80531 4193
67242 67362 25540
31577 32047 26548
69275 68952 95115
33595 34123 65755
96955 96363 67158
66039 65922 1448
24779 24808 68512
31262 31789 53010
2900 3180 43419
532 772 80933
84753 84683 43303
51729 51790 77680
8651 9285 11110
7066 7449 76145
4097 4382 37384
81061 80425 61710
7455 8225 50527
66944 66953 66640
68216 68127 11156
80373 80216 49016
77010 76641 47188
41976 41971 41329
75774 75657 83711
75380 75107 77145
20068 20337 49691
22283 22841 94439
71786 71490 51141
77011 76872 62273
73641 73142 73372
836 1180 1314
70008 69945 52990
57581 57079 20908
72494 72130 88547
44559 44764 83849
84021 83912 72978
90880 90479 34080
51378 51405 10611
32023 32436 87232
46026 45789 98342
54981 54519 2043
31353 31144 74280
64277 64050 50209
13125 13750 35903
92007 92005 2831
76876 76049 71561
75442 74672 59940
70704 70629 21450
92749 92378 53906
59163 58634 34904
94958 94819 41953
68210 68088 94563
46177 46290 26316
74182 73621 66840
29143 29560 40541
41884 41546 93742
47635 47736 50243
94316 93363 38250
42532 43016 55802
19483 19519 58517
56833 56667 23612
23497 24121 93164
35044 35130 22753
82072 81484 26864
73932 73262 42139
90734 90727 25741
99104 98714 80100
81119 80340 78641
53425 53497 79822
8462 8419 28196
70392 69779 31007
206 753 37915
10735 10739 84113
16157 16235 14020
13247 13273 60556
12713 13108 71329
70416 69931 41830
1637 1599 71344
23947 24168 49561
35067 35013 88498
20176 20594 52840
31023 31401 26044
93276 92494 26467
9875 10242 6476
28255 28487 59365
5860 6499 17592
50824 50858 34411
14468 14756 76544
21030 21124 20404
13150 12988 25828
57647 57266 79200
49788 49727 47585
24531 24859 27971
87162 86926 69604
82093 81950 96355
64369 63668 94225
63318 62945 81022
70475 69944 57445
28846 29468 4293
46894 47332 83963
314 902 42843
26059 26301 53604
82112 81303 50738
9224 9302 9230
8179 8495 43834
82960 82560 12175
13538 13543 16107
87026 87000 42466
91670 90900 49764
34626 34596 61312
24605 24417 2001
18579 18668 4087
83218 83156 14543
4679 4835 70547
25484 26073 39755
20618 20449 44033
30823 30626 60718
42117 41884 96056
35482 35186 31890
48094 48219 88820
37127 37255 586
46118 46302 34333
96283 95826 52171
92098 91351 21714
30782 30679 43560
74408 73800 47126
4410 4386 52510
97700 97460 29396
34178 34676 82664
72245 72189 14938
36550 36748 30440
81025 80495 80271
52284 52627 35929
23521 24128 8997
2277 2804 49050
36809 36666 82433
85154 84358 66426
64264 63911 25307
14961 15143 83640
76960 76269 32138
5831 6652 27221
73087 72425 20926
80872 80491 51693
60518 60682 1289
54806 54996 81680
34241 34468 85741
80332 80357 27341
90923 90712 14242
42863 43067 47700
48102 47720 32984
37640 37966 11689
40796 40516 42487
38617 38316 13740
7759 8476 19104
54783 55055 23039
95883 95117 99339
24878 25468 16940
90983 90834 38069
86359 86130 68741
73054 72971 31237
70631 70297 47093
58243 58082 6175
77188 76720 9306
92706 92196 7472
74217 73560 79824
38196 37943 72817
82243 81387 56957
22704 23099 84963
9047 9300 46909
53508 53655 14771
44282 43928 5963
8770 9484 543
19948 20158 70075
89657 88743 45963
62086 61702 72630
43902 43728 47419
37864 37868 14663
24942 25396 77073
14883 14886 35005
96741 96261 25542
61926 61653 61747
31025 30716 31254
53799 53779 5496
62126 61588 56082
17263 17178 4284
90251 90141 18997
63791 63838 96627
32771 32840 3969
97270 96695 83994
20919 21312 79953
11779 12181 65408
57051 56512 72147
26378 26129 22709
41328 41489 74375
69030 68671 90136
54237 53824 90890
27109 26839 26789
20907 21242 89923
66256 65740 68821
29024 29574 91426
24806 25422 15046
57906 58069 27703
77321 77345 27799
89484 89461 99286
34672 34302 42931
6914 7777 56796
24712 24547 6634
90422 90060 27646
15915 16304 85494
27571 27849 80607
94043 93149 17633
42600 42648 66644
28955 28736 88504
18180 18170 69366
85572 85067 98666
70 703 79852
14726 15374 94115
25609 26136 21996
70593 69891 16589
96629 96385 19028
88407 88438 81462
76685 76770 32356
82575 82381 44809
68183 68386 94323
14667 15360 95037
14469 14851 95427
67598 67472 59053
52429 52124 7400
58801 58417 62300
19333 19130 58578
70956 70267 23370
52698 52561 20919
68211 68284 88642
37733 37799 5698
52260 52525 77847
23473 24035 39005
17269 17267 52451
9607 9942 99624
12911 13592 78847
23584 23767 92689
49868 50173 86286
42726 42805 74000
61296 61044 29142
60832 60794 20242
85863 85311 38979
82251 81653 86224
673 691 72210
84966 84708 67425
53657 53771 53062
72070 71589 74763
87181 87087 78018
85765 85710 88740
86389 86262 38120
45420 45223 62492
50649 50286 8219
27633 28262 85011
17434 18129 96201
71500 71288 31024
87397 86642 99655
31462 31637 69558
13644 13489 27703
75596 75654 92388
2992 3607 40680
66040 66170 26003
600 1301 77428
79952 79998 23691
44498 44307 30966
11105 11232 71584
62867 62691 12401
98860 98550 48573
18860 19224 24235
94246 93499 43862
57002 57357 26541
52030 51774 74025
79430 78835 25767
40375 40322 99422
5639 6213 32546
65317 64892 81143
4545 5151 29561
6402 7277 53030
33238 32910 83981
97034 96768 54061
53322 53174 21859
56419 56767 7793
60174 59535 30495
98770 98306 2725
88570 87943 68892
21056 21464 11365
88807 87963 23028
9286 9670 59488
71894 71764 79606
72060 71913 24879
12208 12739 51364
29657 29461 20318
70502 70446 10016
15662 15649 72569
16887 17568 14574
20167 20070 17333
99887 99001 74147
33083 32686 73523
52292 51989 27830
7023 7194 68031
50597 50362 76006
73298 73074 69522
96538 95882 72489
66829 66542 38648
30300 30225 51150
6294745107 188657
56310359571 499922
92791407677 333744
17612143759 410552
57142996232 70302
65961394808 94674
81606078369 116461
70425392334 151748
95397802159 62963
50027490387 213338
89887190593 306605
39105554830 172836
82760978062 256226
84667954760 487551
86957850712 339426
61960427386 125024
44017915949 92228
21711367231 232255
43874153080 88598
43292660137 161589
89356929325 172345
8493847915 162590
98260266360 495232
27745111332 64222
97539118170 243316
43947198900 78213
3255190653 3334
62109373676 162071
3608004451 446641
22408077654 287631
45264762317 445197
78353293420 372333
94194792804 403731
69260312197 115594
71129264596 389352
54742204768 445170
54291086409 354473
41405562477 44975
54667770028 110769
50639927139 77530
62655035647 384707
86125436095 222632
6387544554 232964
56417639070 141210
95812523630 138187
49417933873 94997
29420383445 499467
40552041375 392437
52450331799 125111
37268117289 332388
70013171762 23826
67219636531 467848
15597271674 348688
14288133638 3809
22849900697 104987
29715273514 380323
82640273950 351713
94464720658 149999
56571011482 393186
78171137421 312791
74192801237 93605
34200879797 129599
1502953853 357284
50122980417 335993
23067299332 476761
89080172755 101257
65978407164 163035
50975824645 188968
61035055818 313649
18701739987 442510
37644774339 361579
94971829580 452501
65486056398 304009
76366809252 29482
15698729681 424418
83653020931 27728
77028339280 215934
84307888727 113486
31388592224 334558
90715097409 356775
91089153316 425124
54856144347 174894
76412447392 221052
16727550514 14794
60030545075 493703
75892466725 106431
32997480864 234490
11169584760 235048
45403300746 147456
29564480901 498812
3332637846 272360
6746957351 227251
2803150893 89836
43856266284 247049
85695547576 167256
99454018309 499875
38054534343 436089
53836905118 419043
99986744923 249774
87045806968 93609
96650768304 314136
98233771721 301222
5759096255 385881
36126462143 407046
84649232688 16451
92872624953 76442
2579292103 228707
32809309155 246273
73861214352 384443
92019573939 68883
32562726941 82554
69014269389 462730
96442490350 78347
43915540213 271123
34627979576 117072
39892075472 177538
40050651607 56668
43441781870 94371
81002674025 213228
80051255877 419200
32274723 344310
67583823861 297017
186926647 480980
69435173360 478590
33350760692 153314
28909831026 184230
46874343601 6471
69110341873 461094
292984251 27704
33017401040 1469
442177601 186364
61570572005 322665
93904020241 16126
90410684070 268905
60819166858 199474
91331460880 129080
56931716570 369173
22842569501 318399
99045376554 191957
78965990097 345434
64199624291 498971
66816142493 483232
87351647439 402033
5662392420 124323
80358890758 487103
82445042793 176360
35865273302 174442
38784238395 436387
66880906761 385720
43519069861 336556
19458717234 155393
25553044628 53242
13992276554 281588
80231730996 361651
97614322360 76711
25082342114 366158
57481006227 335757
77079167976 290236
7466271128 15536
24770644328 397521
23082594895 104720
41424868019 455699
85340407248 156930
78058875439 270150
93349723262 291788
31550243471 202471
40405276262 427966
19174309361 306168
57188540157 112734
81259319751 316512
93975986979 221266
43711108582 388064
80995134042 138361
12869248490 413853
9604451934 245462
23878302933 493812
86912379269 208111
56938132963 186886
37230913845 426954
95159378742 439975
59001554471 218488
67579381768 476299
94434646726 98164
7010242469 208296
12285466599 373177
40011358423 299151
92927560229 332941
71130949534 200579
57148178132 38552
32072132435 372468
37813804875 175782
79112832856 400185
34620619663 121714
71172982796 376884
88236049569 22463
18857023680 453223
88928615737 15262
7073822813 92425
92415363650 174757
62320921950 380839
15964012832 274060
74599806803 129700
25251460447 317566
2710621075 126971
84781854725 160768
32737814267 50953
29016305908 111684
93086662963 162378
44472475534 298974
63975489483 7785
77953074477 402328
39704391076 273085
6741977225 112987
29194002917 101686
45280538926 23551
456738791 109058
32926346566 303286
90284154646 373438
2431938446 66447
23201249540 124180
97828874493 273191
26334532571 448286
75662969050 388222
78821805410 167700
81645298206 277621
30853328261 126206
12928933307 270043
3452001308 303188
86553515430 318536
96254818613 386472
26085441905 376990
50024794431 150403
79789714687 256820
38392297487 385354
41483993791 148526
12330451684 26963
97231910480 334103
40547212840 417879
72326570707 230186
11294825061 224991
64706833547 235897
45461110736 286656
51297104839 219914
70703570036 42305
57059171633 123684
31311178256 73537
79477238197 421640
4236950034 107094
7130574081 467860
19706112930 252964
91235430727 158300
66170184050 85390
91210198105 147321
35082919841 345540
58177509589 442850
57772300405 336501
62521864590 178110
57281427610 99671
93826267358 302262
66335657830 7459
93039274448 176780
99995838793 358979
38880647347 179621
97457735602 151697
47136858076 113206
9975589362 228650
64385376300 323053
7994030780 365112
54601336674 118417
5857018943 111558
12968951372 96534
80542254948 401287
80005461191 214298
31235533412 141203
32827422982 409396
46129727437 267166
48685947680 140494
38096891475 102254
99733178042 170265
18721478778 339643
28052599306 103055
10396322009 479
41395284355 227559
12393760190 390643
82358044028 71916
25431949537 232225
71434689818 414169
70366865315 130383
30868903961 35926
27568142876 220621
71309242759 233072
2862618837 232903
24499699517 456141
9740864443 347704
98641610055 301102
43910336313 332569
87163652845 253281
98497478088 466845
28097042207 317568
99580001343 413849
1540178046 430960
53011807846 1057
70335561427 491861
12876862418 38033
36490109202 40122
63563029044 34537
95340605639 368470
78110059590 392835
93151369286 84774
5900385511 6697
57177334933 297966
44986629786 468435
68786725387 488410
23546679213 156674
12708828929 3217
86751103715 494158
91421668406 85845
555217483 367877
64704821244 168559
58653813522 412171
40071079157 201700
18744442513 31131
18138690291 464471
74242415022 44092
90035970218 277533
20817973269 375024
60496293700 73070
85793706427 166809
14061799142 113495
25482864985 416386
12359013433 155659
27558089216 101447
49826805672 391280
34616988634 490304
19982460550 167950
59985099693 57537
72653231678 270297
71941905136 9633
74188626503 457643
5791499614 293131
52269947821 207328
89203910217 456606
5482353029 370616
52346356951 459720
85536635600 459640
16075540412 147894
93969105006 57695
96483366289 457649
5385645313 226209
46103781400 24474
15084122350 108853
93609432788 455863
93978343303 493862
9255197101 108732
1078173735 295123
33107534981 92909
25202692205 397164
34473417420 287872
27686768444 347323
55265840885 436867
17566412629 439297
88887114627 115957
87404740305 190942
20952879116 386570
32554157461 484650
26716478244 428765
78472229424 12075
84795277846 322255
98596988573 78110
39006707998 220446
17603493170 450366
22593158756 218983
25312323848 201666
19294543147 296735
84266716950 109737
83303092265 221768
3115800112 380494
15630859015 201157
52620762361 437373
51681792557 258627
38189523897 396454
89148266121 158032
76163918164 124939
22315683337 474142
37392570378 389163
75192928398 31743
7312267542 311878
17858494675 253023
16893186065 86923
61920989656 156119
68320364038 265148
79110540805 198616
2549363492 152502
3265292554 130066
32387958054 192682
87973753200 59717
85075889547 39006
46511493577 163524
12646563949 61867
10999976815 339760
51999162601 440319
99074275578 324016
45337774880 432670
83056068204 83907
41337077952 229701
62016461625 118180
31591605977 364612
95537460686 287057
24882859384 222941
50020659163 222979
80843049380 74712
6359296286 278461
87247791224 100513
25425616462 215800
2337556006 131613
83361385986 288303
13505653213 494613
88040135030 114617
93762559513 303423
62582766441 206944
35263554612 419930
84679779306 300027
50214706158 111006
31833076683 416507
51745527807 206494
19101467315 304234
96622405613 68349
20866424596 312774
86919753513 172081
31197459377 43632
98361236575 418670
3773131017 179342
48404203460 458409
87210511777 85099
24219401387 334467
5812439734 489402
58968814017 149870
77686552923 356830
70451866613 325048
3300123166 161727
91917644648 491364
86749824653 214449
93451862028 80638
68469853406 390363
59938605441 178109
65646686032 329719
53501778346 102913
52121811013 336856
81606577415 269884
9895602550 104597
28194664308 319889
22441231447 427158
5411229178 182051
47298467856 138887
22092494734 137541
17463762457 10867
30287792981 426952
31274760831 226067
27614137069 413530
11224509081 216837
15908790612 76449
5160010412 34936
65283925445 73458
29407453399 53749
73679496470 294758
64580726507 473352
35603598283 306530
17219451487 453729
70654835289 393011
73790155668 415687
77376795524 3118
56979218943 187124
31122608552 203929
133854887 13481
77350245152 298954
34668027821 290640
98017093250 393763
25316912368 483040
94742082546 252451
98452242660 261438
17040571844 302983
98488901592 403940
98913784879 256141
91879756088 402926
48983520451 449571
47777584198 59438
11281666344 8217
11882046715 243410
15466258302 142627
83158200581 324367
40541713578 392586
94584498024 210554
50093573183 104073
71339650622 400808
7413947207 224483
41551699014 144301
39902427092 470101
59733070548 64470
44069657956 33668
40760089765 208276
