99259
99896
97694
77683
99935
98723
97694
83185
99465
60656
98295
98471
99135
99463
98471
98376
99744
98612
25451
98702
98376
99729
97730
98106
99994
99935
99920
98142
99935
97730
460
3152
53053
98376
98925
99837
24956
98880
99607
99372
97730
99427
99969
99650
97837
98339
99388
97651
99405
97738
99613
98322
99388
99935
98612
99858
97884
331
98561
98283
98322
99837
97730
99858
98307
98279
98702
99920
98536
40818
39731
99778
98702
99994
99613
98099
99607
99972
99920
98723
3748
98961
98340
99372
97694
4113
98764
90974
99372
99613
54089
46328
99744
97738
99607
98961
99613
98339
99994
31233
99649
99994
99427
98283
99134
44146
99837
99837
86129
35185
39475
98311
99969
99705
57514
97694
98723
98471
98149
97884
98376
99465
97738
98026
79681
80127
97846
98376
97694
89829
99837
71980
98279
34025
99048
98764
98612
61280
99463
99935
21906
98880
97892
99465
98279
97730
99896
98340
99761
98283
99607
98147
98283
99935
99082
99072
97837
99649
98961
99972
98409
98283
6899
98149
99607
99607
98219
98307
99920
44471
28578
97246
97694
98925
-1
28241
70136
30736
29967
91507
32403
25047
99388
98764
3804
99405
99920
98925
99920
84430
24344
63324
99969
99972
58046
98339
98149
99994
33162
67791
97837
98880
17970
99674
98203
98295
97994
96698
99331
489
63677
98322
98561
11636
99674
98035
99761
98925
99607
99259
99465
98322
99649
97923
91699
98307
99427
98339
98295
4551
27223
99465
7574
99969
98311
97994
97884
99128
98219
98307
24890
99761
97738
99513
99048
99744
98035
99465
98352
41664
99887
99920
18301
99778
98961
98880
97884
27451
99613
99465
98708
99405
98311
99405
99649
99858
99465
97846
99372
99405
7613
17760
60713
99465
99896
29767
99837
98142
99887
99732
99465
25159
99465
99388
98764
98352
70971
98307
99761
99732
98376
55367
59621
99969
98536
97116
98612
98880
99072
76030
98106
99388
98339
99972
32979
25529
98026
99732
99744
98203
99607
99427
97837
81358
99038
11553
97694
99082
99427
99185
98536
97730
7742
34952
25832
65873
99072
99613
99778
98376
71748
39528
99896
39416
99744
98307
99388
98026
12928
98219
99935
98322
99705
98203
99972
98702
23127
31063
98340
99761
99649
99649
98352
83667
45850
983
97883
98352
98702
98279
63101
99858
98561
99405
98925
98307
98026
97994
98322
44475
99048
68351
98764
99607
98322
25340
8150
99048
99454
99969
99858
99744
98149
99082
92356
98311
50704
64378
57248
34152
98961
97742
76008
98149
98106
98099
99969
97694
99778
98279
4587
99729
99729
99732
98203
98283
97865
97865
98612
98339
76582
99778
98106
99427
99427
98149
97738
98409
98583
49943
99778
99920
99388
99649
97738
56883
43571
99072
99953
99837
98219
30563
98149
75241
97651
99920
16622
99082
98203
92759
99427
98295
99837
98279
99649
98203
98322
20411
98311
99920
99513
49726
98764
34696
99778
98612
98764
98471
99405
98755
99145
98723
54296
98349
99465
98471
97738
99778
99513
98536
98471
98764
98035
99388
99837
99607
99135
80794
98295
98149
97865
97730
99994
98251
99994
98907
99994
99472
52634
99920
35392
29767
24177
98035
98702
99729
19957
27552
98322
98536
97865
99388
97837
97884
98961
98925
98064
98106
99607
99969
73132
66719
98723
97730
97738
98203
99427
99372
99705
98764
65770
98961
98536
99935
78538
99649
97694
99649
98539
99472
97884
50379
99972
97884
97892
99732
98219
98322
98106
99048
99920
72245
98283
99331
98880
98279
97837
99994
99372
8434
99858
99331
98583
99778
99465
28812
97694
98723
98311
98961
97846
98880
21667
99729
99613
99048
98376
74997
92898
99729
99896
98064
99761
99896
99837
12163
99649
97742
99427
98295
90371
99744
98925
98322
98471
98612
99744
98723
99607
99649
99038
19008
99372
11588
76444
99972
99650
95569
98035
69120
98471
32923
32003
99994
99405
99837
1639
28882
79417
98340
98064
99837
27729
98149
99837
98219
98961
99427
74097
98961
98536
98035
42721
98409
98251
98781
98536
97865
98349
99674
99048
8106
98880
11837
99896
97846
32518
98702
22452
81947
98339
99729
99761
23111
98880
7382
99994
98283
99613
99649
82203
99465
99465
98147
50500
98764
98311
86134
-1
89617
99145
98307
99613
99650
99732
21288
98339
97883
1939
98099
99465
97694
99513
99465
99896
98764
98322
99465
2055
98702
98035
51980
99649
99038
99972
99896
99649
99613
99038
98349
34367
99607
33632
37833
98322
97884
98755
97424
98142
98322
99145
98880
32937
99649
99465
97730
98376
98764
99705
98295
98283
99082
99513
99331
72713
99729
98340
67726
98376
99837
97879
98375
99372
98536
99082
98612
99761
30473
98723
98322
99994
23546
98026
98035
97846
64825
99920
72275
5734
97738
16041
33534
98203
41797
97651
99607
99969
99920
99837
98583
99887
99650
99729
99994
99607
99513
98203
98322
99388
98322
22802
99837
83578
97730
98311
43380
98283
99858
99613
31860
99331
99969
32127
98471
-1
99185
98764
99887
99738
98583
99427
83549
98612
99761
98583
99472
97846
98723
98409
99920
58337
99472
97730
98536
43905
18444
99650
99038
98723
98295
98880
99887
99778
99650
99732
20984
99513
98708
99778
99135
98764
97694
99674
97742
99920
98106
97730
15028
97923
98583
99920
75457
98376
98283
98925
99145
77333
98106
14419
99729
41165
98283
99048
93655
99048
98880
71899
47928
98944
99427
99465
99837
99729
98702
97923
98322
97884
99613
98339
25440
99650
99778
65079
98106
99729
97846
97923
99761
-1
98106
98279
55045
98925
97738
75457
99082
99920
-1
99732
98349
97884
52973
5033
37613
99465
98471
99969
98536
99858
45315
11778
71025
22265
99372
97923
99372
21145
13825
98925
99185
98307
11621
98311
99454
99896
98349
98203
97738
98925
28064
98375
98723
97865
78568
23231
98106
99994
97892
98925
99729
99135
99388
98219
99744
73968
13399
97738
99837
98340
99896
98219
98279
98764
65000
99761
53830
98099
98307
99048
99972
92884
39468
98561
98203
98099
89782
99896
99465
98339
99858
99969
97846
97892
63179
99259
98907
97730
97738
98203
98339
99935
99472
97730
99048
99048
98539
99972
99994
98219
99972
99935
44494
98612
51822
98961
21288
99972
99405
85511
99858
99994
99048
97837
98352
98880
85411
91224
99935
98907
98764
62296
99082
98723
99372
98307
97651
98149
99465
98035
98035
99935
99837
77610
99920
77675
98708
99920
72713
98219
99082
97923
97846
97738
98764
99465
99650
99920
98536
16602
57119
99920
98723
99082
98322
13300
99405
98026
95139
3596
99744
99920
99778
26072
99744
21881
99994
99935
99994
98375
99038
99465
97738
99969
3001
98322
99128
98536
49283
99972
91224
99465
91136
98340
99972
99858
84807
99607
98149
87277
99145
98322
98339
29389
18795
98961
98376
98723
98764
93636
47746
98764
48453
99472
99896
56061
81704
99372
44812
82452
62197
99858
98339
98339
98352
41319
99935
99607
99837
97730
22552
62056
4392
99778
98612
99463
53129
99969
99920
98925
98147
98026
98583
44059
13498
99858
15487
99837
98583
99465
30775
99729
99388
91561
97231
93252
96677
98961
97865
99994
98349
91261
98471
71511
99038
99732
98471
99705
98583
78770
82429
99972
98880
99649
98723
84999
39692
99513
99761
99048
98376
99372
99887
98961
98035
98283
52235
53469
99972
29865
83185
50247
99705
99331
27223
99038
98203
99613
99887
99227
83297
98612
97837
97837
98612
22521
99744
73369
99613
97837
98471
26657
98219
50738
98026
78045
99920
99145
98279
99744
98149
98311
45850
97651
69720
99858
99935
98106
48098
37011
97857
44962
99465
79172
21085
37172
99969
98764
18820
97846
98203
98349
99082
99920
97523
92498
99837
98283
43832
97846
98471
98764
99837
99472
98471
36601
98279
99935
1520
99613
20060
98339
99388
10111
98339
99738
99649
99969
98583
98612
99463
97994
98907
99650
99896
21288
40135
98375
98219
98755
8387
99650
98352
99896
99935
98279
99761
98352
62741
98064
99744
98035
99388
99994
98561
68852
99048
98035
98583
83361
99465
98106
98035
99185
98035
98279
98961
99920
68942
78385
98035
99613
99920
81896
99465
98925
98961
94900
98764
99650
222
99858
99128
98149
99837
98961
98961
98612
98723
98279
99513
98612
99082
14728
98339
99705
98961
76621
98307
22802
38815
98702
98702
86340
98203
99649
99649
97837
99969
99082
98944
97742
99613
99732
98203
97994
99472
28256
22356
99972
99135
98961
10293
99472
98925
99405
99607
98026
97694
98311
24901
11498
99744
46140
98539
99227
99778
98583
99388
99920
98283
99972
97994
65300
99331
99465
19810
99038
66016
98471
98339
99405
12106
99994
99607
99732
99994
99145
99729
99649
99607
30465
98907
99613
9498
99858
70297
98702
98376
98536
99732
98295
99607
12968
98764
99837
67726
98352
97730
26447
-1
59383
97694
53167
99761
99729
98764
286
98702
98880
97837
99607
95827
99607
99465
99778
64164
98702
69003
13158
97742
98536
99896
99331
99705
99038
99837
43853
98339
94711
98203
29700
98723
88240
33162
98352
99935
98279
97884
99972
98583
6347
99330
99649
99048
98322
48487
66016
99613
99082
99732
98279
97837
99649
99935
99649
22054
98925
99372
98880
99331
99465
98064
98471
97837
99331
43992
99082
99649
99613
99744
30548
99738
99920
99427
98612
99128
98203
98311
99935
70484
98536
98583
99145
17574
98376
99607
99705
99649
98880
98322
98279
98279
99920
99048
99896
42721
99837
99732
98307
98106
85439
99613
99935
99887
98961
99388
98311
99405
66495
97651
99761
99744
98349
97994
98708
99896
98219
82948
99613
99330
99837
99613
99372
99920
98219
73933
49603
97865
98149
99935
74253
97738
99465
99920
99969
99048
98340
54456
98283
85439
99613
60900
98340
99465
51249
99920
99465
99761
99858
98322
98203
99729
99778
37560
99048
97846
51972
98961
7367
99259
99613
99145
99388
97994
36631
98106
97884
99650
5705
98536
50500
99837
70588
97837
98961
24641
98219
77837
97884
97694
98352
98279
98203
45720
99953
97846
98147
98352
98764
97994
99465
98471
99920
45361
31063
98322
56069
63926
99185
11434
98203
99048
98561
98322
98702
98961
98295
98026
98961
99920
53729
99048
97738
97905
99837
16593
99705
46204
99994
60909
99920
98561
83185
99732
98322
38915
98026
98755
97892
19768
30097
99465
99388
95042
99465
80298
98147
97884
99729
98349
98149
99920
40712
99405
99972
99048
99837
99135
74741
99972
98295
99778
98322
99613
97694
99729
29444
99969
98376
98219
98322
27241
99729
12729
22802
99732
97846
99920
99935
71610
34959
99372
98322
54089
34366
98536
99744
97730
99048
98612
74253
98376
92682
98375
99513
85089
21030
99388
98880
99134
82452
99454
39692
62264
98961
99969
78385
45087
97994
98536
99778
99969
99649
97865
99744
98149
97905
36540
66965
99778
98880
99613
98339
98026
56505
72425
97994
99935
-1
99145
99732
98203
98961
98561
99613
99048
98147
98583
28812
99729
98311
99896
99729
99649
75180
99513
99513
97865
99649
99920
99896
99896
98536
99972
98723
97884
71544
98099
98944
3184
81368
99920
98471
97742
98339
91476
97865
78516
99513
97884
98723
99920
99613
99607
75600
97857
98307
98612
98295
98764
98219
67694
98764
99038
99935
99837
99705
98764
99744
27909
98961
99607
99972
97730
99048
99920
97846
98203
99920
99082
99887
99744
97923
5931
98409
98339
98961
99463
99837
99969
98203
97730
98925
98339
99729
98764
73777
66827
98536
6302
99038
99135
98283
15798
4893
80090
63186
98612
99388
98352
27319
92818
98925
99372
99463
97846
99858
97857
98322
97730
33034
99135
68300
99778
99463
98106
98203
99388
93158
69305
98322
98295
98219
46705
99048
97837
99454
60320
24512
99128
99920
34449
99761
99372
99649
99969
98708
99896
70024
99072
98279
2533
98147
99729
98764
99705
98764
98099
76582
99729
24890
30787
30207
66108
98307
79068
99227
97994
99920
53129
98961
99082
99405
99953
14338
98583
87054
98708
98283
7214
99513
99372
10632
99038
99729
99649
98925
98702
4392
8248
99744
98944
99135
99994
98583
99837
98339
99729
98702
99649
99732
42133
97884
99372
99048
89448
99674
98880
99994
97730
99072
98536
98283
98349
98219
99896
99650
99038
98723
99465
98311
98612
99761
98961
98471
98251
99405
17775
99744
48487
97730
22321
98279
98944
98536
98026
14787
99674
53236
54706
99837
98880
99935
99935
99331
99935
98322
97742
98471
98561
41286
67852
16572
99994
97865
97694
99858
99744
98283
98322
98349
54551
98471
58164
92838
98376
56249
99732
23426
40252
98961
734
99405
97730
97905
98283
99174
98583
98723
99513
99858
98925
99082
82325
99729
97651
99259
99427
99674
76836
63086
65770
98583
98106
98925
98295
71900
98147
99778
98307
97884
99607
99472
98561
99972
99994
98375
98612
99454
60783
99732
99427
99427
99994
99858
90596
99082
30770
75671
99705
97846
80075
99048
98322
98612
99372
99887
99048
99454
98340
99972
98612
4544
98322
97730
98880
98322
32454
17944
98279
97837
99778
98880
97846
97923
19370
61904
99994
99761
98203
98561
98149
97892
99935
98099
99969
73310
99465
99454
73814
99405
60900
97846
54136
2808
98339
7244
88727
98295
98340
97865
98961
99744
99744
99513
97994
98203
98375
74467
98723
3012
98311
98149
98295
62895
98723
99145
99388
98612
99778
62676
97883
99072
99935
99472
99372
97730
99613
16572
99427
97837
99372
98203
98339
99427
98961
97694
97837
99135
98322
98764
98764
99259
99607
99128
99935
99472
98203
99072
99729
98880
42896
98339
97694
99427
97651
98026
85439
98583
37137
98149
99969
97865
68650
98536
99650
99607
52840
99038
97892
98536
829
99935
98583
99613
99887
99048
48210
97884
98375
98536
99920
98723
99920
71816
77750
99649
98944
93011
98295
98295
99465
98880
98723
99427
98339
99405
98723
99388
99969
99649
99607
99972
99778
99837
84807
99048
99259
99072
98099
12480
98539
98307
99427
99969
55936
3324
98612
98219
98142
99513
99372
99972
98880
99935
64841
98279
98203
97884
99454
98375
87236
74328
98376
98944
99454
98723
99388
97846
99454
98925
99761
983
99972
99935
98471
99761
98147
99259
99920
99896
98311
98339
99513
98561
38442
99135
99613
99649
98339
97923
40754
98203
98375
98307
32923
99744
98880
98723
99650
98764
99372
99135
50739
24903
90436
94213
99388
98536
99465
99896
99331
97694
98944
99607
33632
98322
99920
98295
19454
54341
99427
36619
98925
99388
34449
99405
99837
98880
18820
99135
99994
98612
31168
13498
99082
98279
28539
99465
99896
99761
79984
99920
98961
98561
98925
63610
99858
98583
97132
98583
99388
79068
98536
16067
78770
98339
97738
99972
97730
99454
49646
68986
19537
34154
98925
99920
98147
98203
15962
98147
98723
98203
98219
45915
99858
50999
59424
98149
98764
98099
99935
98880
99185
99729
89945
99038
98376
99649
98203
97730
98035
53172
98219
99048
38442
68375
99778
98219
98149
98142
98340
99082
97905
98723
99613
99405
27501
98561
97892
99613
98880
99038
99331
99072
99935
99259
88137
97694
98322
7010
98283
54508
99935
27711
905
97994
98035
99837
98781
98219
98352
99972
99920
97837
99778
99259
56656
98409
99607
98142
98764
15380
98279
98880
99972
99135
97846
97923
41460
97857
99613
97923
98702
28086
23997
99972
31246
99185
98612
99761
99048
98944
98307
98376
34785
98409
63186
98322
99465
99935
98944
30289
98203
99072
98880
99837
99953
99969
74932
97846
99972
98961
99405
99887
99972
99896
99896
98702
98147
98035
98764
98147
99729
35185
98099
99920
98536
99896
99465
98907
98026
99732
98311
34583
97865
98471
97846
98925
27549
99837
99613
99649
99427
99388
5780
98203
27549
99969
98035
98409
99649
99778
98961
98307
99227
98764
97846
77750
98349
99994
98279
98880
97994
99935
99650
90585
98561
98147
99837
98583
97994
97730
98283
92056
61455
99994
48048
30799
14083
99920
98203
98708
22552
97994
99649
98409
98106
99372
99128
99465
98283
99082
97694
99372
26159
97738
8857
1560
4703
99145
97730
98340
99969
54140
98880
98295
29966
97994
99778
99729
99427
98149
98295
99372
2808
98961
47024
97694
99744
99145
97994
99744
99994
99082
98925
99994
-1
98339
76576
99465
22356
70582
98295
80685
99472
98349
97846
99744
97892
99607
99082
67116
79145
98925
99128
98283
99513
98702
99920
99513
99920
99858
65482
99972
80173
98612
99896
79617
98149
82102
99994
44581
98536
98099
85511
98339
98283
97923
99994
98099
94168
52333
98352
41019
60908
56689
99613
99372
98536
99920
98376
98376
31023
99935
64488
99048
98944
99649
41358
99082
98612
99082
98026
97994
99778
49223
38744
99513
99972
98880
21613
98322
99729
98376
69020
99185
98702
99778
99472
97905
96487
13791
98961
86903
97884
67112
17105
30799
97846
94899
48453
36443
98561
29600
98322
99896
99388
99729
98307
91826
80173
56883
20413
98035
98149
99454
99613
99465
99649
99465
99372
54637
99761
99607
97865
82523
98925
59383
98880
63430
99744
98322
99405
98283
99935
99994
98925
98149
99613
26837
76444
98203
97730
93305
99649
98149
97865
99454
99259
99038
99405
98764
99994
98961
98035
99920
99744
59920
99465
67376
99145
99072
99920
90433
48563
99744
97730
99259
97738
65944
99372
99048
34407
98880
99972
99650
98561
99048
97837
99372
99649
99082
99072
98764
99082
39712
98376
98251
98283
99778
99729
97865
99738
97694
99994
67034
98106
98340
99135
35407
50076
48914
67791
99072
97651
99778
53172
99128
99969
98723
98203
98539
65770
12901
98755
43489
54708
35251
97730
60854
99896
97837
98307
99465
99858
99729
99613
99837
33280
98295
98340
82017
95133
98339
75954
99454
-1
8917
22378
99920
98702
82147
99427
98026
98561
8695
98339
99935
98376
99778
98409
99920
99185
98612
99454
98536
89891
99778
23177
98307
98340
97694
41961
49216
99405
98295
99650
41478
99896
99465
97738
84964
98612
98219
98961
4720
99082
97837
99038
97738
19411
27956
97846
99837
63692
96842
98376
99732
92220
54299
99613
99259
11321
97730
99858
36147
99607
98295
99405
51216
99405
97994
98764
-1
99994
94529
99372
99732
52634
21669
98279
99935
97884
99048
99761
98203
98781
98723
98035
98539
97730
97846
98583
99185
99145
98279
99732
63287
99935
99388
99732
99331
98925
98471
28954
99732
98322
99896
98099
98376
99259
99972
86520
98279
98203
97742
99082
98352
98723
99331
99048
97837
97994
99048
76205
99048
87065
98322
98907
99513
99513
97837
68339
99465
98279
97884
99969
25084
99388
83212
98612
65673
97865
19967
98322
83566
52732
98583
97884
99778
99778
98561
99472
98322
97865
98295
98283
97865
99837
99048
97651
32585
98925
99405
98149
91261
72121
98708
33616
99858
99082
99729
97865
97923
98702
46705
98349
97994
99513
97994
97837
97837
99649
99858
99650
99778
99761
99082
85543
99259
98147
99372
99969
15455
98723
99454
97857
9022
98764
99038
99972
99145
99935
22065
98106
97892
97837
98295
98708
31023
98311
99465
99372
98536
74029
89644
98880
99778
99128
4528
16911
99048
99778
99729
98925
98723
98536
98142
98708
98219
98612
97837
99858
99729
98376
98536
99969
97846
71925
98349
99427
99185
37278
99405
99994
97742
43850
88959
97846
77361
30961
99465
98349
99837
99972
47993
99372
98702
99858
73185
99465
99465
99048
99465
20844
99920
98106
98583
99607
99732
62741
99858
99372
99613
97694
80685
98322
48692
99858
99969
99048
99082
99607
99761
99935
99185
97884
8870
48236
99738
70432
97738
59752
99405
97730
61400
99969
99858
97846
4735
9044
99920
99613
99994
98375
98539
98322
99513
99472
21173
61749
98764
55383
99472
80781
97730
98279
97738
99729
98147
99082
99896
99649
99613
99935
99082
99972
99048
99405
99454
77931
98339
98339
99935
98583
99082
24121
98203
99388
99427
98612
99935
98339
-1
98961
88187
63430
99145
37503
98295
76008
99048
98880
98295
98322
47177
99135
99607
424
99513
99082
98035
78097
84655
5953
43035
28281
98106
97994
99388
99465
99372
98283
98339
99135
98764
92056
62968
97923
98471
98723
98283
98471
99649
30352
97846
97879
98375
99935
13300
98340
7244
99427
1696
99330
98764
3280
98339
98219
98612
98295
60817
97846
35361
29580
99465
99649
98147
99920
98583
99920
98283
98339
99729
99513
97837
28539
85089
61397
98352
56226
99732
28241
98376
99048
98764
99259
98295
99837
99082
98583
99744
98612
67726
75632
67791
97730
98279
99613
98147
99372
98322
89080
97884
97742
99649
97994
98322
57949
99048
97694
99513
99513
97694
98203
99674
97738
99613
98322
98106
99729
98583
66965
99649
98536
99388
99135
98322
98723
8718
99837
98295
99837
99388
99837
99388
99513
98375
99972
79228
99972
25290
98352
86441
17569
98583
98764
99972
57337
99613
98702
99135
99972
98203
99732
97865
98944
-1
98064
98536
99837
99969
99761
34352
85517
99613
98583
7742
98536
97837
99969
98203
452
99372
10759
99613
3184
97994
99463
99649
98099
62644
99649
98106
12268
98279
98339
5427
98583
62278
99729
53830
99082
15937
99405
98203
99607
22960
99761
45946
50783
98311
97694
99405
98352
98925
98880
97905
98375
99513
99837
99744
97694
99920
97865
98219
97846
99920
98322
98583
2329
98149
99761
98471
99038
9700
42188
99649
98295
95949
99729
99994
97884
78770
99650
33727
32497
98106
98147
98311
98322
97651
6152
99607
28896
99427
99465
98279
99744
98583
94842
98880
30936
97461
99048
99972
99372
99761
98723
91572
99761
30289
98340
99427
98612
99744
98907
98925
98279
42644
99650
98149
99649
25835
99465
99048
98203
99994
99465
99405
86330
99185
98880
99082
98612
97923
41314
99920
99465
98203
98376
98352
80408
4441
99935
12324
97730
97846
97730
99128
97884
99837
99920
12163
56575
99613
98471
99463
99388
31769
99744
98961
98295
98307
93612
98561
65858
99607
99920
99994
96184
2586
98106
98583
98283
98376
97905
99613
22972
90666
98219
97857
33632
68752
97884
99048
97846
98471
26521
46576
99082
98349
25832
98106
97730
99972
99135
98536
99372
9968
98583
98064
98311
99607
98764
98349
78016
21669
99607
48449
98352
98283
97651
98307
98279
71530
61177
99969
99135
97644
99969
98352
99145
99858
98339
10936
38110
99674
99465
83142
99454
98142
58046
99969
99650
99465
80408
99613
99427
99465
99858
98409
99920
99465
99935
98295
97730
44190
99613
98295
98880
97846
99607
39922
99613
99858
98764
92235
98723
99920
98273
64169
12497
98283
99761
98723
99858
98536
98764
99405
98339
99935
99372
75241
99465
10265
99613
99650
99994
99994
98880
99920
99048
99837
64488
98219
98339
98376
97884
98149
10712
98561
97865
98536
98961
91572
97730
97846
98106
60055
99837
99082
33637
66818
98612
98339
96728
97742
98944
97865
68643
99732
68020
99732
83297
54511
99038
99465
98339
98376
83213
98064
99082
99613
99994
98907
99732
97694
98203
98283
97846
9498
98352
99761
10269
98026
98311
98375
98536
-1
42046
98925
98708
98283
87236
98340
27988
98583
97694
97694
99607
98273
97846
38577
97884
99972
99729
98925
98307
98702
98944
67775
98764
99744
98279
53804
99744
98340
99729
99465
99388
98295
91337
98352
97879
97738
24267
99454
97694
99613
69003
37417
97694
98149
98471
97730
98106
97994
99405
98099
98149
98764
79436
98376
98961
99920
99427
37430
99427
98339
98339
99082
6849
98961
18643
99465
50758
99649
13033
97846
98536
99513
39475
98880
98764
98376
99674
98880
99920
58415
99454
17080
97730
99650
49462
70432
97846
99372
44276
98147
69029
99935
87236
99649
98612
98781
99837
99082
829
98339
97892
52291
50565
97994
47387
37686
99896
98723
9882
55584
98764
97694
97738
99858
98536
99427
98099
99858
98106
99761
3900
98723
99472
80075
20896
98612
99048
98142
98612
98536
67013
24267
99761
97730
99729
99972
62676
99607
98612
25550
98612
32473
97837
99649
97865
99732
99427
97694
99778
60606
29514
99994
98471
10141
-1
98764
97651
76101
99744
98612
98311
99463
99613
21703
98612
18230
99145
4441
99778
98944
97694
98612
12761
76008
20975
30232
97865
71606
99837
98471
7104
98064
98764
20867
99744
98339
98279
98723
99732
98764
68270
99613
12963
99465
98907
99761
98907
98375
99858
93421
99705
99858
98322
99465
98612
98583
99472
54552
15962
99128
97994
15173
64214
97846
99920
98764
65000
98283
98147
84522
97865
97738
99613
97884
97837
99969
54552
98203
99331
83941
99649
99972
98880
99972
98026
98375
99607
99082
98961
99513
48957
83089
99607
99994
73721
99038
97857
99048
99744
99082
99135
37755
4720
99920
97738
80781
94431
99613
85554
98219
97857
99935
98283
98311
99048
98219
91699
19658
99613
9458
99887
97738
98307
99454
98352
98352
99778
99920
97923
65046
89736
22324
15601
75880
98295
5665
98764
99427
98702
98295
93271
97905
98880
99920
99732
99650
98339
98561
30535
99038
99972
16496
98764
99613
99465
98349
68852
82863
98471
99038
98311
99650
99744
99994
99038
99372
98880
99513
47084
44967
99920
21835
98536
99969
98723
38145
99405
98925
99185
98375
98035
98283
41034
98149
99048
98702
99650
37541
99135
98561
97651
97651
93305
98612
98612
99072
99650
98376
99650
98203
-1
98279
99472
98925
905
98961
92081
98035
99837
93271
97837
98295
99613
55014
17456
99674
99649
98219
36601
99145
99128
99128
98539
99969
50090
99732
98339
31917
99128
99837
98283
97837
98339
99388
98147
99388
99729
98251
99935
98106
99837
99953
82264
97865
99778
97694
99972
56061
98961
14360
99649
98106
97738
98612
99372
97837
99920
69095
75628
99128
97923
34639
45079
98203
99837
98322
48210
98026
92220
97884
96932
98764
99372
97905
97884
99082
98142
99427
99972
56772
99837
98925
1508
98539
98375
97730
99472
98612
98203
99858
98035
97846
99732
99465
4441
98764
99837
97837
98106
32061
99920
24587
99331
98471
78170
99145
11478
98961
99465
99972
99896
7327
98536
98612
98149
98283
83430
97651
99837
99761
99738
99607
97694
57514
99969
90974
98583
99607
99972
99082
99082
99732
97994
98339
98149
40550
99732
39908
99454
98064
99969
19177
98925
99858
99330
98376
97738
99920
98322
98035
99858
98925
99082
98283
59843
99858
98099
96151
99858
33316
8106
63610
98764
97846
98307
98339
99969
99135
99972
71980
98339
97865
99454
98536
99969
99761
38843
99778
92653
99048
98311
47720
98723
99761
99427
99427
70641
98149
97846
84999
45302
98612
98307
99048
99969
97730
98376
97694
97694
98339
99732
41160
98764
98203
99935
98561
42046
98925
57026
99465
99145
99128
98203
98026
97994
98708
27273
99465
99082
98583
98307
99935
99082
98322
99778
29544
99388
99185
99969
99896
99920
99405
99227
98764
92838
19115
98925
99887
9882
98203
87425
98376
65790
98203
99388
92898
98339
98099
98409
99650
1246
99465
99729
45200
99145
99649
48639
99994
97730
97738
17970
46586
98349
99472
98339
98764
99388
99778
97730
89617
97857
97884
99038
97857
19223
98708
99920
78166
99038
181
99738
98026
98099
98219
97837
73343
97738
98279
65098
86129
98755
99372
99513
98295
97738
97865
97694
99650
16140
98219
97738
99048
99259
99072
97846
99972
99732
99227
99778
65127
99607
98471
99858
99972
98375
99674
98961
23679
39676
13158
97730
98349
98536
98612
98583
17770
99837
98612
99649
99427
98376
98612
98925
97884
99465
97923
99427
98339
97857
66445
98907
99858
15937
99038
99649
98147
56393
99405
98536
99048
99259
56604
98203
99896
97694
98283
98283
92884
99729
98880
99896
97865
97837
6302
99607
99920
47781
92138
99613
33227
14476
97884
30473
43096
98880
68643
97837
88987
99935
98273
98612
98203
99454
99613
2976
98311
99259
97738
46850
99388
48453
98612
99613
99463
98471
98764
40516
28962
97730
99674
99135
98203
98961
9892
98376
99388
99837
99048
98764
98219
98723
5734
98322
98612
98612
67963
99513
97884
97730
41967
98764
23231
51061
92232
99935
99465
99896
98539
99135
99607
99607
99729
99513
97846
98907
98279
98764
99454
99858
99082
99778
97846
82452
23127
99778
98539
98147
99994
97738
78385
99135
98612
99259
99729
97857
99388
98880
98099
59920
99607
67587
99513
99969
98925
98203
93636
98106
99513
98723
652
98106
75663
97837
98376
56744
1663
97905
98203
99761
99778
98035
734
98203
97651
98295
58789
98339
97738
56482
99048
72847
97865
98106
99227
99259
98375
90433
99969
99953
99607
75450
99920
98340
98219
61280
99972
44759
98612
99513
84470
97651
88987
99744
99613
98536
98723
82429
98219
87875
21391
99613
98203
97884
98536
8785
98219
97738
99513
99778
99649
74029
98307
99887
57512
97994
99513
99994
23629
75833
77164
98307
30473
1953
98925
89052
98219
99405
34449
65079
97738
99372
99613
99463
99463
98307
97837
38691
99372
99732
97846
99372
99994
30770
99135
97738
98352
98322
97857
98376
7356
99259
86134
85490
99972
99972
99072
73155
66347
99920
98035
43396
99920
97846
99405
88824
99744
99082
99858
99969
4224
98376
99465
98149
50314
99048
66108
99472
98376
99513
99887
98064
97865
98723
98583
99427
97846
98409
65899
98944
99649
98106
98961
2066
56818
42779
97231
97694
98880
99513
99613
93005
99887
99135
6631
75057
98106
98106
99858
99227
97994
98471
38746
48062
97694
98106
23995
93116
99729
98106
99388
99072
98539
99082
99372
98026
4587
97994
98203
61499
97694
99513
99778
97994
99650
98147
424
99613
98203
98925
99613
97730
73777
99465
98539
9981
99761
99454
86103
21238
9022
98961
99465
98307
94005
97694
98106
99607
98612
98612
99705
97694
73185
83219
98142
98536
97884
34407
99465
99372
99837
99994
99896
99935
98106
99896
98880
82523
99465
46184
99048
98612
99082
97837
98612
97994
99920
98219
99330
56775
98035
99994
56226
99920
1185
98944
98035
99761
99744
99896
99858
98880
62977
99607
97905
98311
98764
22452
67669
92759
98925
99227
98961
90433
98203
27241
99330
99935
99837
99953
98322
98279
85958
99887
99607
16269
99454
99330
99887
98307
99427
98203
99837
99935
98583
98322
97994
98064
77585
99778
98409
99427
25068
59110
10265
99969
98612
98583
99038
11379
97738
99613
99082
98536
98311
98106
98961
97651
90294
98702
99388
98035
98322
24462
99463
98925
30342
97738
99372
98339
99650
99778
97694
5601
99465
98311
7759
99837
99135
98708
98925
99935
99082
26209
99463
98035
98612
98764
30050
99972
99259
43316
99761
18643
97865
97994
99778
97846
99405
97694
78759
99837
99465
97865
98907
99331
88772
98764
98203
89945
99331
99837
98880
99920
99454
99613
99920
99465
93701
98203
51036
84999
98352
40065
98944
97846
52045
6183
50039
98925
83297
3730
98307
99994
98723
98203
68433
12252
99732
40257
99513
99778
42923
47513
97846
98203
98755
99994
98352
98612
98583
98283
42818
8695
98612
98961
98339
97865
52537
98907
99613
97651
97923
37930
97884
98279
99607
97837
99427
98925
22378
97730
99953
99372
98099
98944
98295
98376
99405
97846
44018
99472
98339
97865
84454
99607
48286
13498
89474
99744
98561
99331
99649
99896
97730
50795
99837
85089
98375
98352
97694
99920
18064
99935
99372
65360
97865
99427
99858
99729
98723
99920
98322
99729
58337
99778
99135
97994
97730
98322
37560
50973
98203
30414
97694
99972
32907
97846
99972
99649
76466
99972
62034
99331
98283
98536
90323
41938
97846
99896
99613
99994
97730
31787
98219
97730
99145
26344
99372
70747
99145
99613
99048
99607
99994
99331
99128
20578
41286
97865
98322
99729
97730
98539
98322
99649
99405
98352
98376
20844
24203
99935
99935
99994
99405
99082
98536
98295
98708
99969
99761
66548
99994
50271
98339
99613
98723
99145
98612
84977
99388
97730
99072
64645
60000
45534
98295
94228
98612
98723
99613
99920
99465
97651
79524
87245
98283
99744
98612
8917
99405
51312
97865
99649
25550
98583
99972
99082
98561
98375
99048
36742
-1
98026
75044
98536
99185
98035
98106
98702
98339
98375
97730
99761
98702
98764
98612
98295
99972
97837
28962
30844
80891
98375
97694
98471
99427
99920
98961
99887
54708
99837
52407
98708
97523
99729
97879
33279
12830
99613
