100 3196 64 2
1 2
2 100
1 3
3 100
1 4
4 100
1 5
5 100
1 6
6 100
1 7
7 100
1 8
8 100
1 9
9 100
1 10
10 100
1 11
11 100
1 12
12 100
1 13
13 100
1 14
14 100
1 15
15 100
1 16
16 100
1 17
17 100
1 18
18 100
1 19
19 100
1 20
20 100
1 21
21 100
1 22
22 100
1 23
23 100
1 24
24 100
1 25
25 100
1 26
26 100
1 27
27 100
1 28
28 100
1 29
29 100
1 30
30 100
1 31
31 100
1 32
32 100
1 33
33 100
1 34
34 100
1 35
35 100
1 36
36 100
1 37
37 100
1 38
38 100
1 39
39 100
1 40
40 100
1 41
41 100
1 42
42 100
1 43
43 100
1 44
44 100
1 45
45 100
1 46
46 100
1 47
47 100
1 48
48 100
1 49
49 100
1 50
50 100
1 51
51 100
1 52
52 100
1 53
53 100
1 54
54 100
1 55
55 100
1 56
56 100
1 57
57 100
1 58
58 100
1 59
59 100
1 60
60 100
1 61
61 100
1 62
62 100
1 63
63 100
1 64
64 100
1 65
65 100
1 66
66 100
1 67
67 100
1 68
68 100
1 69
69 100
1 70
70 100
1 71
71 100
1 72
72 100
1 73
73 100
1 74
74 100
1 75
75 100
1 76
76 100
1 77
77 100
1 78
78 100
1 79
79 100
1 80
80 100
1 81
81 100
1 82
82 100
1 83
83 100
1 84
84 100
1 85
85 100
1 86
86 100
1 87
87 100
1 88
88 100
1 89
89 100
1 90
90 100
1 91
91 100
1 92
92 100
1 93
93 100
1 94
94 100
1 95
95 100
1 96
96 100
1 97
97 100
1 98
98 100
1 99
99 100
11 56
34 53
18 27
27 69
23 71
82 94
44 82
78 97
49 52
24 81
37 82
47 59
29 50
8 86
23 41
31 69
11 32
16 62
67 70
73 89
9 26
31 48
18 87
12 25
31 70
6 8
68 76
27 41
22 23
6 24
26 73
57 87
19 56
12 62
34 42
37 93
32 71
2 25
65 90
14 84
36 54
17 98
14 91
24 29
11 35
9 12
11 65
21 72
36 98
29 30
56 98
78 93
14 15
56 69
49 85
8 53
19 23
35 81
43 94
27 51
76 94
53 99
13 66
21 63
4 75
7 94
55 80
39 99
40 74
52 76
71 91
22 38
70 81
50 54
31 46
92 95
3 35
2 32
20 68
22 90
60 79
85 87
35 75
61 87
4 43
36 58
13 18
36 37
73 87
87 90
23 61
38 70
9 57
52 81
24 83
53 60
4 86
3 69
2 54
62 83
13 42
16 82
16 81
26 98
5 48
73 78
88 96
27 84
31 39
43 62
36 43
17 29
38 75
52 55
33 41
24 82
84 89
26 28
49 93
32 76
22 48
14 37
42 77
18 97
50 90
36 82
3 48
68 97
48 55
27 58
12 73
55 67
7 76
38 96
13 96
41 82
51 76
36 74
3 99
35 58
40 78
31 96
11 41
30 31
31 59
61 78
25 28
19 63
77 81
41 79
7 10
30 35
8 57
27 71
44 66
43 78
29 40
15 69
5 83
13 48
35 89
28 68
13 14
47 53
21 79
60 91
6 33
71 81
5 57
15 50
69 85
47 94
39 79
51 87
14 54
68 72
49 54
87 96
2 39
5 95
32 91
49 76
30 89
55 77
41 76
2 68
22 40
17 51
11 89
18 83
39 46
7 64
6 59
48 69
35 60
17 28
57 96
26 54
12 26
12 50
5 9
6 70
24 57
12 88
66 71
66 97
50 69
48 75
29 60
12 96
9 65
80 82
8 84
19 77
9 41
12 59
42 46
22 96
53 57
51 66
81 83
26 42
37 98
4 92
7 98
14 71
67 74
24 85
6 60
30 59
47 66
14 61
63 98
5 33
46 72
92 98
25 40
33 73
21 54
35 53
47 51
8 29
13 57
16 34
82 98
7 85
46 73
6 84
48 54
55 85
73 84
8 11
6 9
43 66
14 80
12 39
24 68
53 81
22 57
58 82
12 76
18 76
28 59
22 84
10 54
44 58
67 99
19 73
9 24
43 73
37 80
57 89
83 86
32 60
70 80
21 29
14 93
16 20
11 62
45 96
51 85
8 77
42 78
22 91
58 84
22 68
24 53
31 82
17 30
7 31
8 92
29 76
62 64
17 42
45 84
14 81
32 57
39 97
81 86
10 67
23 47
39 82
4 44
56 91
10 13
10 34
42 82
42 58
57 59
29 56
61 96
58 72
54 88
33 45
47 64
96 98
31 60
31 90
52 56
10 89
48 59
26 51
2 83
72 93
16 92
52 92
23 69
59 60
25 67
8 91
74 86
50 94
54 95
42 93
75 81
92 99
40 49
61 64
32 75
21 51
11 18
41 62
72 99
21 56
39 89
40 43
88 95
29 72
36 75
56 76
20 70
14 63
4 74
35 86
47 52
18 29
45 60
64 99
5 69
40 41
39 71
62 79
11 80
57 61
5 61
6 37
3 78
21 52
51 82
55 97
14 97
14 25
15 19
18 24
29 43
45 65
8 45
3 45
75 98
53 66
18 85
16 53
68 93
51 64
69 78
2 75
20 75
35 93
21 48
30 44
21 87
29 83
17 64
33 55
15 34
30 46
19 94
29 70
34 40
45 75
79 81
25 77
9 76
80 93
58 69
31 83
70 96
57 63
65 67
11 36
27 36
23 64
17 36
32 80
14 83
43 96
41 51
52 66
74 83
33 57
55 78
5 80
60 86
20 73
55 90
60 92
40 69
16 49
30 57
29 45
41 81
46 75
43 67
32 96
21 31
60 90
33 67
74 82
41 96
15 33
11 90
27 65
43 92
3 70
56 86
9 96
73 77
7 13
65 99
51 98
71 75
51 71
51 94
62 77
14 43
7 92
74 79
72 87
46 48
41 75
22 58
32 54
9 73
8 42
71 99
58 99
7 61
13 52
22 36
6 52
91 92
20 34
23 54
23 26
5 38
13 63
3 26
11 26
61 67
48 51
8 80
22 59
6 86
40 77
10 66
18 68
65 73
14 94
52 87
23 27
30 43
7 25
27 31
62 95
37 66
38 58
42 87
17 23
90 92
48 60
4 78
12 89
69 99
52 94
22 64
46 84
23 78
48 52
24 87
44 51
52 80
58 65
62 72
50 55
5 23
17 91
21 22
42 50
35 88
60 62
65 70
39 75
57 62
14 29
14 50
10 23
21 78
11 25
10 11
66 98
43 46
71 90
16 58
84 92
20 52
71 79
49 92
20 91
71 96
9 17
14 57
11 33
47 82
7 79
72 81
16 25
76 88
42 54
28 93
50 53
16 21
26 65
14 33
74 97
50 66
9 37
27 62
55 82
25 46
63 92
5 86
60 74
22 98
2 94
39 44
21 77
33 87
27 93
57 81
79 95
22 46
32 37
14 92
13 34
41 61
29 67
36 81
34 46
57 71
28 78
56 75
61 84
3 51
10 38
6 81
10 28
34 54
53 76
24 36
26 58
37 64
41 53
10 45
69 77
9 33
13 87
39 72
18 80
45 63
44 78
25 65
43 44
25 73
19 32
8 67
75 89
59 71
2 78
45 87
50 86
7 68
17 76
16 85
22 52
22 35
16 23
22 99
6 56
93 98
29 51
24 65
6 97
52 79
16 43
6 18
20 76
42 62
2 14
52 71
6 66
39 90
18 57
25 89
13 53
70 95
17 83
24 88
7 78
38 42
12 82
2 9
33 54
3 85
22 77
43 49
68 88
13 77
18 75
55 65
63 99
59 86
2 63
31 63
24 41
36 96
58 92
29 85
40 75
67 87
55 57
24 93
19 39
37 43
18 23
26 55
58 85
61 91
22 39
10 74
47 63
32 66
96 97
53 72
18 44
18 46
31 86
41 63
2 66
44 93
7 52
40 99
24 32
50 93
45 93
18 49
64 82
28 75
43 57
6 77
14 77
63 75
18 42
17 22
52 54
60 99
36 51
30 47
10 41
68 70
2 17
64 88
5 97
41 44
21 67
57 58
77 83
36 72
7 80
8 52
8 32
2 96
36 56
56 74
38 92
21 33
21 73
27 42
59 92
65 79
19 60
25 35
15 59
28 61
33 48
9 56
9 22
45 77
24 98
30 58
45 57
7 51
27 48
7 90
7 19
34 77
13 56
10 16
4 57
76 77
16 59
58 88
38 55
37 99
29 64
92 97
37 69
35 36
42 65
50 99
86 97
68 94
16 47
34 97
3 30
21 62
32 97
25 84
12 92
4 68
47 97
6 99
9 28
67 71
2 88
31 38
77 98
7 45
20 46
2 58
34 48
64 76
69 94
13 24
63 68
33 34
69 87
24 96
32 56
46 96
49 50
74 98
16 39
84 95
15 31
36 93
74 75
18 58
8 68
80 91
58 68
36 83
43 63
12 27
33 64
52 97
24 26
25 97
6 72
15 74
6 68
69 74
7 37
10 20
38 86
13 89
82 89
43 58
64 96
40 72
46 97
13 99
45 95
41 98
51 92
35 84
58 76
44 65
72 92
47 55
17 41
23 77
2 19
6 95
2 15
13 15
7 56
24 45
7 14
46 76
24 49
18 65
18 60
62 96
10 46
15 95
15 48
64 68
62 84
46 56
79 88
19 88
47 57
9 51
65 91
45 85
26 81
3 32
11 63
4 34
26 48
41 58
64 92
91 93
55 83
24 74
12 36
65 78
19 29
71 87
15 83
23 50
11 73
12 51
28 84
65 97
28 57
56 84
77 96
13 79
6 67
39 74
60 61
4 77
24 30
11 88
30 97
54 83
66 68
50 59
70 73
34 44
7 47
32 63
27 98
27 45
62 63
15 72
42 57
4 97
23 33
49 51
29 66
16 72
30 86
5 78
54 55
30 61
74 85
19 34
24 42
16 29
62 94
37 50
54 58
13 29
20 98
22 28
43 56
37 74
6 71
46 63
87 92
33 77
6 46
6 55
15 47
40 73
66 70
3 37
15 96
45 66
13 45
63 71
8 79
40 57
27 61
35 77
4 90
24 95
51 67
28 86
22 81
40 45
62 75
54 65
15 55
56 78
9 82
11 50
12 58
26 92
32 44
67 72
52 64
5 27
47 56
33 40
40 87
39 92
46 64
21 28
10 57
6 85
20 28
56 85
37 61
13 39
16 87
5 87
61 74
4 15
9 52
13 97
5 66
4 38
36 60
45 69
34 49
28 38
9 18
67 80
37 57
6 32
10 86
5 41
6 38
53 75
34 47
17 52
20 85
25 87
27 53
71 73
54 59
46 55
29 32
4 17
3 29
3 41
16 84
76 80
87 95
17 81
17 25
20 26
24 77
17 33
8 76
35 61
66 95
10 27
14 60
10 17
19 47
15 22
22 54
48 67
47 98
54 70
12 23
19 62
3 31
6 20
28 80
26 75
37 54
47 87
23 25
33 80
15 45
87 89
20 35
18 78
5 59
3 10
81 94
37 81
57 92
10 39
65 95
74 84
30 37
7 62
12 42
4 62
16 54
53 55
5 88
41 43
18 90
86 91
38 89
8 81
63 84
63 89
83 99
54 78
5 64
26 63
75 96
52 85
47 68
62 97
13 16
84 87
83 96
16 79
88 99
21 69
28 35
63 78
38 69
33 62
20 62
15 98
37 39
78 90
37 72
13 40
23 89
72 82
11 84
25 75
42 64
58 70
13 49
12 46
27 30
46 98
6 22
70 94
72 86
27 85
19 46
19 21
26 70
38 74
61 65
62 90
65 77
11 12
23 74
37 67
11 81
38 67
42 74
60 93
11 83
8 23
54 94
20 24
6 7
56 70
38 60
62 67
44 59
30 50
7 46
87 94
29 65
3 83
32 99
56 80
30 70
5 26
14 85
3 65
39 63
24 72
60 76
36 84
5 79
30 94
26 94
16 78
66 69
64 98
48 64
11 42
10 37
19 71
44 48
82 83
53 71
15 23
25 41
10 99
53 96
50 80
33 35
35 46
11 82
52 57
23 67
73 91
32 64
7 69
11 43
6 91
15 28
36 73
36 53
36 78
25 78
17 85
58 89
44 87
77 95
4 25
81 85
17 88
59 74
24 86
14 45
18 32
10 69
43 53
9 25
45 83
15 56
38 84
5 82
65 81
24 91
25 61
78 82
23 97
78 92
5 53
27 91
18 48
65 72
11 74
64 67
20 33
16 93
20 89
35 95
21 66
26 36
3 81
5 25
41 77
28 36
7 28
19 80
61 70
9 15
54 87
68 83
41 64
2 20
59 96
51 59
7 27
57 85
63 77
14 62
43 89
76 87
58 60
34 70
3 9
8 34
51 86
49 97
76 83
16 38
58 62
60 84
26 37
30 80
20 94
8 75
51 81
40 93
19 28
24 92
32 58
17 99
6 96
56 92
13 86
31 94
18 19
70 89
48 62
2 23
27 80
59 61
40 65
51 60
20 55
64 85
64 78
40 81
56 65
9 98
37 94
33 97
80 89
26 97
20 77
70 87
52 90
55 96
13 33
12 24
25 49
2 4
44 94
36 61
11 30
12 34
50 63
6 49
11 13
44 61
12 64
18 20
24 34
36 68
45 78
14 42
74 93
54 67
38 50
17 59
11 21
16 95
30 68
21 86
4 61
13 30
20 41
54 66
14 96
16 50
18 36
18 50
46 53
43 64
54 62
24 58
26 61
43 72
39 70
15 77
66 74
62 74
42 70
54 97
12 44
26 86
66 85
73 93
3 15
3 16
33 59
6 30
46 92
16 18
44 71
83 97
3 17
73 76
15 26
71 97
10 87
33 92
25 56
18 28
19 50
59 88
6 16
49 87
5 51
41 91
19 93
32 43
74 89
41 74
25 45
14 16
80 96
63 96
66 75
3 49
15 90
3 95
46 70
85 90
37 42
77 87
7 81
12 47
34 84
12 86
40 64
8 98
21 44
13 64
14 35
15 85
5 74
32 79
66 86
18 61
9 68
85 86
28 67
19 75
25 42
43 93
57 76
3 14
22 67
2 44
10 97
22 24
14 89
83 98
42 47
6 50
32 65
30 55
95 97
11 28
4 67
64 74
49 94
10 25
10 88
25 93
84 97
38 98
75 95
26 47
53 93
16 35
54 64
5 89
68 84
12 74
3 7
44 52
14 39
3 52
22 44
15 62
62 78
23 34
11 72
27 92
38 79
49 88
21 90
29 77
29 39
44 73
10 26
53 62
56 67
10 63
34 98
12 29
66 82
30 36
35 54
69 89
2 45
2 87
48 96
15 68
22 86
44 89
72 78
52 74
44 72
86 96
51 90
36 88
29 86
10 76
45 97
10 61
53 74
5 70
39 59
27 67
43 79
4 89
22 79
22 93
11 86
43 99
32 40
59 91
43 55
55 84
19 25
17 37
64 87
33 78
28 43
7 8
32 70
26 43
79 98
52 82
53 86
16 61
57 69
31 32
66 92
9 70
12 99
25 76
47 58
26 67
28 47
31 92
21 47
37 89
43 75
17 24
21 68
42 80
15 57
78 89
39 42
13 80
2 86
4 36
63 69
8 82
5 73
30 52
21 93
82 88
2 90
76 97
37 55
29 75
21 60
48 81
43 47
17 79
68 79
79 97
38 77
5 12
32 61
35 94
2 92
3 5
82 92
50 88
29 80
85 91
19 22
24 62
17 46
42 99
49 73
6 61
9 10
64 93
34 52
53 90
2 67
46 67
7 58
40 96
12 40
32 50
59 85
55 64
8 38
49 70
75 91
20 74
23 29
36 45
4 32
45 58
23 57
7 75
19 36
59 69
39 68
29 46
28 42
89 97
57 79
6 69
28 48
46 87
69 92
66 77
2 76
14 66
3 53
10 70
10 80
52 98
85 94
19 83
3 77
33 38
67 94
30 33
14 95
52 70
31 99
42 75
3 21
35 85
69 73
47 65
33 71
49 80
35 82
15 65
25 95
14 86
44 47
51 75
23 24
33 79
16 41
86 88
68 90
39 93
14 49
74 90
39 61
16 60
21 25
6 90
31 37
23 32
65 92
7 16
28 69
19 69
10 55
36 66
73 88
60 97
25 90
39 45
46 99
73 85
5 49
85 92
15 42
42 69
68 99
58 71
16 71
47 85
34 67
71 94
7 24
6 65
42 81
22 72
42 66
42 83
88 91
41 72
26 90
13 59
71 80
61 73
5 43
7 38
12 85
8 69
22 31
29 48
18 81
73 81
5 67
43 83
60 69
25 33
8 71
49 95
9 78
3 98
19 85
79 85
5 34
43 82
12 60
55 86
59 63
7 35
23 37
35 68
23 36
62 70
9 47
56 77
11 69
38 73
67 68
36 77
56 90
4 14
16 86
33 53
5 46
36 79
44 83
14 24
21 53
7 15
8 33
59 67
35 59
19 61
18 77
9 87
62 98
2 64
46 66
4 84
26 45
61 79
32 55
41 59
24 37
3 33
65 93
41 55
8 73
77 91
41 60
6 58
57 75
51 88
18 26
41 47
47 90
13 28
9 61
44 84
51 68
15 29
81 82
56 81
29 54
35 98
46 91
45 48
83 85
6 19
13 44
35 70
29 31
4 71
36 69
14 68
15 44
22 51
4 16
72 74
39 91
34 68
41 92
36 63
15 17
8 28
28 94
30 66
11 77
42 84
38 52
11 47
22 70
47 70
53 98
23 38
5 91
27 86
64 77
7 53
71 98
69 84
2 29
24 38
62 99
31 33
3 39
19 41
30 51
39 47
54 69
81 89
24 59
92 93
19 33
72 98
19 66
28 40
33 46
6 78
26 62
3 56
19 64
17 55
11 79
33 68
13 46
29 42
23 86
59 87
11 49
53 84
26 29
11 96
21 92
65 76
53 64
88 98
8 85
94 97
12 84
45 90
54 85
56 94
26 91
44 99
11 64
23 84
17 86
45 51
68 92
81 90
22 49
29 81
17 77
64 79
19 68
75 85
40 52
58 95
25 71
19 95
39 83
10 82
17 92
26 46
22 34
35 83
2 13
29 79
19 49
2 35
33 94
9 23
81 93
26 95
2 72
5 42
8 46
6 87
28 87
3 71
10 75
7 70
57 99
2 99
14 17
32 52
18 21
15 60
19 78
74 77
66 79
28 37
43 52
44 75
82 96
13 62
55 87
8 72
11 97
73 97
2 11
18 38
6 21
66 91
12 77
16 42
40 88
24 40
40 95
75 76
13 78
56 60
40 47
9 99
21 71
83 95
29 90
46 82
66 80
23 53
28 85
37 88
36 94
41 73
31 61
16 19
26 59
65 82
31 79
17 82
12 21
87 93
42 73
38 59
17 70
17 87
86 93
5 60
45 64
7 48
15 88
13 47
62 66
27 72
6 51
20 54
10 52
51 89
16 40
62 80
2 93
62 81
2 21
55 95
29 38
22 25
56 93
21 88
26 38
47 95
5 19
8 47
39 78
15 64
15 61
46 65
20 99
39 85
48 72
23 87
25 99
11 45
28 92
6 80
16 75
28 55
29 44
6 44
25 83
80 92
11 99
60 71
37 60
44 70
90 94
85 88
5 7
30 39
37 52
32 39
67 77
17 78
40 61
17 65
31 53
49 71
38 81
73 92
2 38
15 92
40 48
43 81
5 36
30 34
38 88
7 89
47 69
53 87
10 56
25 66
5 62
57 97
72 90
37 90
16 24
25 26
40 44
27 66
55 79
40 82
88 90
30 64
12 30
86 89
21 40
67 89
54 72
58 94
7 34
5 63
30 76
9 72
40 59
9 32
13 26
37 78
10 72
12 81
48 63
3 18
50 62
3 68
41 99
21 81
2 37
23 72
61 90
60 75
52 58
54 73
81 87
2 28
34 91
29 71
13 51
64 70
25 58
27 81
47 77
19 65
2 70
69 95
7 91
15 79
74 76
95 99
31 66
18 71
3 74
8 31
38 91
2 49
40 53
56 79
23 60
47 49
18 30
73 79
27 73
37 83
45 76
41 80
40 89
19 45
25 59
60 87
50 89
16 94
2 56
34 57
23 65
69 88
36 64
97 98
11 31
74 92
65 69
10 62
18 99
15 24
28 82
18 62
25 70
10 44
54 98
41 68
71 82
33 99
18 39
45 50
37 70
55 68
12 72
33 70
8 55
64 91
27 82
2 74
36 91
52 93
2 57
54 56
43 90
8 40
72 80
77 84
13 71
24 28
8 13
13 19
81 91
19 97
20 78
38 57
32 94
13 90
21 24
64 65
3 38
28 54
14 52
44 80
65 86
17 63
34 71
47 75
33 50
78 96
3 42
23 63
15 89
95 98
75 87
28 52
19 37
15 93
39 40
28 44
73 94
9 46
41 71
46 85
14 69
10 50
72 91
11 16
6 13
28 58
27 89
8 49
3 93
74 81
39 69
47 50
48 88
64 89
8 17
7 77
45 49
38 46
42 86
18 95
28 91
10 94
4 87
13 32
38 66
9 16
46 80
20 21
31 80
40 76
44 63
14 20
30 63
43 91
2 81
10 19
55 63
60 70
11 60
82 95
53 91
51 73
22 29
54 75
75 97
33 74
46 62
52 73
16 88
28 41
3 43
23 62
78 99
46 89
22 94
4 9
37 87
10 98
4 72
22 82
61 66
45 59
10 58
26 27
63 85
5 22
19 98
18 37
34 83
71 78
59 90
70 92
28 65
31 42
37 65
33 65
13 36
81 92
41 66
27 37
35 51
19 20
62 69
31 74
2 26
70 75
72 73
49 62
3 96
63 74
35 65
13 74
12 20
46 81
43 86
48 86
62 86
70 84
60 68
11 67
35 38
75 77
16 69
10 42
70 91
44 91
6 26
19 52
50 79
7 59
71 74
94 98
6 82
15 63
56 66
79 90
59 79
57 70
6 48
82 86
4 8
14 82
13 25
25 44
11 34
75 93
66 89
24 71
4 79
80 98
27 76
48 66
61 75
28 56
28 74
44 95
6 73
88 89
85 93
48 73
62 73
68 96
56 99
10 84
47 61
60 95
46 90
80 83
28 49
27 88
26 40
28 39
27 64
2 34
22 27
16 55
16 46
26 49
3 4
8 10
9 11
61 76
46 60
46 71
26 44
38 76
5 47
69 82
50 78
69 79
45 86
17 19
42 76
18 52
59 84
15 80
40 68
67 69
4 26
68 73
82 99
44 85
19 26
54 82
34 50
85 89
35 80
36 85
21 76
29 47
37 71
32 35
17 47
24 79
9 43
19 81
38 65
57 88
83 87
13 58
60 65
45 98
31 77
17 68
71 84
41 45
55 98
29 52
52 72
23 40
16 37
95 96
69 72
31 73
2 22
40 54
40 85
47 83
46 59
70 72
26 53
67 79
14 41
48 71
46 57
14 51
72 97
51 53
45 53
14 18
49 57
3 88
32 47
2 18
27 29
57 73
22 43
29 33
68 91
37 63
51 72
22 78
41 57
27 99
48 82
60 85
85 97
38 78
64 95
66 83
80 87
28 63
46 74
5 50
4 49
53 79
3 66
54 77
21 61
17 74
19 82
54 91
16 99
24 89
3 25
4 42
41 42
63 79
43 48
36 65
59 73
7 23
25 36
5 39
41 50
55 76
28 83
53 88
10 59
17 72
26 34
7 55
56 57
31 36
44 81
30 67
62 88
25 32
32 84
8 87
12 68
6 64
6 29
81 95
27 50
4 5
81 98
14 64
14 47
63 82
58 74
60 82
89 94
44 67
20 96
56 62
53 83
31 50
68 89
9 83
40 66
43 69
32 53
30 79
10 29
23 94
29 34
7 17
20 22
65 85
35 45
35 79
12 63
19 84
38 39
20 87
50 97
80 99
12 90
41 94
67 93
66 73
51 69
29 62
36 50
23 66
13 94
19 59
78 79
78 94
27 38
21 41
3 87
63 87
20 45
69 90
11 44
12 97
6 89
9 60
64 81
12 79
42 55
58 80
36 44
24 35
43 80
63 70
55 60
58 75
66 76
40 71
14 99
21 85
34 90
75 90
7 32
57 67
29 73
8 25
2 80
4 30
4 83
5 6
76 95
30 60
84 93
40 79
22 83
14 88
23 68
19 70
68 98
25 52
8 20
34 59
19 76
25 54
56 82
42 98
14 79
70 98
67 76
25 64
8 64
5 8
26 83
48 80
3 91
21 94
15 78
23 39
21 55
6 88
59 89
2 84
77 79
24 67
35 96
32 85
39 48
11 15
33 42
19 92
25 80
39 65
37 49
19 67
46 54
11 20
63 80
17 56
89 92
26 85
71 92
47 91
37 96
65 80
22 53
19 30
38 44
4 29
22 30
15 38
38 56
62 85
19 87
17 43
28 89
72 96
26 99
17 84
15 18
34 39
22 80
6 79
6 41
22 66
10 71
9 21
52 91
29 84
7 88
30 73
57 68
4 82
24 99
46 83
48 70
37 97
91 94
25 74
13 50
4 11
30 93
6 45
56 97
63 93
70 79
51 83
9 44
48 89
3 47
56 72
7 96
72 79
40 67
42 94
15 49
12 54
3 76
44 64
9 81
33 58
35 56
28 71
10 68
12 31
33 66
19 40
32 33
31 64
57 65
11 51
59 72
69 98
26 31
35 41
33 88
5 85
26 56
47 76
15 54
9 58
27 39
18 34
26 39
11 40
65 94
21 98
61 99
26 32
5 24
69 71
15 35
26 82
45 56
42 72
36 57
9 55
6 42
53 58
33 60
10 22
67 98
11 78
40 98
10 64
17 80
2 59
8 16
41 52
15 53
40 56
30 91
75 84
47 62
20 23
10 49
41 78
24 55
89 91
34 66
72 95
11 71
41 88
11 23
31 67
5 98
18 84
58 97
9 48
36 89
14 56
35 50
6 43
35 57
28 51
18 91
9 94
61 92
16 32
84 94
4 50
48 68
50 60
46 88
2 31
8 96
2 97
4 85
36 76
69 70
29 69
78 98
33 82
43 76
20 71
37 38
47 81
59 95
94 99
3 82
91 99
4 98
92 94
27 46
60 67
4 52
20 69
55 75
26 79
71 85
77 85
82 85
29 89
28 29
3 46
9 29
52 60
3 34
51 84
14 36
31 76
51 96
3 58
2 65
30 88
25 98
69 80
34 43
49 77
3 24
32 83
15 84
39 43
43 97
8 19
4 46
39 88
18 55
67 75
15 52
53 73
27 95
13 67
86 99
35 64
40 92
58 61
5 92
10 15
37 59
73 75
32 78
13 61
42 43
29 53
13 85
50 72
18 54
48 97
60 83
8 94
77 78
44 45
37 40
32 38
75 99
54 76
5 29
27 74
6 28
52 69
35 67
6 25
48 78
31 55
4 53
9 50
34 38
55 92
27 35
12 33
39 73
32 72
16 68
20 30
4 7
82 93
21 84
17 21
43 54
12 55
48 93
60 94
53 67
41 70
24 52
22 60
8 39
4 80
2 12
83 89
67 85
12 56
78 88
11 57
16 52
25 94
40 58
10 47
41 56
52 67
11 19
56 88
54 84
23 46
33 84
79 82
34 94
37 77
31 81
3 62
2 40
35 87
40 83
41 85
71 72
23 92
38 48
41 46
27 34
3 11
11 95
36 47
26 64
7 43
12 65
48 92
39 57
50 83
8 43
29 41
45 74
74 78
11 14
70 74
72 88
24 61
5 18
20 80
34 64
31 47
76 99
29 99
26 96
12 69
8 12
37 41
63 88
21 27
7 72
33 52
65 74
65 96
12 98
28 98
60 63
53 70
12 41
30 62
28 88
48 49
13 35
20 90
36 97
63 76
47 84
48 57
77 94
28 60
31 41
39 50
65 89
5 56
55 56
3 55
63 67
2 79
12 16
20 82
33 85
78 83
15 41
49 90
47 48
59 97
46 58
40 55
76 81
2 6
12 43
47 71
3 97
5 28
23 82
6 11
16 98
32 34
4 59
13 20
24 70
62 87
55 69
6 75
35 91
12 83
45 70
39 96
19 35
24 60
22 75
27 52
28 72
57 78
9 20
2 41
17 62
63 94
20 61
35 71
8 89
61 97
27 43
37 62
35 40
18 64
20 95
41 84
21 91
35 63
68 85
53 65
53 85
4 63
17 75
55 93
6 92
14 26
32 77
18 53
51 70
45 68
39 81
53 80
46 95
49 99
29 78
2 98
24 94
73 86
19 43
47 79
16 90
12 14
67 97
19 51
3 40
4 31
35 92
10 32
24 64
35 47
9 35
63 97
32 67
64 73
31 97
58 93
39 98
75 78
71 76
43 68
44 86
6 54
2 36
30 42
46 50
48 83
55 88
3 27
23 49
76 79
32 42
61 85
53 63
30 96
63 73
24 27
53 95
31 89
4 33
21 45
24 84
70 85
5 52
71 83
47 89
20 42
17 45
66 99
50 67
21 50
33 69
15 75
884 40 37 556 634 398 560 192 224 516 984 703 894 640 206 449 829 538 323 104 229 112 45 147 852 100 527 410 323 239 610 733 261 11 362 930 342 82 551 252 428 40 11 361 218 613 715 847 559 617 361 262 670 609 290 853 968 400 313 360 453 883 634 846
308 431 332 280 816 272 318 298 401 161 368 623 464 551 128 675 48 833 52 373 51 644 951 897 692 989 319 771 131 283 706 445 478 27 964 492 433 463 289 872 645 865 748 154 953 794 763 684 900 756 271 976 711 905 746 10 838 975 260 499 232 939 123 129
676 145 720 344 815 208 153 264 870 883 307 27 199 840 561 84 201 937 826 775 589 872 484 572 863 441 435 135 24 43 714 333 477 620 834 860 946 779 51 81 604 169 98 238 948 292 236 300 639 299 157 172 617 620 417 5 833 626 586 368 941 902 342 878
133 408 46 980 352 305 918 149 313 134 186 596 322 786 3 266 288 218 375 74 155 300 349 634 717 100 530 577 690 191 732 351 944 394 975 496 413 669 83 598 743 16 652 50 688 247 481 180 201 178 850 25 954 59 723 534 113 967 665 481 295 610 208 5
950 803 784 346 311 779 712 411 197 677 20 119 542 456 824 686 355 140 820 98 849 104 483 735 978 601 565 919 323 344 372 832 929 781 972 760 803 1000 683 532 772 831 148 617 370 930 322 978 448 611 269 291 784 208 367 4 794 559 379 941 970 736 400 548
366 152 672 748 781 687 247 215 705 779 82 2 481 787 673 652 296 376 782 768 175 751 15 194 630 122 549 811 862 391 608 879 821 714 674 985 774 465 637 682 641 92 183 214 457 808 127 790 329 338 964 233 197 452 813 451 920 579 289 119 340 810 181 905
353 913 512 550 115 158 561 561 393 170 845 199 406 656 16 794 140 119 464 81 391 521 808 678 118 167 604 97 187 533 991 893 789 120 374 766 561 521 736 69 650 341 710 795 499 864 940 771 973 794 806 589 703 216 500 768 112 863 93 938 704 361 581 265
180 364 273 851 662 616 63 541 287 176 528 492 28 572 82 77 361 70 996 408 162 937 645 743 15 56 613 951 230 460 452 432 691 594 875 637 103 466 901 734 278 511 694 440 938 936 610 590 180 584 489 976 117 112 612 857 224 857 382 647 19 257 216 318
925 86 811 642 167 342 528 817 315 878 13 758 214 879 693 168 863 42 285 371 40 437 557 520 401 586 784 887 246 138 726 649 18 953 969 363 513 410 146 922 208 790 159 861 120 633 376 940 32 501 129 895 848 59 56 988 189 344 994 86 401 416 130 657
170 516 607 852 461 255 31 805 565 525 356 713 714 868 751 304 323 931 351 736 645 179 389 367 606 187 850 533 948 533 168 429 156 774 720 819 398 774 927 674 347 365 33 594 938 557 422 62 688 858 660 719 503 478 42 591 97 510 139 396 323 708 783 877
487 315 288 213 550 334 885 723 768 58 482 810 125 548 418 942 671 654 117 739 220 436 157 160 332 321 737 956 174 666 812 470 457 875 135 953 974 22 58 711 152 374 449 589 857 709 72 932 703 224 162 560 225 207 760 115 227 804 637 748 895 883 472 186
748 210 355 54 203 230 308 338 114 143 497 123 327 582 930 463 32 867 644 222 438 68 212 659 756 263 807 17 553 186 796 439 535 849 28 428 958 288 912 893 823 621 954 274 825 252 170 158 283 38 564 865 545 332 489 221 173 949 203 264 780 883 512 907
900 87 986 653 186 141 9 895 745 256 612 380 101 82 310 816 723 282 22 232 741 768 51 974 577 412 90 738 82 940 447 579 836 991 567 595 916 177 817 53 587 736 944 617 508 392 235 608 719 672 576 13 784 166 193 182 937 114 481 531 439 189 142 531
189 716 890 706 223 202 806 493 820 577 380 178 321 200 875 824 577 103 434 553 586 901 854 556 186 575 45 862 442 732 86 539 686 461 722 59 739 247 566 512 421 726 275 161 923 524 119 187 865 515 560 207 788 463 526 811 647 424 632 647 695 400 393 555
75 225 839 540 509 998 838 759 132 122 422 544 255 726 934 43 665 425 119 106 637 293 866 759 119 86 394 90 440 789 459 360 474 155 716 714 273 888 622 428 637 699 622 176 668 97 177 524 549 98 95 974 133 981 559 584 951 630 250 840 690 649 916 76
825 375 338 154 268 211 727 461 515 521 33 620 630 224 808 14 245 172 82 513 492 26 716 429 634 801 849 529 641 399 508 852 362 224 95 4 161 680 418 438 444 7 809 442 902 711 342 759 768 155 870 321 961 243 759 442 845 446 131 854 847 500 666 111
268 918 183 951 518 751 776 140 695 516 677 37 557 243 158 497 626 940 149 247 565 420 963 948 319 458 160 352 791 957 174 642 987 341 495 603 472 145 36 658 753 848 348 451 401 223 446 545 461 692 251 545 966 661 473 425 278 26 820 373 341 486 151 783
773 993 885 64 971 284 979 287 702 826 799 372 412 517 120 7 100 39 927 738 240 23 906 693 812 556 314 803 928 297 764 874 355 769 575 864 133 773 923 740 678 936 282 63 225 488 594 911 73 602 589 470 3 120 882 127 629 624 648 66 69 632 106 669
918 181 690 192 223 82 303 183 880 400 103 357 305 398 919 712 446 396 686 73 853 74 999 258 727 873 645 862 430 467 875 228 463 230 322 869 162 251 640 913 571 183 882 523 311 290 601 262 640 330 97 236 760 585 447 637 589 176 12 245 405 5 216 306
539 707 211 841 800 466 153 898 401 642 516 305 583 993 335 379 181 223 36 312 40 502 20 586 227 138 177 682 201 983 190 653 92 742 239 386 319 843 888 938 334 580 47 961 610 703 996 727 713 267 475 892 508 510 309 497 634 467 726 890 923 213 397 478
618 22 507 729 86 69 701 242 194 62 619 983 575 217 585 315 315 600 658 502 564 461 847 877 821 5 932 896 564 341 810 513 762 866 91 966 760 498 488 500 549 899 145 282 204 972 359 586 411 139 838 831 47 121 571 802 708 138 159 823 698 429 181 510
577 407 920 757 582 1 629 796 36 998 757 465 906 279 678 4 45 771 808 230 662 788 896 86 55 952 920 427 188 218 327 688 932 794 31 917 569 982 700 527 897 600 143 574 325 360 231 693 375 120 731 863 253 395 235 817 43 128 486 876 10 805 164 935
698 961 825 945 792 375 519 77 496 275 851 707 391 46 324 584 431 975 867 94 612 543 842 155 845 838 444 787 986 165 15 292 555 909 17 208 629 100 370 104 618 659 844 802 336 356 741 301 830 737 636 440 652 88 664 651 325 366 429 77 93 374 26 479
946 290 882 339 222 686 830 849 276 507 536 745 317 878 602 948 310 595 336 769 997 858 459 489 797 277 661 689 211 534 572 327 427 462 213 335 582 36 181 894 955 883 472 80 36 622 823 269 716 839 359 508 70 277 642 902 734 312 351 764 414 152 82 788
165 300 311 988 510 351 219 215 777 691 48 358 230 60 42 375 530 214 527 628 262 860 140 553 98 227 945 531 324 933 982 357 62 576 551 203 470 387 496 669 536 490 425 314 526 129 837 285 70 404 771 11 547 928 738 345 335 726 872 233 56 487 730 99
381 89 437 191 115 674 864 411 253 42 479 98 215 359 908 429 136 930 329 772 540 180 554 207 644 71 784 1 282 977 896 88 487 840 520 354 705 4 428 938 348 935 359 549 631 594 419 75 420 620 747 796 833 210 659 744 1000 217 634 798 708 252 454 975
283 225 497 73 67 655 862 539 674 895 325 47 760 469 811 667 577 598 611 769 331 771 423 799 395 802 501 131 901 544 208 843 416 535 2 955 638 334 561 694 990 794 959 142 312 985 68 151 436 417 926 327 346 802 602 110 658 681 40 679 202 722 334 953
260 445 479 121 289 915 775 602 843 53 894 833 480 425 940 597 260 346 15 674 162 895 169 732 829 662 480 779 472 69 717 239 132 618 633 460 265 75 736 599 795 430 907 82 704 886 634 866 803 934 627 621 576 298 24 109 82 260 998 534 181 238 876 28
445 414 866 49 850 199 962 226 993 60 887 224 486 797 170 675 905 875 861 132 687 578 904 69 130 584 906 482 92 330 228 34 327 548 491 398 659 345 296 402 375 508 146 158 979 621 570 852 243 204 743 343 884 890 468 305 124 386 838 60 896 626 725 580
379 639 740 857 299 866 883 74 512 942 672 190 359 302 354 199 683 402 142 113 417 23 846 742 578 293 710 703 931 146 19 602 234 100 147 39 344 251 516 397 531 366 903 160 329 99 84 293 309 843 248 44 340 159 563 798 716 876 187 117 945 416 959 2
541 383 76 614 192 609 467 746 943 159 40 284 827 800 827 14 214 51 283 451 99 295 669 417 932 840 379 669 54 388 149 729 825 647 360 722 740 258 952 419 54 536 630 618 248 759 976 425 551 146 613 183 747 73 272 606 716 575 870 967 85 60 838 831
576 242 511 3 744 637 75 467 742 173 918 405 121 768 545 952 161 951 252 990 227 7 86 187 117 313 109 193 816 52 424 873 299 671 180 254 470 930 406 203 521 441 630 978 888 510 281 576 422 866 658 611 519 264 1000 165 183 615 900 102 305 315 996 444
94 757 29 352 581 410 898 464 920 599 436 124 300 192 443 450 603 457 630 80 385 391 932 490 883 629 619 838 46 717 867 102 412 396 382 440 724 593 620 837 492 930 614 99 187 575 848 350 200 635 593 23 317 101 273 174 699 904 468 887 409 918 253 793
113 337 475 966 825 539 562 982 624 28 776 649 966 582 358 364 50 489 231 276 582 771 820 31 436 704 497 755 925 178 756 980 64 395 159 319 240 703 322 976 276 772 655 598 844 445 775 544 217 441 827 771 466 50 839 248 500 935 458 811 541 112 494 558
182 282 511 844 49 192 239 873 801 923 395 484 347 140 984 453 824 652 298 233 615 522 815 887 736 989 665 96 300 228 348 57 749 657 674 834 277 873 728 35 728 864 893 578 356 593 717 969 290 312 254 899 10 578 109 883 428 897 898 264 225 428 495 39
841 119 907 868 646 552 356 228 966 369 497 81 3 107 266 931 75 587 609 830 107 729 850 831 723 981 242 57 447 105 302 349 359 406 677 465 941 768 309 213 301 630 932 314 480 476 364 205 274 988 884 683 792 817 543 2 722 980 611 315 341 11 401 540
336 58 881 422 160 286 495 641 41 114 770 372 551 4 271 14 974 448 610 270 126 897 194 709 497 542 611 244 785 613 191 711 91 414 654 929 168 201 911 904 978 662 556 445 701 346 232 558 674 88 557 881 96 44 299 690 550 240 699 665 778 204 594 593
755 575 730 144 542 62 807 106 319 921 855 827 984 410 82 807 564 779 996 192 507 889 44 144 179 785 979 713 366 452 212 343 269 317 817 113 734 485 247 603 361 281 391 965 27 107 631 984 315 46 766 852 892 714 951 697 800 570 130 486 231 891 349 527
741 133 740 720 670 758 166 545 360 259 687 896 400 267 234 109 279 324 761 316 698 245 366 784 40 36 863 645 727 186 36 318 454 712 1000 230 990 995 686 459 841 374 462 413 419 569 548 702 166 378 700 424 727 176 880 271 232 1 896 291 204 927 512 343
437 224 289 271 663 324 266 892 423 451 531 826 382 546 145 114 363 886 46 619 719 356 611 479 331 773 49 812 32 99 968 611 23 215 925 530 303 160 625 713 784 283 138 321 164 432 470 543 376 826 355 182 635 884 194 849 969 98 575 953 211 252 952 511
96 54 934 481 749 214 314 803 284 216 770 417 886 356 115 493 559 386 674 796 272 655 876 207 652 403 251 32 304 431 652 857 36 377 903 265 855 543 93 740 769 299 722 876 533 999 548 874 652 672 674 642 475 482 944 216 951 233 643 548 808 779 43 196
279 1000 34 850 178 413 296 41 560 586 93 186 685 745 817 475 10 455 938 750 702 864 671 963 62 728 114 706 334 603 18 311 24 96 634 783 551 477 489 519 191 663 159 19 117 16 359 378 781 340 874 331 193 298 33 422 202 99 923 219 705 617 220 236
354 514 740 172 1 628 53 932 179 846 199 13 210 189 118 683 610 612 346 799 177 686 384 849 911 711 891 490 241 457 140 786 549 949 320 241 756 4 971 934 542 957 453 648 590 901 705 510 513 861 904 194 307 841 954 361 228 878 105 231 831 853 529 618
78 943 475 264 893 944 747 839 848 82 845 426 760 162 237 504 528 471 184 20 209 669 974 221 218 953 751 589 971 337 535 452 723 813 748 23 744 933 720 190 3 599 776 518 878 83 553 267 890 56 73 733 497 500 889 132 374 277 608 677 572 878 724 285
703 819 578 93 27 893 176 72 883 126 836 828 800 556 879 690 499 410 482 842 281 410 610 781 181 307 771 183 315 537 732 430 816 742 104 72 115 607 710 179 296 562 581 172 620 608 471 409 35 553 813 593 811 777 557 159 706 352 538 625 837 255 459 410
37 880 573 844 6 63 836 963 50 366 882 999 639 145 654 751 547 718 887 445 392 869 199 311 567 10 979 489 323 630 763 871 595 395 475 502 476 31 459 786 609 407 113 999 341 257 791 193 571 488 918 360 64 56 232 755 447 23 155 891 337 154 937 299
765 61 279 875 982 86 306 802 692 929 863 186 384 400 746 921 418 64 254 526 832 57 600 278 846 268 714 581 300 708 225 602 852 772 124 607 220 456 280 561 772 767 112 986 696 58 461 751 661 316 37 515 704 593 728 772 477 759 507 301 348 421 545 807
502 319 566 539 171 12 690 942 184 573 241 34 860 300 576 539 703 302 157 836 785 831 202 530 523 639 72 27 155 977 847 872 522 11 3 529 522 719 73 611 753 153 224 604 618 506 618 115 303 249 493 97 804 213 27 123 647 321 274 358 804 198 772 847
156 491 426 863 977 456 272 354 855 339 466 998 552 36 110 999 533 969 745 119 835 411 751 1 48 720 985 56 367 947 126 482 585 796 831 473 271 892 807 720 922 197 945 941 246 714 750 449 172 148 972 545 876 339 249 411 825 588 882 201 298 275 379 345
117 107 825 939 988 949 176 456 133 599 660 214 18 149 529 899 212 284 529 465 961 908 751 70 949 410 892 301 306 434 24 1000 354 86 729 581 638 147 205 872 626 945 902 380 28 142 309 876 871 829 693 411 855 891 568 271 67 627 513 170 483 932 57 739
222 107 373 792 649 791 983 541 132 368 390 278 563 370 657 801 896 96 206 432 58 529 573 128 751 691 234 477 287 757 863 500 372 284 183 785 458 29 829 780 679 171 902 652 997 280 899 172 513 393 91 722 188 843 112 763 764 809 158 916 717 901 283 334
14 919 88 479 166 581 995 92 36 820 596 378 104 929 378 777 519 500 900 308 806 489 492 132 970 846 498 453 653 662 679 854 716 676 229 11 476 183 917 951 780 458 234 683 58 399 808 586 614 604 55 925 810 288 239 438 830 259 52 95 99 437 17 134
613 94 559 947 939 352 466 63 620 785 900 268 684 691 36 32 492 391 509 691 646 277 722 564 666 625 692 443 310 926 631 401 971 586 22 38 53 502 349 323 679 672 175 160 33 208 748 528 397 386 297 673 589 358 364 948 700 719 307 637 209 829 428 331
845 828 786 692 998 137 932 25 580 297 977 690 451 679 594 672 988 123 179 399 813 899 412 739 374 894 440 22 346 428 442 125 704 280 380 596 491 299 388 126 462 583 603 133 832 338 320 827 819 676 802 423 17 232 90 403 662 572 534 340 114 530 852 398
120 135 920 798 387 336 346 277 55 174 815 456 630 89 818 231 207 435 828 294 572 290 121 74 54 526 82 751 500 41 555 297 965 108 228 431 165 882 728 348 521 400 582 926 967 720 792 669 38 678 422 952 41 37 142 838 783 516 745 64 668 917 561 934
698 661 533 924 606 849 259 920 935 107 681 205 63 716 996 359 159 551 545 996 957 231 508 143 538 916 99 841 352 124 108 559 945 274 542 328 5 659 242 952 735 856 69 203 456 308 55 959 866 331 677 367 923 465 147 945 308 44 819 814 433 565 501 717
720 100 822 25 7 414 109 772 877 583 309 994 258 824 73 453 995 52 856 449 184 118 84 926 831 437 742 874 607 932 413 737 632 693 838 604 6 35 671 188 709 15 422 26 306 140 583 115 325 982 380 225 811 717 400 486 751 58 778 98 980 479 683 832
790 348 945 76 591 888 267 951 21 95 822 226 754 516 891 303 184 784 807 263 461 440 103 15 498 522 872 918 47 325 180 331 149 304 77 302 168 338 721 598 657 487 565 648 919 71 145 812 105 133 663 354 824 853 841 683 438 25 928 100 800 661 694 294
792 724 73 352 458 371 197 702 769 272 836 436 911 320 613 344 194 37 521 617 754 549 141 393 32 941 658 955 170 328 194 84 596 305 507 981 438 546 773 21 402 327 828 963 262 90 153 416 230 85 42 838 919 285 821 619 480 600 780 538 348 676 391 312
760 827 286 232 896 2 779 670 260 168 210 703 71 15 545 537 873 536 807 366 134 453 160 347 773 873 434 409 788 759 350 557 290 98 979 268 435 655 695 236 649 104 614 167 76 140 962 521 775 824 476 506 530 230 980 560 11 118 396 813 565 115 524 234
538 335 72 627 62 998 123 364 751 788 924 238 940 578 268 744 583 412 40 67 568 891 354 115 457 549 620 843 857 570 542 109 914 646 514 998 789 462 199 187 157 883 243 159 663 422 230 121 623 819 843 485 199 774 216 810 391 747 316 137 93 311 399 723
945 754 344 682 979 500 754 870 391 452 370 866 431 463 269 14 973 498 505 616 703 273 11 971 833 543 148 575 606 878 292 895 63 42 544 321 82 335 627 993 946 599 70 745 491 184 288 643 207 297 125 167 666 140 649 961 470 607 398 930 440 28 224 63
899 318 173 896 618 135 391 694 959 100 197 126 939 587 666 596 407 59 559 209 93 150 439 947 906 810 952 322 80 835 601 483 837 401 681 486 892 214 429 569 741 81 222 9 133 518 928 249 571 293 279 810 290 717 240 446 430 75 465 987 858 495 444 91
805 147 830 240 406 390 859 460 49 31 983 657 2 706 52 272 152 122 164 969 98 443 929 956 445 874 926 352 213 979 250 180 730 672 202 480 967 664 977 413 943 22 350 628 803 713 435 257 814 931 700 319 761 85 107 832 497 172 285 998 337 781 158 385
432 528 510 584 32 990 145 433 501 578 251 904 468 329 766 230 670 581 297 332 176 258 411 766 68 359 102 231 415 770 482 616 673 836 94 489 162 320 3 128 421 509 629 668 640 82 305 659 378 75 664 551 780 305 430 677 568 163 231 615 273 537 760 234
159 271 342 977 441 27 770 269 135 748 782 346 298 434 891 340 518 962 549 807 35 901 648 24 471 245 520 577 223 41 859 113 780 741 253 926 667 887 431 227 765 947 662 972 332 37 965 300 237 682 13 98 429 353 585 789 56 894 837 51 199 115 882 241
533 68 341 276 584 276 958 48 413 608 830 255 674 874 174 483 60 106 983 140 129 115 790 370 591 649 935 181 846 266 46 354 850 414 98 227 413 10 562 106 388 715 477 988 811 580 180 950 869 555 392 467 183 4 253 700 186 26 130 821 162 802 545 574
325 580 374 903 392 354 529 654 785 204 870 914 792 694 587 356 147 714 67 388 407 505 810 906 712 134 901 1 654 631 698 623 241 80 731 198 564 515 563 189 705 580 661 600 151 738 603 48 741 276 744 627 432 600 681 520 892 892 56 781 870 150 461 559
541 283 584 300 347 715 773 871 787 904 967 318 244 738 529 332 961 802 574 379 569 104 965 425 16 261 767 688 491 664 842 156 279 390 922 622 964 564 322 68 559 735 273 893 574 696 941 253 844 452 324 794 350 318 386 563 153 516 953 670 15 273 692 654
217 86 424 912 943 93 746 124 484 397 373 320 63 658 376 51 360 288 879 219 71 186 371 285 29 624 318 756 65 483 906 637 871 418 211 277 589 317 40 273 556 297 802 21 965 885 625 743 752 389 553 865 471 607 573 542 594 805 500 895 556 325 750 162
687 351 532 300 127 920 411 978 694 843 437 96 240 879 492 765 410 448 556 694 250 594 382 480 25 46 479 812 244 932 426 436 867 529 314 169 789 52 883 168 751 957 28 83 695 63 125 165 95 827 346 635 41 833 823 245 926 35 154 909 464 303 251 341
914 885 978 481 615 235 387 344 337 451 344 134 422 275 694 666 162 628 987 425 135 857 814 560 36 937 21 577 132 489 848 748 764 734 460 800 691 634 512 345 779 902 550 847 22 532 984 367 675 445 674 324 165 819 413 462 922 702 828 694 999 412 22 151
537 844 227 626 434 483 397 693 995 157 713 61 961 309 757 650 177 747 629 881 525 18 294 40 340 636 808 109 898 21 427 319 658 415 592 321 390 91 386 508 444 365 730 399 279 519 155 875 633 286 571 841 739 588 366 124 191 585 496 478 66 159 148 632
83 704 271 934 580 264 52 6 165 9 808 817 269 909 151 478 56 605 291 194 564 650 25 505 219 73 345 12 137 195 946 867 191 302 756 791 669 188 331 445 624 383 370 128 778 233 141 655 977 288 581 132 142 859 457 37 463 200 665 859 556 416 181 953
344 281 409 19 105 488 766 101 258 826 250 808 30 779 966 964 602 465 567 107 773 329 186 98 42 924 220 180 523 819 775 911 860 31 337 811 775 981 549 150 582 786 898 15 191 147 848 528 339 163 367 8 257 241 133 722 437 279 532 711 957 326 327 429
730 410 521 107 901 152 499 658 270 776 266 76 798 936 53 7 440 595 1 110 611 202 293 338 919 665 566 788 44 575 775 147 85 524 374 698 443 253 5 114 828 586 212 195 322 364 184 934 611 796 92 198 305 492 158 670 896 880 712 502 367 445 965 316
390 431 668 151 43 404 346 184 70 651 958 558 817 948 579 920 291 871 580 500 235 187 20 385 720 349 731 672 873 810 647 672 559 297 832 714 264 625 970 309 566 941 388 311 749 387 443 703 597 509 956 952 480 261 375 563 404 223 885 487 664 516 368 32
184 394 272 469 484 262 183 436 100 63 508 602 917 82 989 767 770 936 822 899 165 957 686 942 950 491 741 125 928 818 185 697 87 861 343 470 994 988 164 451 536 151 53 139 16 270 889 656 917 354 682 935 161 976 33 989 904 330 135 47 97 962 386 138
899 858 386 789 254 901 838 498 478 371 160 976 517 247 33 348 245 73 495 811 390 474 335 906 9 159 198 394 549 485 798 659 21 425 12 46 531 996 302 367 991 923 846 234 953 944 281 70 228 719 30 917 944 386 318 247 543 839 718 979 302 802 888 510
508 467 410 331 214 483 595 476 515 489 688 475 367 289 783 696 81 617 356 764 485 58 345 262 425 658 15 704 828 37 914 850 724 475 745 575 931 30 704 387 102 127 671 382 473 891 92 661 113 50 326 342 891 734 553 573 65 13 762 437 77 404 807 931
125 329 854 39 141 839 244 280 998 737 431 89 293 77 149 856 201 356 9 689 345 195 321 762 987 819 524 658 266 797 247 683 454 778 956 292 729 295 630 267 531 518 938 975 679 453 936 139 457 599 585 922 449 458 251 996 384 93 188 493 181 147 858 719
394 647 907 109 335 248 171 700 340 673 59 706 234 176 297 703 639 427 669 474 875 83 307 798 983 773 754 40 969 645 197 261 871 43 741 487 686 918 6 891 251 483 159 669 395 85 282 697 537 943 682 933 551 565 425 87 477 121 699 681 134 153 109 627
525 770 117 365 483 934 893 723 778 200 154 588 383 698 756 487 626 471 543 19 949 29 961 517 263 771 730 895 90 10 341 225 274 92 98 191 351 445 593 946 837 2 606 732 997 614 182 695 73 994 876 970 158 419 106 798 527 841 764 989 870 813 482 145
804 103 556 932 37 228 912 408 965 248 674 209 180 396 482 817 645 893 748 679 679 125 365 822 365 815 795 993 387 201 132 799 904 109 369 291 337 720 852 518 566 46 863 607 357 692 225 205 507 743 917 837 764 746 417 285 748 999 530 324 841 141 168 687
18 245 393 606 593 419 37 723 766 842 170 217 811 414 808 326 185 858 582 797 760 577 655 528 743 719 200 250 470 732 515 671 799 831 628 636 453 393 748 719 128 42 82 802 704 352 712 600 26 959 78 589 767 691 428 248 192 602 635 380 802 254 666 651
125 239 117 85 381 953 589 195 960 348 120 462 752 311 635 243 434 936 568 739 566 546 178 64 930 812 371 965 192 952 383 309 734 586 384 95 579 754 728 62 342 197 236 189 208 324 214 853 322 426 32 745 60 219 63 810 515 65 572 73 533 542 395 20
7 242 997 707 8 892 606 819 823 450 313 696 212 42 62 198 865 731 355 762 626 739 286 881 522 736 9 448 101 942 446 443 264 696 202 127 956 800 211 883 114 84 92 807 176 255 772 133 208 354 924 533 228 99 339 518 592 960 678 802 906 817 969 382
830 833 641 333 677 739 145 953 544 252 637 9 35 448 651 889 303 869 547 345 821 192 284 619 238 572 185 508 313 978 660 940 372 237 703 522 396 736 679 768 215 188 899 165 412 269 64 697 569 610 807 768 967 422 65 419 679 766 873 823 249 647 111 983
224 702 812 753 618 748 723 776 433 473 466 385 432 695 104 753 13 746 838 389 530 651 203 813 366 244 466 990 258 679 306 420 958 23 554 67 540 732 620 932 638 868 468 524 56 996 788 656 932 932 604 143 147 806 296 398 700 342 996 134 165 44 709 134
270 311 772 42 85 601 895 876 771 477 352 201 446 695 670 771 166 993 199 620 865 139 823 628 547 415 284 395 809 620 877 976 575 160 383 45 779 859 410 380 576 969 683 841 975 168 54 300 958 926 368 211 847 484 529 468 526 936 357 721 745 740 455 309
413 268 955 808 690 355 812 124 459 26 178 395 371 561 375 838 597 47 983 211 194 327 55 990 33 9 269 422 177 591 61 586 667 1 852 29 552 327 342 592 805 524 439 988 520 860 87 19 548 104 741 133 229 738 501 658 551 848 638 237 502 907 837 660
16 85 518 276 288 289 689 649 943 721 900 258 924 425 642 6 750 584 733 158 333 602 236 543 508 792 175 216 379 289 711 358 430 916 892 944 361 15 354 231 912 197 331 489 817 755 35 765 750 119 945 880 803 914 364 736 456 983 245 583 162 272 458 682
36 97 583 728 65 39 96 936 908 528 644 240 233 713 5 856 820 738 187 240 901 614 46 557 994 783 450 697 53 347 639 956 132 51 533 231 772 501 741 374 624 623 863 770 199 51 542 171 375 286 707 397 749 707 862 335 727 339 422 209 936 228 777 527
990 375 181 565 268 45 242 239 614 94 126 625 874 840 673 894 835 781 321 997 129 418 713 88 793 594 182 631 803 386 76 142 34 176 88 179 829 942 153 837 707 841 640 2 441 232 180 261 281 15 519 239 331 872 839 162 137 553 318 256 725 727 6 69
598 423 52 12 905 245 20 998 166 566 228 103 901 547 876 233 563 576 328 824 586 661 456 906 829 219 752 534 637 186 667 769 95 345 563 542 769 626 318 470 333 777 483 538 486 686 268 180 374 453 306 706 848 979 424 753 331 396 563 418 248 43 534 17
188 395 771 147 65 823 359 404 499 564 367 10 276 674 742 782 872 716 976 751 735 927 142 41 771 370 794 25 521 881 858 793 238 98 274 159 857 170 756 395 981 348 402 688 376 51 705 400 769 852 722 144 886 509 397 908 643 294 320 1000 140 52 207 359
124 917 213 742 93 891 654 1 74 319 964 956 607 322 158 800 212 27 885 808 133 451 112 428 224 105 927 128 454 247 676 722 100 92 555 19 73 962 976 794 447 442 740 296 489 988 847 408 552 22 861 722 604 956 745 327 49 284 572 156 806 518 206 250
531 965 603 820 418 623 658 856 599 400 550 989 721 475 87 916 218 921 174 933 322 85 501 425 588 147 249 79 747 103 709 338 722 412 682 660 726 116 252 192 699 551 92 424 700 683 281 726 947 788 894 88 765 873 575 45 292 420 534 805 168 363 728 999
465 17 170 955 852 81 459 661 603 349 157 96 389 731 787 83 233 57 837 928 332 886 964 778 350 39 619 101 576 919 996 108 280 215 224 124 442 398 913 227 251 584 980 543 347 653 5 958 68 772 694 137 362 683 534 115 950 62 749 586 419 44 722 129
212 994 637 238 940 638 709 373 221 445 731 676 197 545 155 879 878 693 399 607 563 313 932 727 645 778 853 244 524 263 651 534 146 474 397 533 847 222 548 276 791 113 883 535 61 443 509 263 373 178 942 178 512 699 348 571 763 976 325 665 941 485 649 115
0 11 7 20 19 11 15 2 9 6 8 10 18 18 1 19 13 25 23 5 13 28 10 8 3 1 28 18 27 7 23 1 4 25 4 23 27 14 2 17 14 11 27 24 22 21 3 7 24 14 26 22 24 15 17 8 2 27 2 11 7 13 5 16
2 0 7 16 1 13 1 7 27 16 13 3 5 16 18 6 3 10 6 26 4 12 5 2 13 20 9 26 23 7 19 19 2 8 19 30 24 24 2 10 26 28 10 13 4 5 25 25 9 19 10 29 1 16 20 13 5 23 29 1 2 21 25 4
22 4 0 23 27 26 30 25 16 26 8 26 26 7 8 11 16 29 9 24 21 12 22 30 14 14 7 19 19 15 29 5 29 6 2 24 16 8 3 22 22 5 26 24 8 27 19 11 4 1 20 30 6 28 9 11 6 7 23 16 13 12 17 22
4 25 17 0 9 4 9 3 27 22 23 23 15 12 23 23 10 12 1 1 29 22 7 22 5 11 6 11 24 26 18 4 19 16 16 6 3 29 14 6 29 16 15 25 11 10 11 15 12 6 21 7 17 11 11 30 29 15 29 14 14 27 19 9
18 16 7 21 0 26 10 11 19 11 10 22 6 19 14 11 6 27 7 25 27 15 12 7 23 21 5 14 3 26 22 19 28 19 2 28 7 23 24 13 25 13 20 18 2 28 22 13 3 15 6 18 18 22 26 30 16 16 7 26 30 3 15 2
19 21 6 3 22 0 23 11 26 5 8 11 4 29 14 8 21 1 29 14 24 6 23 26 26 4 14 25 9 11 30 18 7 4 23 23 14 27 6 5 5 25 20 22 28 25 26 6 7 25 15 19 28 30 12 5 28 8 8 27 5 18 29 6
6 25 26 3 28 1 0 6 29 8 29 10 29 28 6 3 19 21 11 17 4 30 5 24 8 6 24 12 11 12 9 20 21 27 3 29 3 2 7 23 10 22 2 12 19 26 7 6 13 27 9 27 7 22 21 22 1 18 17 14 10 10 5 8
6 12 12 16 17 20 19 0 9 6 21 4 24 17 28 18 1 3 30 17 21 23 10 13 15 23 7 7 6 10 3 29 25 15 1 9 22 21 6 7 8 15 13 12 26 13 9 6 13 7 14 11 20 26 15 11 10 10 11 21 24 20 16 23
19 11 21 13 8 27 7 23 0 30 22 11 3 23 12 2 6 7 27 14 3 23 3 11 10 11 26 4 23 13 10 11 3 14 23 15 27 15 28 26 15 16 19 12 4 26 18 25 29 16 14 16 5 25 10 6 8 13 7 25 20 7 30 12
14 27 21 19 3 22 26 18 4 0 9 12 11 10 29 13 9 18 20 16 17 8 17 10 1 30 20 16 5 3 1 7 24 11 30 2 22 21 9 4 14 25 14 28 29 7 16 29 29 23 5 14 20 16 28 14 1 9 27 16 14 10 28 26
8 9 18 28 2 20 19 20 12 24 0 24 17 19 9 10 24 19 4 19 26 8 17 22 29 9 28 22 24 16 1 19 30 5 7 22 3 27 23 29 22 8 10 26 17 9 29 25 8 25 25 4 27 25 2 26 26 24 25 19 1 24 27 8
20 28 14 29 5 28 11 19 11 16 8 0 21 13 5 26 25 27 14 1 13 17 17 7 8 5 7 11 5 23 26 28 5 20 17 25 11 27 7 21 30 28 15 24 19 16 25 2 17 24 27 24 22 12 2 15 15 9 15 2 15 27 28 26
20 28 23 20 3 30 18 26 21 21 9 3 0 8 16 21 20 18 9 13 23 15 28 25 10 12 7 24 25 28 30 16 18 9 4 19 17 24 15 18 4 8 28 10 22 17 3 1 1 11 30 25 21 27 29 17 17 27 28 11 20 19 3 24
22 12 14 8 2 9 15 27 24 14 15 15 18 0 10 7 25 23 9 26 21 7 4 5 3 26 25 30 21 21 29 4 26 11 28 20 17 8 29 17 3 4 19 20 2 3 22 10 16 8 3 16 19 3 7 2 22 20 24 2 12 21 2 27
27 8 22 14 14 5 9 4 25 24 28 14 16 8 0 2 9 13 20 25 18 14 1 3 1 9 4 20 1 23 24 11 24 16 6 29 25 9 20 11 13 28 9 27 21 3 29 30 1 1 29 3 16 29 17 27 26 30 30 1 8 30 3 28
21 17 1 19 22 13 2 30 3 25 6 16 8 23 18 0 7 4 29 6 1 1 14 27 10 8 24 9 2 1 6 14 6 3 4 13 1 25 2 29 8 1 30 10 28 14 2 3 17 20 20 22 30 21 23 17 8 10 11 16 11 1 11 23
4 4 3 16 12 17 29 15 8 9 10 23 12 14 23 10 0 18 25 8 1 17 12 2 25 25 21 10 19 7 3 27 17 19 21 2 4 5 30 14 23 8 8 18 19 22 22 21 11 10 21 18 13 16 2 11 29 23 19 10 10 1 22 1
15 30 12 20 15 3 9 13 29 13 19 2 27 16 11 16 28 0 13 6 24 9 20 12 14 6 28 6 27 15 26 2 8 26 30 1 26 4 15 10 14 12 5 30 22 18 30 5 12 1 1 17 15 15 10 4 8 27 19 26 16 11 22 18
22 3 19 12 25 2 29 13 29 13 6 13 30 26 11 12 14 19 0 13 20 26 6 29 3 21 16 25 2 11 21 25 10 14 1 27 21 6 1 1 6 20 10 15 13 19 26 9 26 3 15 22 20 1 26 28 3 22 23 4 16 28 14 21
15 30 11 19 9 12 7 12 27 9 16 20 18 14 8 13 29 15 6 0 27 9 21 3 16 22 7 27 23 22 10 18 20 16 3 23 27 17 21 6 17 24 1 16 30 7 4 14 15 5 12 20 1 10 28 30 27 3 30 24 7 26 16 18
13 22 29 7 11 14 23 17 25 1 8 25 28 25 19 10 4 26 27 18 0 20 25 21 26 4 7 1 29 3 15 10 9 2 6 6 17 1 19 20 17 23 5 20 15 26 7 19 13 28 14 23 7 20 15 26 18 18 24 8 4 23 7 18
25 29 24 17 29 3 24 26 22 11 13 1 22 18 23 9 3 6 4 14 26 0 13 13 5 1 26 8 11 25 12 1 27 24 22 9 7 29 17 8 30 20 25 30 22 21 3 26 20 29 9 11 7 17 27 15 14 6 23 15 26 12 25 24
27 24 9 27 5 10 23 27 6 16 26 30 9 22 30 9 8 1 20 6 24 16 0 17 23 29 17 12 26 5 30 5 7 24 24 15 18 29 20 26 9 19 19 1 14 22 12 14 7 29 30 30 29 13 10 15 5 23 11 26 29 30 1 8
5 29 25 28 20 17 24 4 17 28 9 27 22 25 16 14 16 23 13 1 9 5 6 0 3 5 9 27 17 7 21 10 10 12 12 14 3 21 11 16 29 27 8 17 23 20 9 15 5 4 25 29 15 8 13 10 19 18 6 20 16 5 7 13
7 28 12 10 11 2 4 4 2 16 15 12 9 22 2 13 4 26 13 29 6 24 29 6 0 8 10 29 18 19 25 14 17 17 27 21 13 25 24 1 20 6 17 30 25 16 16 16 11 22 10 2 12 30 29 21 24 22 23 24 6 18 13 8
24 18 8 21 27 10 12 10 13 28 11 13 14 13 3 6 17 17 6 11 16 11 21 20 7 0 16 19 15 27 14 11 6 14 5 19 4 13 25 20 17 5 22 20 30 29 15 9 6 23 7 21 22 17 21 12 8 16 26 27 2 12 7 11
21 25 6 18 30 20 7 10 23 10 15 30 19 11 25 13 29 14 22 18 17 25 26 12 4 11 0 15 30 19 16 14 26 2 3 10 22 7 7 2 18 28 9 9 13 17 27 16 26 16 6 10 26 19 14 10 27 10 2 28 2 5 23 17
26 10 10 11 18 29 6 21 29 8 19 3 8 15 7 21 4 25 26 22 14 26 21 4 14 7 5 0 16 28 26 15 21 25 1 18 22 5 27 8 18 16 19 18 14 19 2 8 2 19 23 1 25 8 8 30 7 7 8 14 30 26 17 30
11 5 11 8 13 23 4 15 24 27 27 5 28 3 21 27 4 8 10 30 6 25 6 8 25 21 25 17 0 17 20 15 27 2 8 10 13 20 28 16 21 13 15 9 13 11 19 8 15 14 17 26 15 3 22 7 6 5 25 22 7 18 24 4
27 5 7 7 1 18 16 1 28 17 19 24 16 4 20 15 21 12 21 3 27 20 7 21 15 28 27 14 15 0 30 4 30 8 17 7 1 4 18 22 27 21 26 2 14 9 14 10 1 16 21 16 14 25 1 19 14 13 29 9 18 25 25 1
6 2 3 5 24 2 26 9 23 12 30 6 28 6 11 22 14 14 6 4 13 17 30 30 9 12 5 25 15 16 0 12 8 6 29 20 13 29 22 23 8 21 16 10 24 25 12 25 14 2 22 29 21 3 16 16 11 24 25 11 26 13 27 21
25 28 20 12 25 1 12 8 3 13 17 19 14 3 22 10 11 30 21 21 7 12 19 8 6 12 15 4 13 16 28 0 13 24 28 6 9 20 9 18 23 26 18 1 24 18 15 17 24 2 30 18 25 10 4 22 14 18 17 24 27 26 2 8
25 26 15 16 29 30 17 25 18 25 28 7 24 9 9 23 16 11 21 29 3 5 8 13 3 27 12 2 10 5 23 22 0 11 6 16 26 9 8 5 14 20 9 14 5 4 10 18 11 6 14 7 20 18 11 15 27 27 16 18 14 21 17 13
17 5 19 4 16 24 22 9 2 16 20 2 8 30 19 18 18 27 3 7 4 30 13 30 13 23 16 5 3 21 7 26 28 0 2 4 30 29 14 17 14 27 24 26 5 22 5 30 11 20 12 22 19 17 17 24 11 11 12 25 19 15 7 21
12 12 7 30 23 3 15 9 5 16 17 4 17 23 8 12 23 8 17 19 23 11 22 17 20 23 24 12 3 30 16 6 9 7 0 24 18 12 30 18 16 3 28 21 4 18 25 14 23 13 9 21 4 8 1 24 8 17 21 18 20 17 25 8
2 24 19 30 21 2 22 21 2 4 27 14 15 20 9 22 22 19 15 19 16 17 5 21 7 12 5 3 19 22 27 7 9 19 25 0 11 20 13 29 12 3 28 29 3 6 19 21 25 11 3 29 28 9 9 22 17 2 1 26 25 6 23 19
3 19 21 6 6 16 3 17 19 21 2 29 19 29 20 14 24 7 19 5 5 8 10 23 4 20 10 27 16 8 21 1 5 12 22 7 0 14 27 6 24 25 8 26 5 2 5 2 14 19 12 26 5 26 25 12 20 21 16 21 21 29 8 6
3 3 26 26 10 6 2 20 29 5 4 16 1 28 16 22 6 2 15 14 4 14 15 10 5 15 17 24 11 25 3 29 11 24 2 22 10 0 14 12 19 28 18 20 9 19 14 21 1 15 29 5 22 7 1 13 23 10 6 7 6 24 6 13
7 11 6 18 7 22 17 26 21 9 14 8 18 9 13 6 4 29 29 26 4 30 28 9 16 17 27 1 11 28 6 12 17 16 30 24 6 18 0 18 12 4 16 10 15 8 18 26 19 12 25 10 18 22 12 6 25 15 25 1 21 11 2 23
11 15 26 26 9 1 8 5 4 15 24 24 26 24 6 29 15 6 19 12 28 25 13 30 3 9 1 8 11 25 7 20 1 27 29 2 2 4 30 0 14 22 21 29 26 11 2 6 4 8 8 24 10 20 18 12 8 29 18 22 22 30 24 29
16 14 14 5 30 30 14 21 4 11 30 6 30 18 11 29 21 29 27 18 23 30 6 21 16 6 2 9 1 2 18 4 7 29 12 3 23 1 30 11 0 29 5 28 1 20 10 12 16 5 26 7 9 9 27 8 16 30 12 28 2 3 25 27
29 16 29 20 26 9 4 29 17 23 29 30 18 25 20 28 26 13 26 15 19 16 29 22 8 7 21 28 16 25 14 26 19 6 28 4 3 3 20 18 18 0 12 27 5 22 2 26 18 19 14 18 6 22 30 30 21 28 26 20 30 13 12 11
10 1 29 25 21 23 11 12 21 10 16 27 9 23 3 23 14 23 22 12 30 26 9 9 10 3 18 28 30 25 4 19 30 21 24 21 27 23 17 4 11 16 0 1 19 7 26 15 4 17 18 29 7 28 10 27 18 10 27 3 20 28 6 7
13 11 20 20 2 28 29 15 12 7 11 24 3 19 17 8 8 20 8 13 2 13 12 18 27 17 6 21 21 30 18 25 26 4 16 20 17 12 29 11 23 21 18 0 28 8 28 15 3 9 21 23 27 26 10 1 6 4 19 17 16 15 18 19
4 27 2 2 5 3 2 14 19 13 2 16 17 27 12 14 20 1 14 26 29 2 2 11 23 13 22 10 7 21 17 19 15 22 26 1 22 28 6 15 6 7 29 4 0 25 4 23 10 14 30 23 23 11 20 6 27 17 29 11 15 5 21 18
29 9 28 21 30 13 17 3 15 10 22 9 23 4 18 20 21 14 6 8 12 25 17 29 3 21 21 8 24 22 5 12 25 7 9 21 13 19 10 13 8 10 14 11 14 0 24 2 26 17 23 24 11 12 2 27 6 10 19 30 20 22 27 28
9 18 17 1 9 9 27 10 3 28 6 30 23 14 23 29 5 9 17 30 27 17 22 1 8 20 9 13 1 9 25 6 17 13 6 6 5 3 8 3 20 12 25 18 22 27 0 22 22 24 18 4 22 23 27 17 30 15 1 21 1 20 16 5
12 8 25 1 29 25 11 20 19 16 26 18 15 22 26 11 2 15 6 28 13 19 23 30 2 7 21 10 5 9 3 6 13 27 21 3 24 13 24 20 18 22 30 13 10 22 1 0 26 22 23 19 10 7 14 23 6 21 29 23 5 17 19 1
30 8 18 13 19 2 19 8 24 30 5 16 27 4 23 25 4 22 13 16 13 15 2 5 15 1 25 24 6 3 20 13 16 9 26 17 4 4 13 30 1 4 10 20 7 11 22 3 0 21 25 8 20 14 5 25 7 17 29 6 23 6 5 9
19 8 29 28 8 8 5 7 16 27 26 11 19 4 11 28 24 10 9 11 11 10 19 27 28 19 3 18 2 2 12 7 20 27 19 23 3 29 4 29 18 2 4 2 21 9 1 6 28 0 7 11 2 13 17 22 21 25 12 11 8 11 11 9
24 22 10 11 2 18 5 12 15 9 8 6 26 1 3 23 4 7 8 13 2 11 21 6 3 15 25 2 30 6 9 19 16 24 24 26 10 8 16 13 21 16 17 30 4 11 28 27 30 29 0 5 2 28 13 4 3 9 18 23 21 6 7 22
14 19 21 7 7 12 1 4 8 27 27 11 2 2 15 12 28 2 13 12 10 23 11 14 9 21 15 12 14 2 29 19 30 10 17 8 1 28 24 14 24 1 13 10 7 1 24 27 21 23 12 0 4 21 30 16 24 15 5 16 20 30 25 28
26 2 28 21 2 26 23 26 11 30 9 7 10 4 15 22 20 5 8 30 11 18 8 17 13 30 10 25 2 18 29 11 8 12 30 9 24 18 14 27 13 22 5 17 12 8 10 8 9 4 23 9 0 11 18 15 27 19 1 5 4 14 14 14
13 10 6 24 12 21 8 23 24 4 13 26 20 12 22 8 17 20 18 9 5 4 26 1 14 11 25 19 21 9 21 14 19 19 3 17 2 27 13 16 9 16 18 19 14 15 10 1 24 18 26 14 20 0 9 3 1 25 18 23 9 21 11 7
21 1 4 15 15 6 3 13 26 1 5 4 19 23 16 7 19 16 28 16 15 18 18 3 2 27 28 1 11 18 27 25 23 17 29 3 10 30 1 23 7 26 16 5 19 1 19 17 25 22 25 8 16 29 0 25 24 23 8 9 11 1 12 2
4 26 23 12 12 16 23 1 1 12 9 2 18 2 15 20 7 3 2 29 25 16 22 13 29 17 15 3 15 16 29 22 13 12 23 16 10 22 11 20 22 12 9 24 9 22 29 20 21 17 18 12 26 4 8 0 24 28 26 4 11 15 29 30
8 13 2 6 29 28 1 15 6 6 11 16 19 22 29 1 2 6 19 28 25 9 13 5 16 21 15 16 24 30 9 25 5 28 21 4 8 20 1 17 21 7 3 8 11 17 15 10 27 30 18 9 21 1 23 6 0 2 27 13 9 26 9 3
7 22 20 4 7 5 27 7 13 2 15 7 25 16 2 18 3 6 5 26 30 1 15 20 28 15 8 1 26 18 3 15 9 8 20 30 4 7 8 5 2 22 18 22 26 24 28 20 7 22 18 24 4 23 28 29 20 0 24 22 4 11 5 4
2 10 10 16 21 22 6 30 18 11 13 17 21 15 8 26 23 5 5 22 23 2 2 28 7 13 1 26 16 21 21 17 8 22 5 13 1 6 24 27 3 13 20 8 1 24 1 27 23 6 20 29 23 24 16 21 15 5 0 22 7 2 5 24
25 17 29 16 11 20 24 8 8 20 20 16 23 18 20 18 14 21 28 15 10 2 4 7 20 28 15 20 23 13 22 25 5 4 23 29 15 29 15 23 8 27 8 14 13 7 2 28 17 17 16 30 18 14 13 7 8 11 27 0 12 28 18 18
22 3 26 12 6 3 24 25 14 12 16 5 20 25 28 20 23 29 16 11 23 27 18 22 9 14 3 13 8 18 21 22 19 3 15 26 24 16 24 5 16 17 5 9 8 22 1 7 29 25 12 18 8 24 18 19 30 22 9 18 0 29 28 5
10 24 17 7 4 14 23 25 6 14 24 1 24 17 12 18 4 30 28 21 11 29 27 5 21 4 27 10 8 19 27 16 25 5 3 12 30 1 11 23 4 14 22 24 19 21 27 23 29 27 28 12 17 10 23 10 7 20 29 13 22 0 22 25
15 23 11 30 17 24 30 9 11 16 11 22 9 26 27 6 5 12 13 21 7 16 26 22 1 17 14 8 18 23 6 12 26 25 8 27 3 1 23 22 7 29 19 14 10 22 14 16 24 10 3 8 30 10 26 22 10 6 18 15 24 29 0 6
2 9 1 17 15 1 19 20 6 9 14 27 30 16 30 21 25 21 4 20 25 19 25 30 12 30 9 24 22 3 4 1 24 18 28 14 19 24 18 1 15 4 12 11 4 27 7 11 10 30 6 23 2 4 22 2 22 12 11 28 25 4 24 0
