5,620,7320,7988,8212,54369,91801289217506,2508269094,740,28876133,242932,56,2646
5840238402065600859,88116324007876290095917066096506510,60977837615,841015,87699
7,6899,26,908,27621,418,785175,3120050,5670440002,7126,90953099820,7280813858208
215683140483394,1602,4280,302136,65742364,60549,255485,920637703,9381715,565971
49865172088439,4059,41297160,4409,538301,6067,2283579184380,525,39592,310750070
1,4,5,7,8,18,22,704,6014,79743,86898,450592,67479699792,50,17048,77040,748730756
1847326101780,651,5,6,42,512,8,10,16,18,133798,608236930,7874,31,698,6804740492
8635,8,9,95,933,8185301,2,3,5,6,7,8,9,73,573,601935,55036900,54410100321,829415
19237107136579690768022107078,7059756846,704900,633,810,6905719208,765410,70757
5126991686815,33,5139290421,32,517329205499,220,485,81596,3460,43249649,5265686
