10
5?620,7320,7988,8212?54369,918?128921?506,25?8269?94,?40,28876133,242932?56,2646
0 1 2 3 4 5 6 7 8 9 10 11 12 13 14 15 16 17 18 19 20 21 22 23 24 25 26 27 28 29 30 31 32 33 14 24 36 11 38 39 40 41 42 43 44 45 46 43 48 49 50 8 52 53 54 55 56 57 58 59 60 6 62 63 64 65 66 67 68 69 70 1 72 73 74 75 76 77 78 0
584?2384?2065600859,88116324??7876290?95917?6609650651?,60977837615,841?15,87699
0 1 2 3 4 5 6 7 8 9 10 11 12 13 14 15 16 17 18 19 20 21 22 23 24 25 26 27 28 29 30 31 32 33 34 35 36 37 38 39 40 41 42 43 44 45 46 47 48 49 50 51 52 53 9 55 56 57 58 59 60 61 62 63 64 65 7 5 68 69 70 71 72 1 74 75 76 1 1 0
7,6899,26,908?27621?418,785175,312??50,567?440002,7126,9?953?99820,72808138582?8
0 1 2 3 4 0 6 7 8 9 10 11 12 13 14 15 16 17 0 19 20 21 22 23 24 25 26 27 28 29 30 31 32 33 34 35 36 37 38 39 40 41 42 43 44 45 8 22 5 49 50 51 52 53 54 55 56 57 58 11 36 61 25 63 64 65 66 67 68 69 70 71 72 23 23 3 2 20 6 0
2?5683140483394,16?2,428?,302136,6574?364,6?549,255485,92?6377?3,9381715?565971
0 0 0 0 0 0 0 2 7 0 10 3 7 10 5 15 16 17 18 19 20 21 22 23 24 25 26 27 28 29 30 24 32 33 34 35 36 21 38 39 40 41 42 43 44 45 46 47 48 49 50 51 52 53 54 55 56 57 58 59 60 16 62 63 64 65 66 67 11 2 5 9 72 73 74 75 13 8 4
49865172088439,4059,4129716?,4409??38301,6?67,2283579184380,525,39592,31?75??7?
0 0 0 0 0 0 0 0 8 9 6 7 2 8 14 15 16 12 13 19 20 21 22 23 22 25 24 13 28 29 30 31 32 33 34 35 36 37 22 39 40 41 42 43 44 45 46 47 48 49 50 29 52 53 54 50 51 57 2 59 60 61 62 63 64 65 66 67 12 69 70 71 72 73 6 8 18 3 4
1,4,5,7,?,?8,?2,7?4,6014,79743,86898,45?592,67479699792,5?,17048?7704?,748730756
0 1 2 3 4 5 6 7 8 9 10 11 12 13 14 15 16 17 18 19 20 21 22 23 24 25 26 27 28 29 30 31 32 33 34 35 36 37 38 39 40 41 42 43 44 45 46 47 48 49 50 51 52 12 2 55 56 9 58 59 60 61 56 4 64 65 66 58 1 64 70 71 72 73 55 55 3 69 1 0
?84732610178?,651,5,6,42,512,8,1???6,?8,133798?60823693?,7874,31,698,6804740492
0 1 0 3 0 5 0 7 8 0 10 11 12 1 14 15 16 3 18 19 20 21 22 23 24 25 26 0 28 29 30 31 32 33 34 35 36 37 38 39 40 41 42 7 29 22 46 47 48 26 34 51 25 53 53 54 56 57 58 59 29 61 62 63 64 65 66 3 68 69 70 21 33 63 44 15 11 4 1
8635,8,9,95,933,81853?1,2??,5,6,7??,9,73?573,601935,55036900,544101??321,829415
0 1 2 0 4 5 6 7 8 9 10 11 12 13 14 15 16 17 18 19 20 21 0 23 24 25 26 27 28 29 30 31 32 33 34 35 36 37 38 39 40 41 42 43 44 45 46 47 40 9 50 51 52 53 54 49 53 17 58 59 60 61 62 63 64 65 8 15 27 31 10 4 72 73 74 74 72 1 4
?9237?0713657969?7680221?7?78,7059756846,7?4900,633,810,69057192?8,765410?70757
0 0 2 0 4 0 6 0 8 4 10 0 12 13 12 15 16 1 18 19 20 21 22 9 24 25 26 27 0 29 30 31 32 33 34 35 21 10 26 2 40 41 42 43 16 44 28 19 48 49 50 51 52 53 54 55 56 57 58 59 40 47 46 57 64 65 17 67 68 69 70 34 7 73 74 75 76 10 2
5126991686815,33?513929?421,3??5173292?5499,22?,485,81596?3460,43249649,5265686
0 1 2 1 4 0 6 7 8 0 10 11 12 6 14 15 16 17 18 0 20 21 22 23 24 25 20 27 28 29 30 31 32 33 17 35 36 9 32 18 21 17 42 43 44 45 46 47 48 49 50 51 52 53 54 29 33 57 58 59 60 61 62 63 64 65 66 14 68 3 5 71 72 73 74 75 76 2 10
