1,,10,100,1000,1000000,10000,100000,1000000,100000000000,10000000,10000002002210
10,11,100,1000,10000,1000000,100000000,1000000000,10000000000,100000000000000000
1,10,100,1000,10000,100000,1000000,10000000,100000000,1000000000,100000000000000
1,10,1000,10000,1000000000,10000000000000000000,10000000000000000000000000000000
1,2,3,4,5,6,7,8,10,1110,1110,11,100,101,102,1000011,120000,10000,610044,10000010
1,21,10,11,10,1000010,1000000,10000,10,100,1000,10000,100000,100000000000002,201
1,10,1000,10000,100000000,1000000000,10000000010,1000000000,10000000000000010201
111111110,0,00100,2,2,10,10,100,10000,10001,1000000000000,100000,10000122,10000
1,10,100,1000,10000,100000000000000,1000000,100000000000000,10000010100000010010
111,101,10,10,1000,10,100,10,100,101,10,100,101,00,10000100,100000000,100020220
111111111,,000,,0,,2,2102210,1000,10000,1000,10000,100000000,10000,1000010,1000
1,10,100,1000,10000,100000,1000000,10000000,100000000,1000000000,100000000000000
111111110,,,2,2,2,10,,0,10002100,10000000,010,100,10000020,100,10000000010,11201
1,10,100,1000,10000,100000,1000000,10000000,100000000,1000000000,100000000000000
1111110,100,1,2,10101,100010,1000100,1000,100000,100,1000,10000,100000002022020
1,10,100,1000,10000,100000,1000000,10000000,100000000,1000000000,100000000000000
1,2,3,10,11,100,101,102,1000,1001,1002,10000,10001,10002,1000000,1000001,1000002
10,1110,1001,10,10000,10,11,12,1000,1000,1001001,100000,11012,100110,1100001100
1,2,3,10,1000,10000,100000,10000000,100000000,1000000000,10000000000,10000000001
1,100,10000000001,2,10,100,101,1000000,100000000000000000000,000,100000001002001
1,10,100,1000,10000,100000,1000000,10000000,100000000,1000000000,100000000000000
101,101,101,1001,10001,10,100,1,10,100,1000000000,10000,10000001010,11010,110201
1,10,100,1000,10000,100000,1000000,10000000,100000000,1000000000,100000000000000
11111,01,1001,2,11,10010,100010,100,100010,11000000,10000,100000000000000100000
1,2,3,4,5,6,7,8,9,10,11,12,13,100,101,102,103,100000,10000000,100000000000000000
1,10,111,100,1000,100000000,10000000,100000,10000000000000000000010,100010000001
1,10,100,1000,10000,100000,1000000,10000000,100000000,1000000000,100000000000000
1111111101000,,0,,10,100,1000,100102,10,100001,10,10000200000001000000000002200
1,2,3,4,5,10,100,1000,1001,1002,1003,10000,100000,100001,100002,1000000,10000000
11111110010,00,2,2,21,1,2,10,10,20,100000,100,1000,10000,100000,100000010002020
1,10,100,1000,10000,100000,1000000,10000000,100000000,1000000000,100000000000000
1,10,100,1000,10000,100000,1000000,10000000,100000000,1000000000,100000000000000
1,100,1000,100000000,1000000000,100000000000000,10000000000000000000000000000000
1,2,3,4,10,11,12,13,14,100,101,102,1000,1001,1002,10000,10000000,100000000000000
1,2,3,4,5,10,11,100,101,102,1000,1001,10000,10001,100000,100001,1000000,10000000
10,100,101,1000,100000,100000000000,1000000000000,10000000000000,100000000000000
1,10,100,1000,10000,100000,1000000,10000000,100000000,1000000000,100000000000000
1,2,3,4,5,6,7,8,9,10,11,12,13,14,15,16,17,18,100,101,1000,1001,1002,10000,100000
1,100,101,102,103,1000,10000,10001,10002,100000,1000000,10000000000,100000000000
1,2,3,4,5,6,7,8,9,10,11,100,101,102,103,104,105,106,107,108,1000,1001,1002,10000
1,10,100,1000,10000,100000,1000000,10000000,100000000,1000000000,100000000000000
1,2,10,100,1000,1000000,1000000000000,1000000000001,1000000000000000000000000000
11,11,21,101,100,10,100000,10,100,100000210,100,101,0010,11010000,100,100002020
11,101,10,11,10,100,1000,10000,100000000010,100,1000,1000000,100000000000100000
1,10,100,1000,1000000,100,1000,10000,100000,1000000,10000000,10000000001010,220
11101,10,10,10001,1000,10001,10,100001,10,100,100000,100,1000,10000000001110020
1111,100,10,,1001,100,1000,10,110,100,1000,10000,100000000000100,10000,100020001
111111111000,00,2,22,10,110,11,12,100,1000,1001,10000,100010,11,100011,12001000
1111111001,00100,,2,2,2,100,100,100002,100000,1000,10020,1000000,1000000,100020
1,100,10,10001,10,100,1000,1001,1001000,100000,100000000000001001100000011100001
1,2,10,11,12,13,1000,1001,100000,10000000,1000000000,10000000000,100000000000000
1,10,100,1000,10000,100000,1000000,10000000,100000000,1000000000,100000000000000
1111111000,1,2,2,10,10,100002,10000000,11,1000,10000,1010,10010,100000000022000
1,2,10,10000,100000,1000000,10000000,100000000,1000000000,1000000000000000000000
1,10,100,1000,10000,100000,1000000,10000000,100000000,1000000000,100000000000000
1,100,10000,10000000000100000,1000000,1000001,1000000000,1000000,1010,0102002001
1111111110000,02,1,2,2,2,10,10,102,100100,1010101001000,100102,1000,1001,100000
1,10,100,1000,10000,100000,1000000,10000000,100000000,1000000000,100000000000000
1111,0100,1,21,2,10,10,10001,10,1000101000010,100,10100,1000,10000,1000110,1000
1,10,11,100,1000,10000,100000,100000000000,1000000000000,10000000000000000000000
1,2,3,10,11,12,100,1000,10000,100000,100001,100002,100000000,1000000000000000000
11110,1,,2,101,101,100,10,100,1000,10000,100000,1000000000010,100,1000,10000020
1,2,10,11,100,101,102,1000,1000000002,1000,11,12012000,1000010012,10011001110001
1,2,3,4,5,6,100,1000,100000,100001,100002,1000000,10000000,10000001,100000000000
11111111,0,00100,,10,1002,1000,100,10000,10001,1000002,100,1000100,1012,1000000
1,2,3,4,5,6,7,8,9,10,11,12,13,14,15,100,1000,1001,1002,10000,10001,10002,1000000
1,2,3,4,5,6,10,11,12,13,14,1554101000,111,100011120,1000,100000,11,120000032,201
1010,21,10,1000,2,10001,10,10001,2,3,4,5,10,11100,111,12,100,10100,100110000220
1111111000,1,,,,21,2,2,2,10,1000010,100,10000200,10000010,100,1000010,100,10120
1,10,100,1000,10000,100000,1000000,10000000,100000000,1000000000,100000000000000
1,10,100,1000,10000,100000,1000000,10000000,100000000,1000000000,100000000000000
1,2,3,4,5,10,11,12,13,14,15,16,17,1000,10000,10001,10002,100000,1000000,10000000
1,10,100,1000,10000,100000,1000000,10000000,100000000,1000000000,100000000000000
11111110,00,2,100,10000,1000100,100,10120001,100000,100001,1000000,2,1000000220
10,11,12,1000,10000,100000,100000000,1000000000,100000000000,1000000000000000000
1,10,100,1000,10000,100000,1000000,10000000,100000000,1000000000,100000000000000
11111111100,,1,10000,100,101,1000,1001001,100000,100,1000,1001010,1001000020000
1,10,1000,10000,1000000,1000000001001000000000010,1000000000000000,1100000000010
1,2,10,11,12,1000,10000,100000,10000000,100000000,1000000000,1000000000000000000
111111110,000010,22,100,101,1000,1001,10000102,103,1000000,11,100,1000,10010200
1,2,10,11,100,101,102,103,1000,10000,100000,10000000,10000000000,100000000000000
111,1,2,101,100001,10,100000,1000000,1000,100,10000000000000,1000000002010,1100
1,10,100,1000,1000000,10000000,100000000,1000000000,10000000000,1000000000000000
11111,100,1,10,101,101,100,1000,10,100,10,10,100000,100000000,100110,1000000020
1,2,10,11,12,100,1000,100000,100001,1000000,10000000001001101002,10,211000220001
11,101,10,11,2,3,10,11,100,101,1000,1001,1002,100000100,1000011,1200,10000000201
1,10,100,1000,10000,100000,1000000,10000000,100000000,1000000000,100000000000000
1,2,10,100,10000,10000000,10000000000,1000000000000,1000000000000000000000000000
1,10,11,12,100,1000,100000,100001,1000000000,1000000001,10000000000,100000000000
111111111,0,,2120002000,100000000,10000,100000,1000000000,1000000002,1000,10000
1,10,1000000,1000001000,1000,100000000001000000,100010,1000,10000000010000002201
1,2,3,100,101,102,103,1000,1001,10000,10001,10002,1000000,1000000000,10000000000
11101,,,1001,101,1000010,100,10110,100010,10,100,1000,100000000,101000200,10000
111111111,,000,100,1000,10000,100000,10000121000010,11000000,1000111,1000100020
1,2,100001,10,100,1000,10000,100010,10000,10001,1000000000000,100002100,10002001
111111111,000,,0210,100,10000,100,101,1000,1000000,1100,10000,100000,1000000220
10101,21,10,101,10,111,2,100000,10000000,10000001,100000000,10000000100,11000001
1,10,100,1000,10000,100000,1000000,10000000,100000000,1000000000,100000000000000
1,10,100,1000,10000,100000,1000000,10000000,100000000,1000000000,100000000000000
1,2,100,101,1000,10000,100000,100001,1000000,1000000000,10000000000,100000000000
