100
????????????????????????????????????????????????????????????????????????????????
0 1 1 3 4 5 6 7 8 9 10 11 12 13 14 15 16 17 18 7 20 21 22 23 24 25 26 27 28 29 30 31 32 33 34 35 36 37 38 39 40 41 42 43 44 45 46 47 48 49 50 51 19 21 54 8 56 57 58 59 60 61 62 27 64 56 66 67 68 69 22 5 72 2 1 1 3 2 0 79
??,??,???,????,?????,???????,?????????,?????????????????????????????????????????
0 1 2 3 4 5 6 7 8 9 10 11 12 13 14 15 16 17 18 19 20 21 22 23 24 25 26 27 28 29 30 31 32 33 34 35 36 37 38 39 40 41 42 43 44 45 46 47 48 49 50 51 52 53 54 55 56 57 58 59 60 61 62 63 64 65 66 67 68 69 70 71 72 73 74 75 76 77 78 79
????????????????????????????????????????????????????????????????????????????????
0 1 2 3 4 5 6 7 8 9 10 11 12 13 14 15 16 17 18 19 20 21 22 23 24 25 26 27 28 29 30 31 32 33 34 35 36 37 38 39 40 41 42 43 44 45 46 47 48 49 50 51 52 53 54 55 56 57 58 59 60 61 62 63 64 65 66 67 68 69 70 71 72 73 74 75 76 77 78 79
?,??,????,????????????????,????????????????????,????????????????????????????????
0 1 2 3 4 5 6 7 8 9 10 11 12 13 14 15 16 17 18 19 20 21 22 23 24 25 26 27 28 29 30 31 32 33 34 35 36 37 38 39 40 41 42 43 44 45 46 47 48 49 50 51 52 53 54 55 56 57 58 59 60 61 62 63 64 65 66 67 68 69 70 71 72 73 74 75 76 77 78 79
?,?,?,?,?,?,?,?,??,????,????,??,???,???,???,???????,??????,?????,??????,????????
0 1 2 3 4 5 6 7 8 9 10 11 12 13 14 15 16 17 18 19 20 4 22 23 24 25 8 27 28 29 30 31 32 33 34 35 36 37 38 39 40 41 42 43 44 45 46 47 13 20 25 51 52 53 33 55 31 55 58 59 60 61 62 11 64 65 66 11 5 6 6 71 72 73 5 3 1 1 0 79
????????????????????????????????????????????????????????????????????????????????
0 1 2 0 4 5 6 7 8 9 4 11 12 13 14 15 16 17 18 11 20 21 22 23 24 25 26 27 24 29 30 31 32 33 34 1 36 37 38 39 40 41 42 43 44 45 46 47 48 49 50 51 52 53 54 55 56 57 58 59 60 61 62 63 64 65 66 67 68 69 70 71 72 73 74 36 4 77 1 0
?????????,???????????????,??????????????????????,??????????,????????????????????
0 1 2 3 4 5 6 7 8 9 10 11 12 13 14 15 16 17 18 19 20 21 22 23 24 25 26 27 28 29 30 31 32 33 34 35 36 37 38 39 40 41 42 43 44 45 46 9 48 49 50 51 52 53 54 55 56 57 58 59 60 61 62 63 64 65 66 67 68 69 70 4 3 72 73 2 76 2 1 0
???????????????????????????????,?????,?????,?????????????,??????,????????,?????
0 0 0 0 0 0 0 0 6 8 1 7 1 6 0 15 2 7 18 15 20 2 22 23 2 25 26 7 28 29 23 31 32 33 34 35 36 37 38 39 40 41 42 43 44 45 46 47 48 49 7 45 52 53 54 55 27 57 58 59 60 61 62 63 64 65 66 67 68 69 70 10 12 73 74 75 76 77 15
????????????????????????????????????????????????????????????????????????????????
0 1 2 3 4 5 6 7 8 9 10 11 12 13 14 15 16 17 18 19 20 21 22 23 24 25 26 27 25 29 21 31 32 33 34 35 36 37 38 39 40 41 42 43 44 45 46 47 48 49 50 51 52 53 54 55 56 11 58 59 60 61 62 63 64 65 9 67 68 6 70 71 72 3 74 2 76 1 0 79
???????????????????????????????????????????????????????????????????????????????
0 0 0 3 4 5 0 7 8 9 2 11 12 1 14 15 16 17 3 19 20 21 22 23 24 3 26 27 28 29 30 31 32 33 34 35 1 37 38 39 40 41 42 43 44 45 46 2 41 49 50 51 52 53 54 6 29 57 58 59 60 61 62 63 64 65 66 67 9 69 70 71 72 73 11 69 19 48 7
???????????????????????????????????????????????????????????????????????????????
0 0 0 0 0 0 0 0 0 8 5 4 6 2 1 7 2 2 8 19 8 21 10 23 18 16 15 27 28 29 30 5 4 7 34 35 36 1 31 39 40 41 42 43 44 45 46 47 48 49 50 51 52 53 54 55 56 57 58 59 1 61 62 63 64 23 66 67 68 69 70 71 11 73 74 75 76 77 5
????????????????????????????????????????????????????????????????????????????????
0 1 2 3 4 5 6 7 8 9 10 11 12 13 14 15 16 17 18 19 20 21 22 23 24 25 26 27 28 29 30 31 32 33 34 35 36 37 38 39 40 41 42 43 44 45 46 47 48 49 50 51 52 53 54 55 56 57 58 59 60 61 62 63 64 65 66 67 68 69 70 71 72 73 74 75 76 77 78 79
????????????????????????????????????????????????????????????????????????????????
0 0 0 0 0 0 0 0 4 3 6 5 12 8 14 5 16 8 18 19 3 3 6 1 24 25 26 27 21 22 30 30 32 33 34 35 36 34 38 39 2 1 19 11 44 45 46 47 48 49 50 51 52 53 26 55 22 44 58 59 60 61 62 63 64 65 66 67 68 69 62 71 42 73 74 75 76 10 2 0
?,??????????????????????????????????????????????????????????????????????????????
0 1 2 3 4 5 6 7 8 9 10 11 12 13 14 15 16 17 18 19 20 21 22 23 24 25 26 27 28 29 30 31 32 33 34 35 36 37 38 39 40 41 42 43 44 45 46 47 48 49 50 51 52 53 54 55 56 57 58 59 60 61 62 63 64 65 66 67 68 69 70 71 72 73 74 75 76 77 78 79
???????????????????????????????????????????????????????????????????????????????
0 0 0 0 0 0 2 1 0 9 1 2 12 9 14 3 16 17 14 19 0 21 22 23 17 13 12 27 28 29 30 31 19 29 34 35 36 37 38 39 40 41 42 43 44 45 46 9 25 49 50 51 52 53 54 55 56 57 58 59 60 61 62 63 64 65 66 67 68 69 34 71 22 20 22 22 3 8 2
????????????????????????????????????????????????????????????????????????????????
0 1 2 3 4 5 6 7 8 9 10 11 12 13 14 15 16 17 18 19 20 21 22 23 24 25 26 27 28 29 30 31 32 33 34 35 36 37 38 39 40 41 42 43 44 45 46 47 48 49 50 51 52 53 54 55 56 57 58 59 60 61 62 63 64 65 66 67 68 69 70 71 72 73 74 75 76 77 78 79
?,?,?,??,??,???,???,???,????,????,????,?????,?????,?????,???????,???????,???????
0 1 2 3 4 5 6 7 8 9 10 11 12 13 14 15 16 17 18 19 20 21 22 23 24 25 26 27 28 29 30 31 32 33 34 35 36 37 38 39 40 41 42 43 44 45 46 47 48 49 50 51 52 53 54 55 56 57 58 59 60 61 62 63 64 65 66 67 68 69 70 71 72 73 74 75 76 77 78 79
??,????,????,??,?????,??,??,??,????,????,???????,??????,?????,??????,??????????
0 1 2 3 4 0 6 7 8 9 10 0 12 13 14 15 16 17 18 19 20 1 22 23 24 25 26 27 28 29 30 31 32 6 33 35 36 37 38 39 40 41 42 43 44 38 46 4 48 49 50 51 27 1 14 55 56 57 47 49 60 61 62 63 64 56 66 6 68 69 70 9 72 68 24 69 76 6 6
?,?,?,???????,?????????????????????,????????????????????????????????????????????
0 1 2 3 4 5 6 7 8 9 10 11 12 13 14 15 16 17 18 19 20 21 22 23 24 25 26 27 28 29 30 31 32 33 34 35 36 37 38 39 40 41 42 43 44 45 46 47 48 49 50 51 52 53 54 55 56 57 58 59 60 61 62 63 64 65 66 67 68 69 70 71 72 73 74 75 76 77 78 79
?????????????????,?,??,???????,???????,?????????????????????????,???????????????
0 1 2 3 4 5 6 7 8 9 10 11 12 13 14 15 0 17 18 19 20 21 22 23 24 25 26 27 28 29 30 31 32 33 34 35 36 37 38 39 40 41 42 43 44 45 46 47 48 49 50 51 35 53 54 11 53 57 12 14 17 56 12 3 64 65 66 67 68 69 67 71 72 61 5 74 61 17 1 0
????????????????????????????????????????????????????????????????????????????????
0 1 2 3 4 5 6 7 8 9 10 11 12 13 14 15 16 17 18 19 20 21 22 23 24 25 26 27 28 29 30 31 32 33 34 35 36 37 38 39 40 41 42 43 44 45 46 47 48 49 50 51 52 53 54 55 56 57 58 59 60 61 62 63 64 65 66 67 68 69 70 71 72 73 74 75 76 77 78 79
????????????????????????????????????????????????????????????????????????????????
0 1 0 3 4 5 0 7 8 9 0 11 12 13 14 0 16 17 18 19 20 0 22 23 24 25 26 27 28 29 30 7 32 33 34 35 36 37 38 39 40 41 42 43 28 45 31 47 48 49 50 51 52 53 54 55 56 57 58 59 60 61 62 17 64 8 66 67 68 69 16 4 72 73 74 75 1 23 1 0
????????????????????????????????????????????????????????????????????????????????
0 1 2 3 4 5 6 7 8 9 10 11 12 13 14 15 16 17 18 19 20 21 22 23 24 25 26 27 28 29 30 31 32 33 34 35 36 37 38 39 40 41 42 43 44 45 46 47 48 49 50 51 52 53 54 55 56 57 58 59 60 61 62 63 64 65 66 67 68 69 70 71 72 73 74 75 76 77 78 79
???????????????????????????????????????????????????????????????????????????????
0 0 0 0 0 5 2 0 8 0 10 2 0 13 14 2 16 0 18 19 20 21 6 23 24 25 26 27 28 9 30 31 32 33 34 24 36 37 38 39 14 41 42 43 44 3 33 47 44 49 50 51 52 53 54 55 56 57 58 59 60 61 62 63 64 65 66 67 34 51 70 23 72 44 5 3 17 18 1
?,?,?,?,?,?,?,?,?,??,??,??,??,???,???,???,???,??????,????????,??????????????????
0 1 2 3 4 5 6 7 8 9 10 11 12 13 14 15 16 17 18 19 20 21 22 23 24 25 26 27 28 29 30 31 32 33 34 35 36 37 38 39 40 41 42 43 44 45 46 47 48 49 50 51 52 53 54 55 56 57 58 59 60 61 62 63 64 65 66 67 68 69 70 71 72 73 74 75 76 77 78 79
????????????????????????????????????????????????????????????????????????????????
0 1 2 3 4 5 6 0 8 9 10 11 12 13 14 15 16 17 18 19 20 21 22 23 24 25 11 27 28 29 30 31 32 33 34 17 36 37 38 39 40 41 42 43 44 45 46 47 48 49 50 51 52 53 54 39 56 57 58 59 60 61 62 63 14 65 36 11 68 69 70 71 2 12 27 1 73 8 1 0
????????????????????????????????????????????????????????????????????????????????
0 1 2 3 4 5 6 7 8 9 10 11 12 13 14 15 16 17 18 19 20 21 22 23 24 25 26 27 28 29 30 31 32 33 34 35 36 37 38 39 40 41 42 43 44 45 46 47 48 49 50 51 52 53 54 55 56 57 58 59 60 61 62 63 64 65 66 67 68 69 70 71 72 73 74 75 76 77 78 79
???????????????????????????????????????????????????????????????????????????????
0 0 0 0 0 0 0 0 1 0 10 2 4 3 3 5 1 1 18 19 20 21 22 23 24 25 26 27 28 29 30 31 32 33 1 17 4 37 38 39 40 41 42 43 32 45 6 47 48 49 50 51 52 53 54 15 45 57 58 59 60 61 62 25 64 65 66 67 43 38 70 71 3 48 74 17 14 8 8
?,?,?,?,?,??,???,????,????,????,????,?????,??????,??????,??????,????????????????
0 1 2 3 4 5 6 7 8 9 10 11 12 13 14 15 16 17 18 19 20 21 22 23 24 25 26 27 28 29 30 31 32 33 34 35 36 37 38 39 40 41 42 43 44 45 46 47 48 49 50 51 52 53 54 55 56 57 58 59 60 61 62 63 64 65 66 67 68 69 70 71 72 73 74 75 76 77 78 79
???????????????????????????????????????????????????????????????????????????????
0 0 0 0 0 0 0 7 6 0 10 10 4 5 1 15 7 17 6 19 0 21 22 6 24 3 26 27 3 29 30 7 12 23 34 35 36 37 38 39 10 34 42 43 44 45 46 47 48 49 50 51 52 53 54 55 56 57 58 59 60 61 62 63 64 65 66 67 68 69 70 32 72 73 23 15 7 29 21
????????????????????????????????????????????????????????????????????????????????
0 1 2 3 4 5 6 7 8 9 10 11 12 13 14 15 16 17 18 19 20 21 22 23 24 25 26 27 28 29 30 31 32 33 34 35 36 37 38 39 40 41 42 43 44 45 46 47 48 49 50 51 52 53 54 55 56 57 58 59 60 61 62 63 64 65 66 67 68 69 70 71 72 73 74 75 76 77 78 79
????????????????????????????????????????????????????????????????????????????????
0 1 2 3 4 5 6 7 8 9 10 11 12 13 14 15 16 17 18 19 20 21 22 23 24 25 26 27 28 29 30 31 32 33 34 35 36 37 38 39 40 41 42 43 44 45 46 47 48 49 50 51 52 53 54 55 56 57 58 59 60 61 62 63 64 65 66 67 68 69 70 71 72 73 74 75 76 77 78 79
?????,??????????????,??????????????????????????,????????????????????????????????
0 1 2 3 4 5 6 7 8 9 10 11 12 13 14 15 16 17 18 19 20 21 22 23 24 25 26 27 28 29 30 31 32 33 34 35 36 37 38 39 40 41 42 43 44 45 46 47 48 49 50 51 52 53 54 55 56 57 58 59 60 61 62 63 64 65 66 67 68 69 70 71 72 73 74 75 76 77 78 79
?,?,?,?,??,??,??,??,??,???,???,???,????,????,????,?????,????????,???????????????
0 1 2 3 4 5 6 7 8 9 10 11 12 13 14 15 16 17 18 19 20 21 22 23 24 25 26 27 28 29 30 31 32 33 34 35 36 37 38 39 40 41 42 43 44 45 46 47 48 49 50 51 52 53 54 55 56 57 58 59 60 61 62 63 64 65 66 67 68 69 70 71 72 73 74 75 76 77 78 79
?,?,?,?,?,??,??,???,???,???,????,????,?????,?????,??????,??????,???????,????????
0 1 2 3 4 5 6 7 8 9 10 11 12 13 14 15 16 17 18 19 20 21 22 23 24 25 26 27 28 29 30 31 32 33 34 35 36 37 38 39 40 41 42 43 44 45 46 47 48 49 50 51 52 53 54 55 56 57 58 59 60 61 62 63 64 65 66 67 68 69 70 71 72 73 74 75 76 77 78 79
??,???,???,???????????,????????????,?????????????,??????????????????????????????
0 1 2 3 4 5 6 7 8 9 10 11 12 13 14 15 16 17 18 19 20 21 22 23 24 25 26 27 28 29 30 31 32 33 34 35 36 37 38 39 40 41 42 43 44 45 46 47 48 49 50 51 52 53 54 55 56 57 58 59 60 61 62 63 64 65 66 67 68 69 70 71 72 73 74 75 76 77 78 79
????????????????????????????????????????????????????????????????????????????????
0 1 2 3 4 5 6 7 8 9 10 11 12 13 14 15 16 17 18 19 20 21 22 23 24 25 26 27 28 29 30 31 32 33 34 35 36 37 38 39 40 41 42 43 44 45 46 47 48 49 50 51 52 53 54 55 56 57 58 59 60 61 62 63 64 65 66 67 68 69 70 71 72 73 74 75 76 77 78 79
?,?,?,?,?,?,?,?,?,??,??,??,??,??,??,??,??,??,???,???,????,????,????,?????,??????
0 1 2 3 4 5 6 7 8 9 10 11 12 13 14 15 16 17 18 19 20 21 22 23 24 25 26 27 28 29 30 31 32 33 34 35 36 37 38 39 40 41 42 43 44 45 46 47 48 49 50 51 52 53 54 55 56 57 58 59 60 61 62 63 64 65 66 67 68 69 70 71 72 73 74 75 76 77 78 79
?,???,???,???,???,????,?????,?????,?????,??????,???????,???????????,????????????
0 1 2 3 4 5 6 7 8 9 10 11 12 13 14 15 16 17 18 19 20 21 22 23 24 25 26 27 28 29 30 31 32 33 34 35 36 37 38 39 40 41 42 43 44 45 46 47 48 49 50 51 52 53 54 55 56 57 58 59 60 61 62 63 64 65 66 67 68 69 70 71 72 73 74 75 76 77 78 79
?,?,?,?,?,?,?,?,?,??,??,???,???,???,???,???,???,???,???,???,????,????,????,?????
0 1 2 3 4 5 6 7 8 9 10 11 12 13 14 15 16 17 18 19 20 21 22 23 24 25 26 27 28 29 30 31 32 33 34 35 36 37 38 39 40 41 42 43 44 45 46 47 48 49 50 51 52 53 54 55 56 57 58 59 60 61 62 63 64 65 66 67 68 69 70 71 72 73 74 75 76 77 78 79
????????????????????????????????????????????????????????????????????????????????
0 1 2 3 4 5 6 7 8 9 10 11 12 13 14 15 16 17 18 19 20 21 22 23 24 25 26 27 28 29 30 31 32 33 34 35 36 37 38 39 40 41 42 43 44 45 46 47 48 49 50 51 52 53 54 55 56 57 58 59 60 61 62 63 64 65 66 67 68 69 70 71 72 73 74 75 76 77 78 79
???,??????,????????????,?????????????,?????????????,????????????????????????????
0 1 2 3 4 5 6 7 8 9 10 11 12 13 14 15 16 17 18 19 20 21 22 23 24 25 26 27 28 29 30 31 32 33 34 35 36 37 38 39 40 41 42 43 44 45 46 47 48 49 50 51 52 53 54 55 56 57 58 59 60 61 62 63 64 65 66 67 68 69 70 71 72 73 74 75 76 77 78 79
???????????????????????????????????????????????????????????????????????????????
0 0 1 3 0 5 6 0 8 9 10 0 12 13 14 15 8 17 18 19 20 21 22 23 24 25 8 27 28 29 30 31 32 33 34 35 36 37 38 39 17 9 42 43 44 45 46 47 48 49 50 2 16 1 6 55 56 57 58 28 30 61 62 63 4 43 66 67 68 69 70 71 72 73 55 13 2 52 8
???????????????????????????????????????????????????????????????????????????????
0 0 2 3 4 0 6 7 8 9 10 11 1 13 14 15 16 17 18 19 20 21 22 23 24 25 26 27 28 29 30 31 32 33 34 35 36 37 38 39 30 13 42 43 44 45 46 47 48 49 50 51 52 53 54 55 56 57 58 59 47 61 62 63 64 65 66 67 68 18 45 71 72 11 15 42 1 1 6
???????????????????????????????????????????????????????????????????????????????
0 1 2 3 4 5 6 7 8 9 10 11 12 13 14 15 16 17 18 19 3 21 22 23 24 25 26 27 28 29 30 31 32 33 34 35 36 37 38 39 40 41 42 43 44 45 46 47 48 49 50 51 52 53 54 55 56 57 58 59 60 61 62 63 64 65 66 67 68 69 3 5 21 72 71 1 76 2 1
???????????????????????????????????????????????????????????????????????????????
0 0 0 3 0 5 6 7 2 9 10 5 12 13 14 15 0 17 18 19 20 21 3 23 24 25 26 0 28 29 30 31 32 33 34 35 36 0 38 39 40 41 42 43 44 45 46 47 48 49 50 40 52 53 54 55 56 57 58 59 60 61 62 63 64 65 66 67 68 45 11 30 32 73 9 75 28 6 2
????????????????????????????????????????????????????????????????????????????????
0 0 0 0 4 5 6 7 1 9 10 11 3 13 14 15 0 17 18 19 20 3 22 23 24 25 3 27 28 29 30 31 23 33 34 35 36 37 38 39 40 41 42 43 44 45 46 47 48 49 50 51 52 53 54 55 56 57 58 59 60 12 62 63 64 65 66 67 68 23 70 71 72 73 74 13 2 3 4 0
????????????????????,??????,??,??,???,????,????,?????,??????,??,??????,????????
0 0 0 0 0 0 0 0 0 1 5 9 1 3 7 6 16 7 18 13 20 21 22 23 24 25 5 27 28 29 30 31 32 33 34 35 36 37 38 39 40 41 42 43 44 45 46 47 48 49 50 51 52 53 54 55 56 57 58 9 60 61 62 63 64 65 66 27 28 69 70 71 72 30 70 62 68 4 3
??????????????????????????????????????,??????,????,?????,???????,???????,??????
0 0 0 0 0 0 0 7 4 0 10 5 5 0 14 4 6 2 18 7 20 6 22 3 24 25 26 3 28 29 30 1 32 33 34 35 6 11 38 39 40 41 42 30 6 45 46 47 48 4 50 51 52 53 22 27 56 57 58 59 60 61 62 35 64 65 66 67 68 69 70 4 72 73 74 75 6 17 10
????????????????????????????????????????????????????????????????????????????????
0 1 2 3 4 1 6 7 8 9 10 11 12 0 14 15 16 17 18 19 20 21 22 23 24 25 26 27 28 29 30 26 32 33 34 35 34 37 38 39 40 41 42 43 44 45 46 47 48 49 50 51 52 53 54 55 56 57 58 33 60 61 33 63 64 9 66 67 68 69 70 14 66 10 6 75 76 77 1 0
?,?,??,??,??,??,????,????,??????,????????,??????????,???????????,???????????????
0 1 2 3 4 5 6 7 8 9 10 11 12 13 14 15 16 17 18 19 20 21 22 23 24 25 26 27 28 29 30 31 32 33 34 35 36 37 38 39 40 41 42 43 44 45 46 47 48 49 50 51 52 53 54 55 56 57 58 59 60 61 62 63 64 65 66 67 68 69 70 71 72 73 74 75 76 77 78 79
????????????????????????????????????????????????????????????????????????????????
0 1 2 3 4 5 6 7 8 9 10 11 12 13 14 15 16 17 18 19 20 21 22 23 24 25 26 27 28 29 30 31 32 33 34 35 36 37 38 39 40 41 42 43 44 45 46 47 48 49 50 51 52 53 54 55 56 57 58 59 60 61 62 63 64 65 66 67 68 69 70 71 72 73 74 75 76 77 78 79
???????????????????,?????????,????????,??,????,?????,????,?????,???????????????
0 0 0 0 0 0 0 7 3 7 4 0 12 13 5 15 3 17 18 5 20 21 22 23 24 25 26 27 15 29 30 31 32 33 12 32 36 1 38 39 40 41 42 43 44 7 46 47 48 49 48 51 52 53 54 55 52 57 58 59 60 61 18 63 64 65 66 67 68 63 48 71 72 19 11 15 46 7 7
???,????????,???????????????????????????????????????????????????????????????????
0 1 2 3 4 5 6 7 8 9 10 11 12 13 14 15 16 17 18 19 20 21 22 23 24 25 26 27 28 29 30 31 32 33 34 35 36 37 38 39 40 41 42 43 44 45 46 47 48 49 50 51 52 53 54 55 56 57 58 59 60 61 62 63 64 65 66 67 68 69 70 71 72 73 74 75 76 77 78 79
????????????????????????????????????????????????????????????????????????????????
0 1 2 3 4 5 6 7 8 9 10 11 12 13 14 15 16 17 18 19 20 21 22 23 24 25 26 27 28 29 30 31 32 33 34 35 36 37 38 39 40 41 42 43 44 45 46 47 48 49 50 51 52 53 54 55 56 57 58 59 60 61 62 63 64 65 66 67 68 69 70 71 72 73 74 75 76 77 78 79
?,???,?????,?????????????????,???????,???????,??????????,???????,???????????????
0 1 2 3 4 5 6 7 8 9 10 11 12 13 14 15 16 17 18 19 19 17 9 2 24 14 26 27 28 29 30 31 32 33 34 35 36 37 38 39 40 41 42 43 44 45 46 47 48 49 50 51 52 53 24 23 56 57 58 59 60 61 62 55 64 65 66 67 23 1 66 71 3 70 25 1 70 1 1 0
???????????????????????????,??????,??????,?????????????,??????,????,????,??????
0 0 0 0 0 0 0 0 0 8 9 4 6 9 4 14 7 17 2 19 8 21 8 23 4 25 26 1 28 29 30 31 32 23 34 35 36 37 35 39 40 41 42 43 44 18 42 47 48 33 50 42 52 53 54 55 56 57 58 59 40 25 62 63 64 65 66 67 68 69 70 71 72 73 74 75 76 77 1
????????????????????????????????????????????????????????????????????????????????
0 1 2 3 4 5 6 7 8 9 10 11 12 13 14 15 16 17 18 19 20 21 22 23 24 25 26 27 28 29 30 31 32 33 34 35 36 37 38 39 40 41 42 43 44 45 46 47 48 49 50 51 52 53 54 55 56 57 58 59 60 61 62 63 64 65 66 67 68 69 70 71 72 73 74 75 76 77 78 79
???????????????????????????????????????????????????????????????????????????????
0 0 0 0 1 3 0 7 2 2 0 11 12 0 14 15 3 17 18 1 20 21 22 23 24 25 26 0 28 29 30 31 32 33 34 35 32 4 23 39 40 41 27 5 44 45 46 47 48 49 50 51 52 37 54 55 56 57 58 59 60 61 62 63 64 65 66 67 68 69 70 71 10 73 74 75 76 77 2
???????,??????????????????????????????????,?????????????????????????????????????
0 1 2 3 4 5 6 7 8 9 10 11 12 13 14 15 16 17 18 19 20 21 22 23 24 25 26 27 28 29 30 31 32 33 34 35 36 37 38 39 40 41 42 43 44 45 46 47 48 49 50 51 52 53 54 55 56 57 58 59 60 61 62 63 64 65 66 67 68 69 70 71 72 73 74 75 76 77 78 79
?,?,?,??,??,??,???,????,?????,??????,??????,??????,?????????,???????????????????
0 1 2 3 4 5 6 7 8 9 10 11 12 13 14 15 16 17 18 19 20 21 22 23 24 25 26 27 28 29 30 31 32 33 34 35 36 37 38 39 40 41 42 43 44 45 46 47 48 49 50 51 52 53 54 55 56 57 58 59 60 61 62 63 64 65 66 67 68 69 70 71 72 73 74 75 76 77 78 79
???????????????????????????????????????????????????????????????????????????????
0 0 0 0 4 1 0 7 2 9 4 11 12 0 14 15 16 0 18 19 20 21 3 23 24 25 26 27 28 29 30 31 32 33 34 35 36 37 38 39 40 41 42 43 44 45 46 47 48 49 50 51 52 53 54 55 56 57 14 6 60 61 62 63 64 65 66 67 68 69 7 71 72 73 74 17 14 8 2
?,?,??,??,???,???,???,????,??????????,????,??,????????,??????????,??????????????
0 1 2 3 4 5 6 7 8 9 10 11 12 13 14 15 16 17 18 19 20 21 22 23 24 25 26 27 28 29 30 31 32 33 34 35 20 37 38 39 40 1 42 43 44 45 46 47 40 10 50 49 41 9 54 55 56 57 58 5 8 58 13 10 64 65 66 67 68 7 70 42 6 43 74 74 3 1 1 0
?,?,?,?,?,?,???,????,??????,??????,??????,???????,????????,????????,????????????
0 1 2 3 4 5 6 7 8 9 10 11 12 13 14 15 16 17 18 19 20 21 22 23 24 25 26 27 28 29 30 31 32 33 34 35 36 37 38 39 40 41 42 43 44 45 46 47 48 49 50 51 52 53 54 55 56 57 58 59 60 61 62 63 64 65 66 67 68 69 70 71 72 73 74 75 76 77 78 79
?????????????????????????,????,???,?????,?????,???????,???,???????,????,???????
0 0 0 0 0 0 0 0 5 3 6 6 6 0 14 4 3 7 18 19 3 21 22 23 11 25 26 27 28 8 30 31 32 33 34 35 36 37 38 39 40 41 42 43 44 45 46 47 48 49 50 51 52 17 54 55 56 57 58 59 60 61 62 26 64 65 66 67 68 69 9 71 72 73 74 19 5 14 6
?,?,?,?,?,?,?,?,?,??,??,??,??,??,??,???,????,????,????,?????,?????,?????,???????
0 1 2 3 4 5 6 7 8 9 10 11 12 13 14 15 16 17 18 19 20 21 22 23 24 25 26 27 28 29 30 31 32 33 34 35 36 37 38 39 40 41 42 43 44 45 46 47 48 49 50 51 52 53 54 55 56 57 58 59 60 61 62 63 64 65 66 67 68 69 70 71 72 73 74 75 76 77 78 79
?,?,?,?,?,?,??,??,??,??,??,??????????,???,?????????,????,??????,??,?????????????
0 1 2 3 4 5 6 7 8 9 10 11 12 13 14 15 16 17 18 19 20 21 22 23 24 25 26 27 28 8 25 16 3 4 34 3 17 37 38 39 40 41 42 43 44 45 39 47 18 49 17 51 52 53 54 55 56 57 58 59 60 61 34 63 64 65 66 67 68 7 63 5 63 35 4 2 1 77 1 0
??????????,??????,?????,??,?????,?,?,?,?,??,?????,???,??,???,?????,????????????
0 1 0 3 1 5 0 7 8 9 3 11 12 13 14 3 16 17 18 19 20 21 0 23 24 25 26 27 28 29 30 0 32 33 34 35 36 37 38 39 40 41 42 43 44 45 28 25 32 49 50 51 51 53 54 55 56 57 58 59 60 61 62 63 7 30 66 67 68 69 70 50 72 73 34 48 24 24 23
???????????????????????????????????????????????????????????????????????????????
0 0 0 0 0 0 0 1 7 5 3 0 12 4 3 4 16 0 18 19 4 21 12 23 18 25 26 4 28 29 30 31 27 19 34 35 36 37 38 39 40 41 42 43 44 14 2 38 48 49 50 51 52 53 2 11 56 57 58 59 60 61 62 63 64 65 66 13 68 69 70 71 72 73 74 75 76 15 2
????????????????????????????????????????????????????????????????????????????????
0 1 2 3 4 5 6 7 8 9 10 11 12 13 14 15 16 17 18 19 20 21 22 23 24 25 26 27 28 29 30 31 32 33 34 35 36 37 38 39 40 41 42 43 44 45 46 47 48 49 50 51 52 53 54 55 56 57 58 59 60 61 62 63 64 65 66 67 68 69 70 71 72 73 74 75 76 77 78 79
????????????????????????????????????????????????????????????????????????????????
0 1 2 3 4 5 6 7 8 9 10 11 12 13 14 15 16 17 18 19 20 21 22 23 24 25 26 27 28 29 30 31 32 33 34 35 36 37 38 39 40 41 42 43 44 45 46 47 48 49 50 51 52 53 54 55 56 57 58 59 60 61 62 63 64 65 66 67 68 69 70 71 72 73 74 75 76 77 78 79
?,?,?,?,?,??,??,??,??,??,??,??,??,????,?????,?????,?????,??????,???????,????????
0 1 2 3 4 5 6 7 8 9 10 11 12 13 14 15 16 17 18 19 20 21 22 23 24 25 26 27 28 29 30 31 32 33 34 35 36 37 38 39 40 41 42 43 44 45 46 47 48 49 50 51 52 53 54 55 56 57 58 59 60 61 62 63 64 65 66 67 68 69 70 71 72 73 74 75 76 77 78 79
????????????????????????????????????????????????????????????????????????????????
0 1 2 3 4 5 6 7 8 9 10 11 12 13 14 15 16 17 18 19 20 21 22 23 24 25 26 27 28 29 30 31 32 33 34 35 36 37 38 39 40 41 42 43 44 45 46 47 48 49 50 51 52 53 54 55 56 57 58 59 60 61 62 63 64 65 66 67 68 69 70 71 72 73 74 75 76 77 78 79
?????????????????,?????,???????,???,????????,??????,??????,?????????,??????????
0 0 0 0 0 0 0 7 4 6 5 1 12 2 14 15 16 17 18 19 20 21 22 23 24 25 26 27 28 16 2 31 32 33 34 35 36 37 38 14 25 41 42 43 44 45 46 47 48 49 50 51 52 53 54 55 56 57 58 59 60 61 62 63 64 65 1 67 68 69 70 71 72 31 6 4 9 67 7
??,??,??,????,?????,??????,?????????,??????????,????????????,???????????????????
0 1 2 3 4 5 6 7 8 9 10 11 12 13 14 15 16 17 18 19 20 21 22 23 24 25 26 27 28 29 30 31 32 33 34 35 36 37 38 39 40 41 42 43 44 45 46 47 48 49 50 51 52 53 54 55 56 57 58 59 60 61 62 63 64 65 66 67 68 69 70 71 72 73 74 75 76 77 78 79
????????????????????????????????????????????????????????????????????????????????
0 1 2 3 4 5 6 7 8 9 10 11 12 13 14 15 16 17 18 19 20 21 22 23 24 25 26 27 28 29 30 31 32 33 34 35 36 37 38 39 40 41 42 43 44 45 46 47 48 49 50 51 52 53 54 55 56 57 58 59 60 61 62 63 64 65 66 67 68 69 70 71 72 73 74 75 76 77 78 79
????????????????????,???,???,????,???????,??????,???,????,???????,?????????????
0 0 0 0 0 0 0 0 0 3 2 2 7 13 8 15 16 17 6 6 20 21 22 23 24 25 26 27 28 29 30 31 32 33 34 35 36 37 9 5 37 41 42 43 44 45 46 8 48 49 50 51 52 53 54 55 56 57 58 59 60 61 4 61 52 65 66 67 68 69 65 9 65 14 12 5 7 5 2
???????????????????????,?????????????????????????,????????????????,?????????????
0 1 2 3 4 5 6 7 8 9 10 11 12 13 14 15 16 17 18 19 20 21 8 23 24 25 26 27 28 29 30 31 32 6 6 3 24 37 38 39 40 41 42 43 44 7 21 6 44 49 50 51 52 53 54 55 56 57 58 59 46 61 46 9 7 1 66 67 68 64 66 36 35 3 4 66 66 66 0 79
?,?,??,??,??,????,?????,??????,????????,?????????,??????????,???????????????????
0 1 2 3 4 5 6 7 8 9 10 11 12 13 14 15 16 17 18 19 20 21 22 23 24 25 26 27 28 29 30 31 32 33 34 35 36 37 38 39 40 41 42 43 44 45 46 47 48 49 50 51 52 53 54 55 56 57 58 59 60 61 62 63 64 65 66 67 68 69 70 71 72 73 74 75 76 77 78 79
???????????????????,???,???,????,????,????????,???,???????,??,???,????,????????
0 0 0 0 0 0 0 0 2 6 8 5 1 1 0 15 5 17 10 19 20 21 22 23 24 25 26 27 28 29 30 31 32 33 34 35 36 37 38 39 40 41 42 28 44 45 46 47 48 49 50 51 52 53 54 30 56 1 58 59 60 61 62 63 64 65 66 67 68 69 70 71 72 73 74 58 10 5 7
?,?,??,??,???,???,???,???,????,?????,??????,????????,???????????,???????????????
0 1 2 3 4 5 6 7 8 9 10 11 12 13 14 15 16 17 18 19 20 21 22 23 24 25 26 27 28 29 30 31 32 33 34 35 36 37 38 39 40 41 42 43 44 45 46 47 48 49 50 51 52 53 54 55 56 57 58 59 60 61 62 63 64 65 66 67 68 69 70 71 72 73 74 75 76 77 78 79
???????????????????????????????????????????????????????????????????????????????
0 0 0 3 0 5 6 1 8 9 0 11 12 13 14 15 16 0 18 19 20 21 22 23 24 25 26 9 28 29 30 31 32 17 32 24 36 37 38 39 40 41 42 16 17 21 46 47 48 49 13 43 52 53 54 55 56 57 39 59 60 61 62 63 64 65 66 23 68 69 4 15 4 73 74 75 76 5 18
?????????????????????,??????????????????????????????????????????????????????????
0 1 2 3 4 5 6 7 8 9 10 11 12 13 14 15 16 17 18 19 20 21 22 23 24 25 26 27 28 29 30 31 32 33 34 35 36 37 38 39 40 41 42 43 44 45 46 47 48 49 50 51 52 53 54 55 56 57 58 59 60 61 62 63 64 65 66 67 68 69 70 71 72 73 74 75 76 77 78 79
???????????????????????????????????????????????????????????????????????????????
0 0 0 0 0 5 0 7 4 1 10 3 12 13 3 15 16 0 18 19 20 0 22 23 24 25 1 27 28 29 30 3 32 33 34 35 36 37 38 39 40 18 42 43 44 45 46 47 48 49 50 49 52 53 54 55 56 57 41 30 59 22 62 63 64 62 41 66 68 69 70 71 72 63 74 16 11 6 2
?,?,??,??,??,???,????,??????,??????,???????,????????????????????,???????????????
0 1 2 3 4 5 6 7 8 9 10 11 12 13 14 15 16 17 18 19 20 21 22 23 24 25 26 27 28 29 30 31 32 33 34 35 36 37 38 39 40 41 42 43 44 45 46 47 48 49 50 51 52 53 22 55 56 57 17 59 60 14 62 2 64 65 66 1 11 7 70 67 67 66 68 68 64 1 1 0
????????????,?,?,??,??,???,???,????,????,????,?????????,???????,????,???????????
0 0 2 3 4 0 6 7 8 9 10 11 1 13 14 15 16 17 18 19 20 21 22 23 24 25 26 27 28 29 30 31 32 33 34 35 36 37 38 39 40 41 42 43 44 45 46 47 48 49 50 38 52 9 4 55 56 57 58 59 14 20 62 63 64 65 60 4 68 69 70 71 72 8 54 74 1 13 1 0
????????????????????????????????????????????????????????????????????????????????
0 1 2 3 4 5 6 7 8 9 10 11 12 13 14 15 16 17 18 19 20 21 22 23 24 25 26 27 28 29 30 31 32 33 34 35 36 37 38 39 40 41 42 43 44 45 46 47 48 49 50 51 52 53 54 55 56 57 58 59 60 61 62 63 64 65 66 67 68 69 70 71 72 73 74 75 76 77 78 79
?,?,??,???,?????,????????,???????????,?????????????,????????????????????????????
0 1 2 3 4 5 6 7 8 9 10 11 12 13 14 15 16 17 18 19 20 21 22 23 24 25 26 27 28 29 30 31 32 33 34 35 36 37 38 39 40 41 42 43 44 45 46 47 48 49 50 51 52 53 54 55 56 57 58 59 60 61 62 63 64 65 66 67 68 69 70 71 72 73 74 75 76 77 78 79
?,??,??,??,???,????,??????,??????,??????????,??????????,???????????,????????????
0 1 2 3 4 5 6 7 8 9 10 11 12 13 14 15 16 17 18 19 20 21 22 23 24 25 26 27 28 29 30 31 32 33 34 35 36 37 38 39 40 41 42 43 44 45 46 47 48 49 50 51 52 53 54 55 56 57 58 59 60 61 62 63 64 65 66 67 68 69 70 71 72 73 74 75 76 77 78 79
???????????????????????????????????????????????????????????????????????????????
0 0 0 0 0 0 0 0 0 6 7 1 1 13 12 12 4 15 15 10 8 3 18 23 24 25 26 27 28 29 23 19 27 33 34 35 36 37 38 39 40 41 42 43 44 45 46 47 48 49 50 51 52 53 54 55 56 6 58 59 60 61 25 63 64 65 66 58 8 69 70 71 72 3 74 75 76 77 2
????????????????????????????????????????????????????????????????????????????????
0 1 2 3 4 5 6 7 8 9 10 11 12 13 14 15 16 17 18 19 12 9 22 4 24 25 26 27 22 29 30 31 32 33 34 35 36 37 10 39 24 41 42 43 34 45 46 10 48 49 50 51 52 26 54 55 56 57 58 59 60 61 62 63 64 65 66 67 68 24 70 71 72 4 74 3 2 2 1 0
?,?,?,???,???,???,???,????,????,?????,?????,?????,???????,??????????,???????????
0 1 2 3 4 5 6 7 8 9 10 11 12 13 14 15 16 17 18 19 20 21 22 23 24 25 26 27 28 29 30 31 32 33 34 35 36 37 38 39 40 41 42 43 44 45 46 47 48 49 50 51 52 53 54 55 56 57 58 59 60 61 62 63 64 65 66 67 68 69 70 71 72 73 74 75 76 77 78 79
???????????????????????????????????????????????????????????????????????????????
0 0 0 2 0 5 5 2 0 9 1 0 12 13 14 0 16 17 18 19 20 21 13 23 24 25 26 27 28 29 30 31 7 33 34 35 36 37 21 8 40 41 42 43 34 45 46 47 48 49 50 51 52 41 54 55 56 57 58 59 2 55 62 63 64 65 66 44 47 23 6 20 33 16 74 75 76 3 2
??????????????,???,????,?????,??????,??????????????,????????,???????,??????????
0 0 0 0 0 0 0 0 0 3 9 2 2 4 14 15 16 17 18 19 20 21 22 23 24 25 26 27 28 29 30 31 32 33 34 35 36 37 38 39 40 41 42 10 37 45 46 47 48 49 5 51 52 53 1 29 25 57 58 59 60 61 62 63 64 65 52 67 68 69 70 71 51 15 74 75 2 11 9
???,?????????????,?????????????????,?????,?????,?????????????,?????????,????????
0 1 2 3 4 5 6 7 8 0 10 11 12 13 14 15 16 17 18 19 20 21 22 23 24 25 26 27 28 29 30 31 32 33 7 35 36 37 38 39 40 41 42 43 44 45 46 47 48 49 50 51 52 53 21 55 56 57 58 13 6 61 62 63 64 65 17 2 4 69 70 71 72 73 74 75 2 1 1 0
???????????????????????,?????,???,???,????,???????,????,?????,??????,??????????
0 0 0 0 0 0 0 0 0 5 9 2 3 1 3 8 14 14 18 9 20 21 7 23 24 25 26 19 13 13 30 31 32 33 34 35 36 37 38 39 40 41 42 43 44 45 46 47 3 7 50 51 52 13 54 55 56 57 58 59 60 61 62 63 64 65 66 67 68 69 70 71 72 73 74 75 10 15 3
????????????????????????,??????,????????,????????,?????????,???????????,????????
0 1 0 3 0 5 6 0 8 9 10 8 12 13 0 15 16 17 18 19 20 0 22 23 24 25 26 27 28 20 30 31 32 33 34 35 36 37 38 39 40 41 42 43 44 45 46 47 48 49 50 51 52 53 54 55 56 57 58 59 60 61 62 63 64 65 66 67 68 31 3 71 72 73 24 3 13 22 3 0
????????????????????????????????????????????????????????????????????????????????
0 1 2 3 4 5 6 7 8 9 10 11 12 13 14 15 16 17 18 19 20 21 22 23 24 25 26 27 28 29 30 31 32 33 34 35 36 37 38 39 40 41 42 43 44 45 46 47 48 49 50 51 52 53 54 55 56 57 58 59 60 61 62 63 64 65 66 67 68 69 70 71 72 73 74 75 76 77 78 79
????????????????????????????????????????????????????????????????????????????????
0 1 2 3 4 5 6 7 8 9 10 11 12 13 14 15 16 17 18 19 20 21 22 23 24 25 26 27 28 29 30 31 32 33 34 35 36 37 38 39 40 41 42 43 44 45 46 47 48 49 50 51 52 53 54 55 56 57 58 59 60 61 62 63 64 65 66 67 68 69 70 71 72 73 74 75 76 77 78 79
???,???,???,????,?????,??????,??????,???????,??????????,????????????????????????
0 1 2 3 4 5 6 7 8 9 10 11 12 13 14 15 16 17 18 19 20 21 22 23 24 25 26 27 28 29 30 31 32 33 34 35 36 37 38 39 40 41 42 43 44 45 46 47 48 49 50 51 52 53 54 55 56 57 58 59 60 61 62 63 64 65 66 67 68 69 70 71 72 73 74 75 76 77 78 79
