12611,3,9041,2,7,7301,10,11,20,2,3,4,5,6,1016,161,1010,1011600081,10123203283048
1,2,3,14,23,30,43,44,51,52,90,290,340,347,378,1007,1008,1016,1700,10780,19000924
1,2,3,4,6,7,8,16,30,47,48,49,79,80,81,160,250,906,1000,1032,1033,30000,777970700
9920569747995,8,11,961,2,6,8,9,27,40,49,67754,90,105044,71,726,854,69006,749355
2,3,4,5,6,7,8,9,12,43,65,72,76,84,93,95,96,196,324,400,440,843,9685,24740,972904
14101,164,15,11000,5,62,2905,6,10,10006266,10056050,1277,170405,110088002,180178
62579831216770975090043,4239229,1012,14538,19910,1679372,531039,15005,243901960
1,3,4,5,6,41,51,88,90,302,1148,7915,8541,8589163,51529629,931106500,625861756748
1,24,32,13755220050250,50140660,558300406,376,120030080070,100280901052401004002
913181000001,13217,2000000508,1604,44360,19280790,630000,107007,2604,5006150810
1,2,3,4,5,7,10,11,180,270,511,566,804,865,1080,6770,7909,27963,1204078,110295304
96734821052018008022,5,2,2071,1522,603275,681,7595,200010860,403,1274,9300590741
1,100,2000,2061,1000000607,10000052300000,100665009230250047,1010900460000420007
218754029,3605750907,337899768959,354849574553,389463404186,95246761057413654424
1,3,4,5,6,7,8,9,46,50,55,69,70,80,96,300,500,525,800,2957,6105,8750,70040,160012
1,10,70,300,1000,2090,10039,18008,17300377320005,100400554402001,403700460700930
1,6,9,30,1000,100401,1200370,1502009,6060045100607,10005900000800,10009870000900
1,2,3,4,6,7,8,9,14,59,70,103,2701,3140,3580,6680,7454,63330,444706,559554,643130
81111715544223032,580,77929,7,7,120450,106813,61608,7000005800500,1003009,10006
20,101,1000,1000000,1080020,3600574305030003,4200280157000407,204500000000030006
269171114045,20,861,1272,730,460,2306,40207,1674,2608971150,15703,1094562250003
11110128813,12031,10000,170,900,9014,70,2005,1000000700439,1007,1230,6000050000
4639781514296330860,0445,2,104100,30976,130004,140672,42199841,5343,11080856804
2,10,11,12,50,51,90,170,174,500,905,1069,5001,7000,8020,800004,3040091,800140086
6945781322609,870,97,13751,570,956749,5520,46306,4196056503,2200105038909,95703
1,2,3,4,5,6,7,9,19,20,21,30,86,87,100,203,3260,10144,44008,144004,900008,4000100
1,2,3,4,5,6,26,76,406,8095,16743,61634,5518051,7247065,7910106,22033138,68564070
1,137,112930,1005820508600,182098062401034,86200120590307042,1000812084360070072
83113211,162,8010591022,54,178,40,160511,408021,42,1611,4300,100906078733800130
2,3,4,5,7,8,9,19,68,80,157,410,1040,6299,6302,9830,59021,400010,900000,245800606
90,160,100007,302004,3000800,3680602,1700032791,50093100101,10000040000000400000
1,2,3,4,9,14,20,21,26,97,104,500,548,1000,1010,22063,11530770,67,701770,16770722
1,3,4,5,6,7,8,9,17,100,1440,2007,8527,92584,106049,6100846,96023577,731935004029
2,5,6,9,19,25,58,59,64,66,83,89,3019,9407,399930,610771,5850092,8017508,23214144
7111111635210040042094,707056500063,7740494,455,50001,28600,91,1808,10091820500
1,2,5,6,10,11,12,17,26,93,160,177,508,509,886,72003,10006020,800000605,804070049
4111511919300,,438502755,8000010,12006,14005,18090,30000000,1090,1091700404,190
260195912627,9280046,040050614280,9020802043060210005300787002350,259,310260870
4,6,13,40,42,52,53,60,150,1000,2000,2001,6500,30000,30001,50840,170709,701900170
496,731000217,37444200103804,1071100954040807877211,1908508201002930001857906713
1,2,4,5,8,9,90,115,281,306,989,90010,110079,12809357,1057000709,1104020301041070
1,2,40,41,46,102,338,1039,1048,1300,1905,138050,10878000800,90020073080087005106
1,2,3,4,5,6,7,8,9,10,11,28,32,34,41,42,43,50,63,70,71,76,77,80,295,500,1000,1817
2,881,180,7005,1941000,8001006000053,74724772930006000004,7550,92662723009,13001
1,2,3,6,7,15,108,700,190097700,9000000070700800,60001527099000000300006000007300
1,2,3,4,5,7,8,9,25,26,27,69,73,82,90,140,600,2203,2205,18050,1000001,70900000101
3,4,6,8,22,66,537,703,8288,8450,34963,216745,268118,283009,580820,49338061852958
10,11,757,15060,102050,802219090,10000200206,906004007506,9900055000045405020560
14,50,2951778943014,8,65,8588,69,251,351,51987411,73082,21332,7860,2050064245439
1,2,3,4,5,7,8,19,32,37,48,51,52,57,90,94,500,501,505,1700,1007004401,29700050920
2,3,4,5,6,7,8,9,55,65,341,903,9036,68006,508084,2723425071,494050532250240760754
99
n = 80
98
n = 80
97
n = 80
96
n = 79
95
n = 80
94
n = 80
93
n = 79
92
n = 80
91
n = 80
90
n = 79
89
n = 80
88
n = 80
87
n = 80
86
n = 80
85
n = 80
84
n = 80
83
n = 80
82
n = 80
81
n = 79
80
n = 80
79
n = 79
78
n = 79
77
n = 79
76
n = 80
75
n = 79
74
n = 80
73
n = 80
72
n = 80
71
n = 79
70
n = 80
69
n = 80
68
n = 80
67
n = 80
66
n = 80
65
n = 79
64
n = 80
63
n = 79
62
n = 79
61
n = 80
60
n = 80
59
n = 80
58
n = 80
57
n = 80
56
n = 80
55
n = 80
54
n = 80
53
n = 80
52
n = 80
51
n = 80
50
n = 80
49
n = 80
481,2,3,4,6,7,8,10,12,13,60,695,1000,17812,50000,100903,136030,12009000,1806900720
2,5,6,10,20,110,544,704,770,10070,50101003,181800999,68900560020,102100738408380
1099565059,74578025396240,41238902022509568723403,788302525765988902410171914539
1,10,100,10005,19458,36090,2040984,7056000,55064002,109007160,110097007070020367
1,2,10,111,2,3,37,1340,143006,1070770,9700040704060930900000049000,3120101000281
18,106,107,14000,600910504,500000,656002,90004417060,180800,1071070,1710,1901001
612181111076046,10,106,800,5020,100000,108700,100,106,122,180,10237,74603210102
631680998103501,2,3,4,5,8,42,97,2005,8650283608,4494001,63120960,14410020212070
2,5,10,20,29,40,46,94,110,309,942,1006,17207,17905,644004,606610105,360212006088
2,3,4,802,2028,6030,109802017909,24071,100648109,21062,60330,16920090,29,3001073
1,2,6,7,12,13,20,73,74,300,378,3020,11000,11040,60070,61000,61001,160000,1000808
105200002,20,2210,620019,101002,7200028,430394016030,8005030,1440790040000536191
1,2,109,103000,1000340,780043007,780133700,100800000080070207,100800080000009500
1,6,17,70,1509,1560,3008,30000,30001,90506,102970,108000,3217000,3470011,3477407
6,603,725,5405024,36994296,622030737826249902,7703054006,7140,92028,957809814031
1,2,6,7,38,41,70,105,106,100600,1000022,1100408,304042220,1007868009,20505050000
1,2,3,18,25,30,80,81,90,140,200,206,207,5370,16700,21011,19607000,10069008000100
10,29,61,70,124,10395825,661097400,5378438700,9350797667,51874883000,95040027154
2,3,4,5,7,9,12,32,58,132,86485,275,788,2581,6929,46290,6898213309676221,16459029
1,1071,130661,14069048000805481,207,850,109600,10600590301022100,107400210407066
30,39,50,100,146,10012,1000004,100000096200100,102103791,200700,1040008013131004
1,2,3,4,5,6,7,8,9,10,32,51,60,61,70,74,87,90,98,194,723,916,1749,6054,7495,54790
15146852223863000,106001,234,18,2950,920,33488,5065,4881,8326,126545,8660777407
900,1150,50059,100400,1806004,18000116,1000900103000000,17200,100051000020005001
1112114100,2,2,10030,212,60003,800,6510,1070,107000,70278080002,1057000280060211
1,3,9,17,18,51,53,94,204,210,902,10483,10901,66766,118070802,500702203,510770030
411191160510,79000024,16085950,100093,1026800,1488000,10055600,60400070500,1054
1,8282,152590437131554525732022222,914020990905868014698401895038090063172397004
1,60,110,120,124,1555,2098600,503097986,16820608175,142961049085,610012090600054
1,4,7,8,10,21,27,34,200,1504,1543,10000,1300570098,29,320,211,902945,16,19016093
1,13,14,90,40050,93520,109688,90800050,680115000540063,1000001929100057008007970
171131190709040063,2132,34000,810,10000,186208786,1100,10071,709599,1500140,907
161131131000,137,2,96,508,1830731,3,1080700,223990000142,9000,210,2000920601000
14280186,881,1301,2,307,81,1710,156,1760,1882,5887313303428,9,18,100,4903,10297
9,26,171801,2000839,8066100,16498000,440002300,30104660509,900100270370060480934
4,13,862,20006,20951,55769,134050,1030006,10800761,67009081,604910520,6703070371
16,150,3009,3500,10400,1042010,3008007,700703042139,5700000507000,70500220401000
1,2,3,4,5,6,7,8,9,10,17,43,53,54,55,56,609,700,701,1000,35601,50005,77630,198007
812169354297803104,4874,40,56,83,5030,40803,4817,4904627419214430,160,208,81308
124,3674,10,5487050,7078537253000,55780,19003,28800,9008060239201363871091,26901
185,302795788192677002557760200862,355835425004824520781777998395750550215751333
1367814593653,573,9710,1069,110,190,1782100,140,2270799,2600300,9078,9302480004
10,36,507,1000,9019,14800,200002000,720600600,70000740007,1000090400004010001900
1,4,6,7,8,43,655,785,866,13058,17567,118747,19586334,34773031,37002428,655042878
1,4,5,6,7,8,9,30,60,73,80,81,82,170,227,800,17404889,109006009,17000000009000270
13,42,190,500,920,8002,1000900,10003070,14007000,1040103005,19055004023080003090
2,3,5,6,7,8,9,30,52,70,130,1487,1488,10030,80780,100000,602070,1035001,100086088
8621,8,63510607,92876,6,7,91,9000,9,78,377,655,8210024063415,68578,334,43,70801
1,2,3,4,5,6,7,8,9,60,61,100,1900,13600,130000,41013050,8000050071,19300240700010

n = 80
47
n = 80
46
n = 80
45
n = 80
44
n = 80
43
n = 80
42
n = 79
41
n = 79
40
n = 80
39
n = 80
38
n = 80
37
n = 80
36
n = 80
35
n = 80
34
n = 80
33
n = 80
32
n = 80
31
n = 80
30
n = 80
29
n = 80
28
n = 80
27
n = 80
26
n = 79
25
n = 80
24
n = 80
23
n = 80
22
n = 79
21
n = 80
20
n = 80
19
n = 80
18
n = 80
17
n = 79
16
n = 79
15
n = 79
14
n = 80
13
n = 80
12
n = 80
11
n = 80
10
n = 79
9
n = 80
8
n = 80
7
n = 79
6
n = 80
5
n = 80
4
n = 80
3
n = 80
2
n = 80
1
n = 79
0
n = 80
