100
?261??3?9?4??2?7?73???????1?2???,?,?,?,6????6,?61,??1?,????6???8?,101232?3?83?48
0 0 2 3 0 5 6 7 8 9 10 0 12 13 14 15 16 17 18 19 0 21 22 23 24 25 26 27 28 29 30 31 2 33 34 35 36 37 38 39 40 41 42 39 44 45 46 47 48 49 50 51 52 53 54 55 56 57 58 32 51 61 62 22 26 65 66 67 68 69 70 71 72 73 22 14 3 21 12 0
?,?,?,14??3?3?,43?????1???,9??29???4?,??7,?78,??07???0?,???6,?7?????78?,?9???924
0 1 2 3 4 5 6 7 8 9 10 11 12 13 14 15 16 17 18 19 20 21 22 23 24 25 26 27 28 29 30 31 32 33 34 35 36 37 38 39 40 41 42 43 44 45 46 47 48 49 50 51 52 53 54 55 56 57 58 59 60 61 62 63 64 65 66 67 68 69 70 71 72 73 74 75 76 77 78 79
?,?,3,?,6,7,?,16,3?,47,??,??,79,?0,??,?6?,?50,9?6,????,??32,????,3????,77797?7??
0 1 2 3 4 5 6 7 8 9 10 11 12 13 14 15 16 17 18 19 20 21 22 23 24 25 26 27 28 29 30 31 32 33 34 35 36 37 38 39 40 41 42 43 44 45 46 47 48 49 50 51 52 53 54 55 56 57 58 59 60 61 62 63 64 65 66 67 68 69 70 71 72 73 74 75 76 77 78 79
9920569747995,8,11,961,?,6,8,?,27,4?,49,67754,9?,?05044,71,7?6,854,69006,749355
0 1 0 3 4 0 6 7 0 9 10 11 0 13 14 15 16 17 18 19 20 0 22 23 24 25 26 27 28 29 30 31 32 33 34 35 36 37 38 39 40 41 25 31 44 45 46 47 48 49 50 51 12 24 3 55 56 57 58 59 60 10 62 63 64 65 66 67 68 69 70 55 72 73 74 75 15 9 3
2,3,4,?,6,7,8,9??2,43,65,?2,76?84,93,?5,96,196,324,4??,44??843,9685,24740?9729?4
0 1 2 3 4 5 6 7 8 9 10 11 12 13 14 15 16 17 18 19 20 21 22 23 24 25 26 27 28 29 30 31 32 33 34 35 36 37 38 39 40 41 42 43 44 45 46 47 48 49 50 51 52 53 54 55 56 57 58 59 60 61 62 63 64 65 66 67 68 69 70 71 72 73 74 75 76 77 78 79
?4?????64??5??1?????,62?29?5??,???????6?66????56?5???277??7?4?5,11??88??2??8?178
0 0 0 3 0 5 6 7 8 5 10 11 12 13 14 15 16 17 2 19 20 21 22 23 24 25 26 0 28 29 30 31 32 33 34 35 36 37 12 6 16 3 42 43 44 45 46 47 48 25 50 51 52 53 54 55 56 57 58 59 60 61 62 63 64 65 66 67 68 69 70 39 42 73 74 75 76 77 3 0
6257983?216770975?9??43?4239229,?012,?4538,19910,1679372,531039,?5??5,2439?196?
0 0 0 0 0 0 0 0 2 4 5 1 8 7 4 15 1 17 1 19 4 21 21 7 24 25 26 5 28 23 17 31 32 33 34 35 36 37 38 39 40 40 42 43 44 45 46 47 48 49 50 51 52 53 54 40 56 57 58 59 60 61 20 63 64 65 66 67 68 69 70 71 72 73 74 75 18 21 6
1,3,4,?,6?41,51,88,9?,302,1148,7915,8541,8589163,51529629,9311065?0,625861756748
0 1 2 3 4 5 6 7 8 9 10 11 12 13 14 15 16 17 18 19 20 21 22 23 24 25 26 27 28 29 30 31 32 33 34 35 36 37 38 39 40 41 42 43 44 45 46 47 48 49 50 51 52 53 54 55 56 57 58 59 60 61 62 63 64 65 66 67 68 69 70 71 72 73 74 75 76 77 78 79
???4,32??375522??5?25?,5?14?66?,?583??4?6,??6,?2??30?8??7?,???28?9?1?524?1??4??2
0 1 2 0 4 5 6 7 8 9 10 0 12 13 14 15 16 17 18 19 16 17 22 23 24 25 26 27 28 29 30 31 32 33 34 35 36 37 38 39 6 41 42 43 2 45 46 47 48 49 23 51 52 53 54 55 56 57 58 59 60 61 62 63 64 65 66 67 20 48 70 46 72 73 74 41 45 1 4 0
9?3?8?????????32?7??????0?5?8,?6?4?4436???928079?,63???????7??7?26?4?5??615?81?
0 0 0 0 0 0 6 3 1 6 5 0 12 13 5 15 0 17 18 19 4 21 22 5 24 25 5 27 28 4 30 31 32 14 34 35 36 37 38 39 34 41 42 43 44 45 46 45 48 49 50 51 52 53 54 55 27 57 58 59 60 61 36 63 64 65 66 67 68 69 70 71 72 20 2 34 3 21 1
1,2?3?4??,7,??,?1,?8?,?7?,511,?66?8?4,?65,1?8?,6770,79?9?27963??2?4?78?11?2953?4
0 1 2 3 4 5 6 7 8 9 10 11 12 13 14 15 16 17 18 19 20 21 22 23 24 25 26 27 28 29 30 31 32 33 34 35 36 37 38 39 40 41 42 43 44 45 46 47 48 49 50 51 52 53 54 55 56 57 58 59 60 61 62 63 64 65 66 67 68 69 70 71 72 73 74 75 76 77 78 79
96734821?52?18008?22?5?2?2?71,?522,603275,681?7595,2?001?86?,4?3,1274,93??59?74?
0 0 0 0 0 0 0 0 1 7 8 3 1 7 3 1 8 3 1 7 8 21 2 23 6 25 26 2 9 29 30 31 32 33 34 35 36 37 38 24 10 41 42 43 44 45 46 47 48 4 50 51 52 53 29 42 56 57 58 53 60 61 62 63 64 65 66 67 68 69 70 71 72 73 18 9 3 14 4 0
?,???,20??,??61,??????06?7,1???0?523?????,???665??923?25??47,??1?9??46????4200?7
0 1 2 3 4 5 6 7 8 9 10 11 12 13 14 15 16 17 18 19 20 21 22 23 24 25 26 27 28 29 30 31 32 33 34 35 36 37 38 39 40 41 42 43 44 45 46 47 48 49 50 51 52 53 54 55 56 57 58 59 60 61 62 63 64 65 66 67 68 69 70 71 72 73 74 75 76 77 78 79
218754029,36?57509?7,337899768959,354849574553,389463404186,95246761?57413654424
0 1 2 3 4 5 6 7 8 9 10 11 12 13 14 15 16 17 18 19 20 21 22 23 24 25 26 27 28 29 30 31 32 33 34 35 36 37 38 39 40 41 42 43 44 45 46 47 48 49 50 51 52 53 54 55 56 57 58 59 60 61 62 63 64 65 66 67 68 69 70 71 72 73 74 75 76 77 78 79
1,3,4,5,6,7,8,9,46?5?,55,69,?0??0,96?3??,50?,525,80?,2957,6105,875??7??4???6?012
0 1 2 3 4 5 6 7 8 9 10 11 12 13 14 15 16 17 18 19 20 21 22 23 24 25 26 27 28 29 30 31 32 33 34 35 36 37 38 39 40 41 42 43 44 45 46 47 48 49 50 51 52 53 54 55 56 57 58 59 60 61 62 63 64 65 66 67 68 69 70 71 72 73 74 75 76 77 78 79
?????70?3????????2?9????039??8?08??73??377320?05????4??5544?2??1?4037??46?7??93?
0 1 2 3 4 5 6 7 8 9 10 11 12 13 14 15 16 17 18 19 20 21 22 23 24 25 26 27 28 29 30 31 32 33 34 35 36 37 38 39 40 41 42 43 44 45 46 47 48 49 50 51 52 53 54 55 56 57 58 59 60 61 62 63 64 65 66 67 68 69 70 71 72 73 74 75 76 77 78 79
1,6,9,3?,????,???4?1,?2??37?,?5?2?09,6?6??451??607,????59?????8??????0987????9??
0 1 2 3 4 5 6 7 8 9 10 11 12 13 14 15 16 17 18 19 20 21 22 23 24 25 26 27 28 29 30 31 32 33 34 35 36 37 38 39 40 41 42 43 44 45 46 47 48 49 50 51 52 53 54 55 56 57 58 59 60 61 62 63 64 65 66 67 68 69 70 71 72 73 74 75 76 77 78 79
1?2,3,??6,7,8,9,14,59,7?,103,2701,3140,3580,668?,7454?63330,444706,559554,?43130
0 1 2 3 4 5 6 7 8 9 10 11 12 13 14 15 16 17 18 19 20 21 22 23 24 25 26 27 28 29 30 31 32 33 34 35 36 37 38 39 40 41 42 43 44 45 46 47 48 49 50 51 52 53 54 55 56 57 58 59 60 61 62 63 64 65 66 67 68 69 70 71 72 73 74 75 76 77 78 79
8?1??715544223?32?58??77929?7?7??2?45???06813,616?8?7?0???58??50?????3?09,????6
0 0 0 0 0 0 6 2 0 9 0 11 0 13 2 3 16 9 18 13 20 4 22 10 4 25 9 27 28 13 30 31 32 33 34 35 20 19 38 39 40 41 42 43 26 45 46 47 48 49 50 51 52 53 54 55 56 33 58 52 60 61 62 63 29 65 66 67 68 69 70 71 7 73 74 75 76 77 6
2?,??1,????????????,??8??2??36??5743?5?3???3,?2??28?157???4?7,2?45?????????3???6
0 1 2 3 4 5 6 7 8 9 10 11 12 13 14 15 16 17 18 19 20 21 22 23 24 25 26 27 28 29 30 31 32 33 34 35 36 37 38 39 40 41 42 43 44 45 46 47 48 49 50 51 52 53 54 55 56 57 58 59 60 61 62 63 64 65 66 67 68 69 70 71 72 73 74 75 76 77 78 79
269?7??14?45???,861,??72????,?6??23?6,4?2?7??674,?608?71?5??1?7?3,??9456225???3
0 0 0 0 0 0 0 0 0 1 3 9 4 13 1 15 16 17 8 19 20 21 20 23 24 25 26 12 28 29 30 31 32 33 34 35 36 37 38 39 40 41 11 43 44 45 46 47 48 49 50 51 52 44 54 55 16 57 58 59 60 61 62 58 24 65 66 67 68 69 2 47 24 55 12 28 7 2 9
?????1288?3??2?3??????0??7??9??,????,7??2??5???????07??439,?0?7,?23??6????5????
0 0 0 0 4 5 0 7 8 0 10 11 12 2 14 15 0 17 18 19 20 3 19 23 24 25 26 27 28 29 30 31 32 33 34 13 36 37 38 39 40 41 42 43 44 45 46 47 48 49 50 51 52 53 54 55 49 14 58 59 60 61 62 63 64 65 66 67 68 69 70 71 72 14 14 58 15 11 10
46397815?429633086???445?????41??,30976,?3???4,?4?672,42199841,5343,110808?68?4
0 0 0 0 0 0 0 0 0 6 8 3 3 1 7 5 4 8 2 9 6 21 1 23 7 25 1 27 28 29 20 17 24 33 34 35 36 37 38 39 40 41 42 43 44 45 46 47 48 49 50 51 52 53 54 55 56 57 58 59 60 17 62 63 64 65 66 67 68 69 70 71 72 13 27 11 31 8 9
2??????,???5?,???9???7????4,5??,9?5,??69?5??1?7???,8?2?,8??0?4?3?4??91?8??14??86
0 1 2 3 4 5 6 7 8 9 10 11 12 13 14 15 16 17 18 19 20 21 22 23 24 25 26 27 28 29 30 31 32 33 34 35 36 37 38 39 40 41 42 43 44 45 46 47 48 49 50 51 52 53 54 55 56 57 58 59 60 61 62 63 64 65 66 67 68 69 70 71 72 73 74 75 76 77 78 79
6945781322609?87?,97,13751,570,956749,552?,463?6,4196?565?3,220???5?38909,957?3
0 0 0 0 0 0 0 0 0 6 3 5 9 6 6 7 1 17 18 19 20 21 22 23 9 5 26 27 28 29 30 31 32 33 6 10 14 37 38 39 40 41 42 43 44 45 46 47 48 49 50 51 52 53 54 48 24 20 58 36 60 61 62 63 31 65 66 67 68 69 70 71 11 73 74 75 76 35 3
1?????4???6??,9,19,20?2??3?,86,???????2?3,326????144?440?8,?44??4,9????8?4?0?1??
0 1 2 3 4 5 6 7 8 9 10 11 12 13 14 15 16 17 18 19 20 21 22 23 24 25 26 27 28 29 30 31 32 33 34 35 36 37 38 39 40 41 42 43 44 45 46 47 48 49 50 51 52 53 54 55 56 57 58 59 60 61 62 63 64 65 66 67 68 69 70 71 72 73 74 75 76 77 78 79
1,?,3,4,5,6,26,76,406,8?95,16743,61634,5518051,7247065,7910106,22033138,68564070
0 1 2 3 4 5 6 7 8 9 10 11 12 13 14 15 16 17 18 19 20 21 22 23 24 25 26 27 28 29 30 31 32 33 34 35 36 37 38 39 40 41 42 43 44 45 46 47 48 49 50 51 52 53 54 55 56 57 58 59 60 61 62 63 64 65 66 67 68 69 70 71 72 73 74 75 76 77 78 79
1,?37,11293?,???582?5?86??,?82?98?624?1?34,862??12?59?307?42,????81208436??7??72
0 1 2 3 4 5 6 7 8 9 10 11 12 13 14 15 16 17 18 19 20 21 22 23 24 25 26 27 28 29 30 31 32 33 34 35 36 37 38 39 40 41 42 43 44 45 46 47 48 49 50 51 52 53 54 55 56 57 58 59 60 61 62 63 64 65 66 67 68 69 70 71 72 73 74 75 76 77 78 79
831?321???62?8?1?591?22?54,178,????60511?4?8?21,42??611,43??,???9?6?787338??13?
0 0 0 0 3 0 6 0 8 9 1 11 2 13 14 2 16 17 5 19 20 21 8 23 24 25 26 27 28 29 16 31 32 33 34 35 36 10 10 33 40 41 42 43 44 1 32 47 48 49 50 51 52 53 54 55 56 57 58 59 60 61 62 63 64 65 66 67 68 69 70 14 40 25 39 10 46 9 4
2,3,4,?,7,8,9,?9,68,80,?57,41?,??4?,6299,6302,983?,59?21,4??01?,9??0??,2458??6?6
0 1 2 3 4 5 6 7 8 9 10 11 12 13 14 15 16 17 18 19 20 21 22 23 24 25 26 27 28 29 30 31 32 33 34 35 36 37 38 39 40 41 42 43 44 45 46 47 48 49 50 51 52 53 54 55 56 57 58 59 60 61 62 63 64 65 66 67 68 69 70 71 72 73 74 75 76 77 78 79
90??6???????7,3?2??4?3???8???368?602??7???32791?5??931??1?1???????4???????4?????
0 1 2 3 4 5 6 7 8 9 10 11 12 13 14 15 16 17 18 19 20 21 22 23 24 25 26 27 28 29 30 31 32 33 34 35 36 37 38 39 40 41 42 43 44 45 46 47 48 49 50 51 52 53 54 55 56 57 58 59 60 61 62 63 64 65 66 67 68 69 70 71 72 73 74 75 76 77 78 79
1,2,3,?,9,?4,?0,??,?6,97,??4,5??,?48,????,??1?,22?63,?153?77?,67,7?177?,?677?722
0 1 2 3 4 5 6 7 8 9 10 11 12 13 14 15 16 17 18 19 20 21 22 23 24 25 26 27 28 29 30 31 32 33 34 35 36 37 38 39 40 41 42 43 44 45 46 47 48 49 50 51 52 53 54 55 56 57 58 18 11 61 62 63 64 65 66 3 11 2 3 71 72 73 74 1 3 76 1 0
1,3,4??,6,?,8?9,?7,?0?,?44?,2??7?8527,92584,??6?49,61??846,96?23577,731935??4?29
0 1 2 3 4 5 6 7 8 9 10 11 12 13 14 15 16 17 18 19 20 21 22 23 24 25 26 27 28 29 30 31 32 33 34 35 36 37 38 39 40 41 42 43 44 45 46 47 48 49 50 51 52 53 54 55 56 57 58 59 60 61 62 63 64 65 66 67 68 69 70 71 72 73 74 75 76 77 78 79
2,5,6,9,19,25,58,59,64,66,83,89,3019,9407,399930,610771,5850092,8017508,23214144
0 1 2 3 4 5 6 7 8 9 10 11 12 13 14 15 16 17 18 19 20 21 22 23 24 25 26 27 28 29 30 31 32 33 34 35 36 37 38 39 40 41 42 43 44 45 46 47 48 49 50 51 52 53 54 55 56 57 58 59 60 61 62 63 64 65 66 67 68 69 70 71 72 73 74 75 76 77 78 79
7??1???63521??4??42?94?7?7?565???63??740494,455,?0??1,286??,91,?8?8?1??9?82?5??
0 0 0 0 0 0 0 0 7 7 0 11 2 5 7 11 5 4 18 2 20 21 4 23 24 1 26 27 4 29 30 31 31 25 28 35 36 37 38 39 40 31 8 20 44 45 46 47 48 49 50 1 46 53 54 55 56 57 6 59 60 61 62 63 64 65 12 67 68 69 70 71 60 73 24 28 10 29 2
?,??5?6,?????,??,?7,?6,93,16?,?77,5?8?????886,72??3,????6?2?,80????6?5???4?7??49
0 1 2 3 4 5 6 7 8 9 10 11 12 13 14 15 16 17 18 19 20 21 22 23 24 25 26 27 28 29 30 31 32 33 34 35 36 37 38 39 40 41 42 43 44 45 46 47 48 49 50 51 52 53 54 55 56 57 58 59 60 61 62 63 64 65 66 67 68 69 70 71 72 73 74 75 76 77 78 79
4???5??9?93?0??43850?755?8????????2??6,?4??5??8?9?,3??????????90?????7?04?4??9?
0 0 0 0 0 0 0 0 0 2 8 4 7 4 3 5 6 17 6 19 14 7 22 2 24 25 26 17 7 18 15 31 32 33 34 9 9 30 38 39 40 41 42 43 44 45 46 47 48 49 50 51 52 53 54 55 56 35 3 16 60 61 62 63 64 65 66 67 68 33 70 3 1 13 9 75 76 77 2
26?1959?2627?928?046??4??5?614280?9?2?8?2?43?6?21???53??787??235?,259,?1026?87?
0 0 2 0 4 5 6 0 8 9 10 0 12 13 14 15 16 17 18 19 20 7 21 23 24 25 26 27 28 29 30 31 32 33 34 35 36 37 38 39 40 41 42 43 44 45 46 47 26 49 50 51 52 53 54 55 56 28 58 59 60 61 62 63 2 65 66 67 68 69 70 71 72 65 11 1 10 1 1
4?6,?3?4?,?2,?2?????0,?5???????2???,????,65??,3????,?????,5?84???7?7?9?7?19??17?
0 1 2 3 4 5 6 7 8 9 10 11 12 13 14 15 16 17 18 19 20 21 22 23 24 25 26 27 28 29 30 31 32 33 34 35 36 37 38 39 40 41 42 43 44 45 46 47 48 49 50 51 52 53 54 55 56 57 58 59 60 61 62 63 64 65 66 67 68 69 70 71 72 73 74 75 76 77 78 79
496?731?0?217,374442??1?38?4,??71100954?4?8?7877211,?9?85?82?1?0293???18579?6713
0 1 2 3 4 5 6 7 8 9 10 11 12 13 14 15 16 17 18 19 20 21 22 23 24 25 26 27 28 29 30 31 32 33 34 35 36 37 38 39 40 41 42 43 44 45 46 47 48 49 50 51 52 53 54 55 56 57 58 59 60 61 62 63 64 65 66 67 68 69 70 71 72 73 74 75 76 77 78 79
1,2?4??,8,9?9???15,281,306?989?9??1?,?10?79??28?9357???57???709??1?4?2?3?1?41?7?
0 1 2 3 4 5 6 7 8 9 10 11 12 13 14 15 16 17 18 19 20 21 22 23 24 25 26 27 28 29 30 31 32 33 34 35 36 37 38 39 40 41 42 43 44 45 46 47 48 49 50 51 52 53 54 55 56 57 58 59 60 61 62 63 64 65 66 67 68 69 70 71 72 73 74 75 76 77 78 79
???,4?,????6,??2?338,?039,???8,?3??,?9?5,?38?50???878???8??,90020?73?8??87??51?6
0 1 2 3 4 5 6 7 8 9 10 11 12 13 14 15 16 17 18 19 20 21 22 23 24 25 26 27 28 29 30 31 32 33 34 35 36 37 38 39 40 41 42 43 44 45 46 47 48 49 50 51 52 53 54 55 56 57 58 59 60 61 62 63 64 65 66 67 68 69 70 71 72 73 74 75 76 77 78 79
?,2,?,?,?,?,?,?,9,??,??,28,?2,34,?1,??,??,5?,63,7?,7?,?6,??,80,295,5??,????,?817
0 1 2 3 4 5 6 7 8 9 10 11 12 13 14 15 16 17 18 19 20 21 22 23 24 25 26 27 28 29 30 31 32 33 34 35 36 37 38 39 40 41 42 43 44 45 46 47 48 49 50 51 52 53 54 55 56 57 58 59 60 61 62 63 64 65 66 67 68 69 70 71 72 73 74 75 76 77 78 79
2?88?,?8??70?5??941???,8?01??6????53,7472477293???6?????4,755??92662723??9??3?0?
0 1 2 3 0 5 6 7 8 9 10 11 12 13 14 15 16 17 18 19 20 21 22 23 24 25 26 27 28 29 30 31 32 33 34 35 36 37 38 39 40 41 42 43 44 45 46 47 48 49 50 51 52 53 20 4 13 57 58 59 60 61 62 63 64 65 66 4 68 9 10 71 72 73 5 75 76 77 78 0
1,?,??6,?,?5???8,7????9??977??,90??0???7?7??8??,60??1527?99??????3?0??6?????73??
0 1 2 3 4 5 6 7 8 9 10 11 12 13 14 15 16 17 18 19 20 21 22 23 24 25 26 27 28 29 30 31 32 33 34 35 36 37 38 39 40 41 42 43 44 45 46 47 48 49 50 51 52 53 54 55 56 57 58 59 60 61 62 63 64 65 66 67 68 69 70 71 72 73 74 75 76 77 78 79
1,?,????5?7????,25,?6???,69?73?82,9?,14??60??2203,2??5,18?5?,??0???1?709?????1?1
0 1 2 3 4 5 6 7 8 9 10 11 12 13 14 15 16 17 18 19 20 21 22 23 24 25 26 27 28 29 30 31 32 33 34 35 36 37 38 39 40 41 42 43 44 45 46 47 48 49 50 51 52 53 54 55 56 57 58 59 60 61 62 63 64 65 66 67 68 69 70 71 72 73 74 75 76 77 78 79
3,?,6,8,22,66,537,7?3,8288,8450,34963,216745,268118,2830?9,58?820,49338?61852958
0 1 2 3 4 5 6 7 8 9 10 11 12 13 14 15 16 17 18 19 20 21 22 23 24 25 26 27 28 29 30 31 32 33 34 35 36 37 38 39 40 41 42 43 44 45 46 47 48 49 50 51 52 53 54 55 56 57 58 59 60 61 62 63 64 65 66 67 68 69 70 71 72 73 74 75 76 77 78 79
??,??,757,?506?,??2?5?,8?2219?90,1????2??2?6,9?6??4??75?6,99??055????454?5?2?56?
0 1 2 3 4 5 6 7 8 9 10 11 12 13 14 15 16 17 18 19 20 21 22 23 24 25 26 27 28 29 30 31 32 33 34 35 36 37 38 39 40 41 42 43 44 45 46 47 48 49 50 51 52 53 54 55 56 57 58 59 60 61 62 63 64 65 66 67 68 69 70 71 72 73 74 75 76 77 78 79
14,5?,2951778943014,8,65,8588,69,251,351,51987411,73082,21332,786?,2050064245439
0 1 2 3 4 5 6 7 8 1 10 11 12 13 14 15 16 17 0 19 20 21 22 23 24 25 26 27 23 29 30 31 32 33 34 35 36 37 38 39 40 41 42 43 42 45 6 47 48 49 50 51 52 30 54 55 56 57 58 57 60 61 62 63 64 11 66 67 68 69 70 29 3 73 20 75 1 10 1 0
1?2,3,?,?,7????9?32,37?48??1?????7?90,?4,5?????????5,17?????07??44?1,297???5?92?
0 1 2 3 4 5 6 7 8 9 10 11 12 13 14 15 16 17 18 19 20 21 22 23 24 25 26 27 28 29 30 31 32 33 34 35 36 37 38 39 40 41 42 43 44 45 46 47 48 49 50 51 52 53 54 55 56 57 58 59 60 61 62 63 64 65 66 67 68 69 70 71 72 73 74 75 76 77 78 79
2,3,4,5,6,7?8,9,55??5,341,903,9?36,680?6?508?84,2723425071?494?5?53225024?76?754
0 1 2 3 4 5 6 7 8 9 10 11 12 13 14 15 16 17 18 19 20 21 22 23 24 25 26 27 28 29 30 31 32 33 34 35 36 37 38 39 40 41 42 43 44 45 46 47 48 49 50 51 52 53 54 55 56 57 58 59 60 61 62 63 64 65 66 67 68 69 70 71 72 73 74 75 76 77 78 79
??2????,6,???,??,?2???,6??695???????7812,5???0????9?3,?3603???2??9???,?8?69??72?
0 1 2 3 4 5 6 7 8 9 10 11 12 13 14 15 16 17 18 19 20 21 22 23 24 25 26 27 28 29 30 31 32 33 34 35 36 37 38 39 40 41 42 43 44 45 46 47 48 49 50 51 52 53 54 55 56 57 58 59 60 61 62 63 64 65 66 67 68 69 70 71 72 73 74 75 76 77 78 79
2,5,?,????0??10,544,704,77?????70,5?1?1??3,?818??999?689?056??2?,??21??7384?838?
0 1 2 3 4 5 6 7 8 9 10 11 12 13 14 15 16 17 18 19 20 21 22 23 24 25 26 27 28 29 30 31 32 33 34 35 36 37 38 39 40 41 42 43 44 45 46 47 48 49 50 51 52 53 54 55 56 57 58 59 60 61 62 63 64 65 66 67 68 69 70 71 72 73 74 75 76 77 78 79
?099565059,74578025396240,41238902022509568723403?78830252576598890241?171914539
0 1 2 3 4 5 6 7 8 9 10 11 12 13 14 15 16 17 18 19 20 21 22 23 24 25 26 27 28 29 30 31 32 33 34 35 36 37 38 39 40 41 42 43 44 45 46 47 48 49 50 51 52 53 54 55 56 57 58 59 60 61 62 63 64 65 66 67 68 69 70 71 72 73 74 75 76 77 78 79
?????????????5?19458?36?90?2?40984?7?56????55?64??2???9??716???1??97??707??2?367
0 1 2 3 4 5 6 7 8 9 10 11 12 13 14 15 16 17 18 19 20 21 22 23 24 25 26 27 28 29 30 31 32 33 34 35 36 37 38 39 40 41 42 43 44 45 46 47 48 49 50 51 52 53 54 55 56 57 58 59 60 61 62 63 64 65 66 67 68 69 70 71 72 73 74 75 76 77 78 79
?,?,??,??1,?,?,37,?34?,?43??6,??7?770,97???4?7?4?6?93?9??0???49???,??2????????8?
0 1 2 3 4 5 6 7 8 0 10 11 12 13 14 15 16 17 18 19 20 21 22 23 24 25 26 27 0 29 30 31 32 33 34 35 36 37 38 39 40 41 42 43 44 45 46 47 48 49 50 48 39 53 54 55 56 57 48 35 40 61 62 63 64 16 66 67 68 6 6 4 72 13 74 32 3 11 1 0
?8,??6,???,?4???,6??91?5?4,5??00?,?56??2,9??04417?6?,?8?8??,?????7?,????,?9?1???
0 1 2 3 4 5 6 7 8 9 10 11 12 13 14 15 16 17 18 19 20 21 22 23 24 13 26 27 28 29 30 21 32 33 34 35 36 37 38 39 40 41 42 43 44 45 46 47 38 49 22 26 52 53 54 55 56 57 10 59 60 61 62 63 1 8 66 67 68 69 70 65 72 73 74 75 65 1 1 0
6?2?8?????76?46??????6?8??,5?2??????0????87?????????6??22??8????237,746?321?1?2
0 0 0 0 0 0 0 0 0 5 4 6 2 3 14 3 16 17 18 19 20 21 22 23 24 25 26 27 28 29 30 31 32 33 34 35 36 17 38 39 40 41 42 43 5 45 46 47 48 49 50 51 52 53 54 55 56 57 58 59 60 61 62 63 64 65 45 67 68 69 70 71 8 45 1 67 6 4 6
6316809981?3501,2,3,4??,8,42,97,20?5?865?283608?4494??1,6312?96?,1441??2?212?70
0 1 2 3 4 5 6 7 8 9 10 11 12 13 0 15 16 17 18 19 20 21 22 23 24 25 26 27 28 29 30 31 32 33 34 5 36 37 38 39 40 41 42 39 44 45 46 47 48 49 50 51 52 53 54 55 56 57 58 59 60 61 62 17 64 65 66 67 22 69 17 67 17 1 73 73 2 1 1
2,5????2?,29?4?,46,94??1??3?9,942,???6??72?7,?79?5?644??4,6?661?1?5,36?212??6?88
0 1 2 3 4 5 6 7 8 9 10 11 12 13 14 15 16 17 18 19 20 21 22 23 24 25 26 27 28 29 30 31 32 33 34 35 36 37 38 39 40 41 42 43 44 45 46 47 48 49 50 51 52 53 54 55 56 57 58 59 60 61 62 63 64 65 66 67 68 69 70 71 72 73 74 75 76 77 78 79
2,?,4,8?2,2?28?6?30,??98?2?179?9,?4?71,1?06481?9,21?62,6033?,?692??9?,?9,???1?73
0 1 2 3 4 5 6 7 8 9 10 11 12 13 14 15 16 17 18 19 20 21 22 23 24 25 26 27 28 29 30 14 32 33 34 35 36 37 38 39 40 41 42 43 44 12 46 13 48 49 50 51 52 53 54 55 56 57 58 59 60 61 62 63 64 65 66 9 1 69 70 71 72 73 74 69 69 1 1 0
?,??6?7??2?????0,73,7?,3??,378,3?2???1???????4??6??7???10??????0?,?6????,?0??8?8
0 1 2 3 4 5 6 7 8 9 10 11 12 13 14 15 16 17 18 19 20 21 22 23 24 25 26 27 28 29 30 31 32 33 34 35 36 37 38 39 40 41 42 43 44 45 46 47 48 49 50 51 52 53 54 55 56 57 58 59 60 61 62 63 64 65 66 67 68 69 70 71 72 73 74 75 76 77 78 79
?052?0??2,2?,?2???62??19,??1??2,72???28?43?394?16?3?,8??5?3?,?44?79??4????53619?
0 1 0 3 4 5 6 7 0 9 10 11 12 13 14 0 16 17 18 19 20 21 10 23 24 25 26 27 28 29 30 31 32 33 34 35 36 37 38 39 40 41 42 43 44 45 46 47 48 49 50 51 21 53 54 55 56 57 58 59 60 61 62 63 64 65 66 67 68 19 28 24 11 4 23 5 4 17 16 0
?,?,??9,??3???,1???34?,78??43??7,????337??,???8??????8??7?2?7,???????8??????950?
0 1 2 3 4 5 6 7 8 9 10 11 12 13 14 15 16 17 18 19 20 21 22 23 24 25 26 27 28 29 30 31 32 33 34 35 36 37 38 39 40 41 42 43 44 45 46 47 48 49 50 51 52 53 54 55 56 57 58 59 60 61 62 63 64 65 66 67 68 69 70 71 72 73 74 75 76 77 78 79
1?6,?7?7?,?5?9???6?,3?08,30???,?????,9?5?6???297?,??8???,3217???,?470?11,??774?7
0 1 2 3 4 5 6 7 8 9 10 11 12 13 14 15 16 17 18 19 20 21 22 23 24 25 26 27 28 29 30 31 32 33 34 35 36 37 38 39 40 41 42 43 44 45 46 47 48 49 50 51 52 53 54 55 56 57 58 59 60 61 62 63 64 65 66 67 68 69 70 71 72 73 74 75 76 77 78 79
6,6?3,725,54?5?24,36994296,62203?7378262499?2,7703054?06,??40,92?28,9578?9814031
0 1 2 3 4 5 6 7 8 9 10 11 12 13 14 15 16 17 18 19 20 21 22 23 24 25 26 27 28 29 30 31 32 33 34 35 36 33 38 20 40 41 42 43 44 45 46 47 48 49 50 51 52 53 7 55 56 57 58 59 13 61 62 63 64 65 8 67 68 69 70 55 5 5 3 2 76 1 1 0
?,?,6,?,38,?1,70,??5,???,???6??,????022,?1??4?8,3?4?4222?,1??7868?09,2?5?5?500??
0 1 2 3 4 5 6 7 8 9 10 11 12 13 14 15 16 17 18 19 20 21 22 23 24 25 26 27 28 29 30 31 32 33 34 35 36 37 38 39 40 41 42 43 44 45 46 47 48 49 50 51 52 53 54 55 56 57 58 59 60 61 62 63 64 65 66 67 68 69 70 71 72 73 74 75 76 77 78 79
1??,???8,?5,?0?8?,8?,9??14?,2??,??6?????537?,?67??,?1?11,?96?7???,1??69??8???1??
0 1 2 3 4 5 6 7 8 9 10 11 12 13 14 15 16 17 18 19 20 21 22 23 24 25 26 27 28 29 30 31 32 33 34 35 36 37 38 39 40 41 42 43 44 45 46 47 48 49 50 51 52 53 54 55 56 57 58 59 60 61 62 63 64 65 66 67 68 69 70 71 72 73 74 75 76 77 78 79
1?,29,61,70,?24,1?395825,661?974??,53784387??,935?797667,51874883?00,95?4??27154
0 1 2 3 4 5 6 7 8 9 10 11 12 13 14 15 16 17 18 19 20 21 22 23 24 25 26 27 28 29 30 31 32 33 34 35 36 37 38 39 40 41 42 43 44 45 46 47 48 49 50 51 52 53 54 55 56 57 58 59 60 61 62 63 64 65 66 67 68 69 70 71 72 73 74 75 76 77 78 79
2,3,4,5,7,9,12,32?58??32,86485,275,788,2581,6929,4629?,6898213309676221,16459029
0 1 2 3 4 5 6 7 8 9 10 11 12 13 14 15 16 17 18 19 20 21 22 23 24 25 26 27 3 7 30 31 32 33 34 35 36 37 38 39 40 41 42 43 44 45 46 47 48 49 50 51 52 53 54 55 56 57 58 59 4 61 33 16 34 32 66 10 68 7 3 71 72 73 74 3 2 1 1 0
????71??3?661?14?69?48???805481,207,85????96?????6??59?3?1?22??????74??2??4?7?66
0 1 2 3 4 5 6 7 8 9 10 11 12 13 14 15 16 17 18 19 20 21 22 23 24 25 26 27 28 29 1 31 32 33 34 35 36 37 38 39 40 41 42 43 30 28 13 47 48 49 50 51 52 53 54 55 10 57 37 59 12 32 62 63 64 65 66 67 68 34 4 4 32 73 74 3 2 77 1 0
3??39?5???????46,1??12???????4?1?????0962?????,??21?3791,?0?7??,??4???8?1??????4
0 1 2 3 4 5 6 7 8 9 10 11 12 13 14 15 16 17 18 19 20 21 22 23 24 25 26 27 28 29 30 31 32 33 34 35 36 37 38 39 40 41 14 43 28 21 46 47 48 49 50 51 5 18 54 55 56 57 58 59 60 15 5 63 64 65 66 67 68 69 70 71 2 3 74 3 76 2 1 0
1,2,3,4,?,6,?,8,9,??,32,51?6?,??,70,74,87,90,98,?94?723?916,?749,6?54,7495?5479?
0 1 2 3 4 5 6 7 8 9 10 11 12 13 14 15 16 17 18 19 20 21 22 23 24 25 26 27 28 29 30 31 32 33 34 35 36 37 38 39 40 41 42 43 44 45 46 47 48 49 50 51 52 53 54 55 56 57 58 59 60 61 62 63 64 65 66 67 68 69 70 71 72 73 74 75 76 77 78 79
?51468522238630?0,??6?01,?34,?8,2950,920?33488?5?65,4881,8326??26545,?66?777407
0 0 0 0 0 0 6 5 0 9 6 1 4 0 14 14 16 3 18 19 20 1 12 3 24 25 26 18 28 29 30 31 32 33 11 26 36 37 38 5 40 41 42 43 3 38 46 47 48 49 49 51 52 53 54 55 56 57 58 59 60 61 62 63 64 65 66 35 68 69 70 71 72 12 14 41 76 22 4
9?0,?15??5??59????4????8?6??4??8???116?????9??1?3??????,?72???????51????2???5?0?
0 1 2 3 4 5 6 7 8 9 10 11 12 13 14 15 16 17 18 19 20 21 22 23 24 25 26 27 28 29 30 31 32 33 34 35 36 37 38 39 40 41 42 43 44 45 46 47 48 49 50 51 52 53 2 55 56 57 58 59 59 55 62 63 64 65 66 67 68 69 70 71 72 73 55 3 55 1 1 0
???2??4?0????????03?,??2,6???3,8??,651????70???7???,7?278?8???2???57???28??6??1?
0 0 0 0 0 0 0 0 3 7 1 11 6 13 8 15 8 17 18 4 20 21 22 3 24 25 26 27 28 22 30 31 32 30 34 35 36 37 16 39 40 41 42 43 44 45 46 47 48 49 50 51 52 53 54 55 56 57 58 59 60 61 62 33 64 65 66 67 17 27 19 7 17 24 27 6 5 11 7 0
?,3,9,17,18,51,?3,94,2?4,?1?,9?2,10483,??9?1,66766,?18?708?2,5??7?22?3,?1?77??3?
0 1 2 3 4 5 6 7 8 9 10 11 12 13 14 15 16 17 18 19 20 21 22 23 24 25 26 27 28 29 30 31 32 33 34 35 36 37 38 39 40 41 42 43 44 45 46 47 48 49 50 51 52 53 54 55 56 57 58 59 60 61 62 63 64 65 66 67 68 69 70 71 72 73 74 75 76 77 78 79
4???91?605????9???024??6?8595??????93???268??,?488???????556???6?4???7?5?0???54
0 0 0 0 0 0 0 0 3 2 0 11 8 13 2 15 16 5 18 19 6 21 22 23 24 2 26 27 28 29 4 31 32 33 34 16 24 24 38 39 40 41 42 43 44 45 46 47 48 49 50 51 52 53 54 55 56 57 58 59 60 61 62 63 64 65 66 67 68 69 70 4 34 4 74 75 76 77 8
1,8282?152590437131554525732022222,914?2?9909?58680146984?1895038?9??63172397??4
0 1 2 3 4 5 6 7 8 9 10 11 12 13 14 15 16 17 18 19 20 21 22 23 24 25 26 27 28 29 30 31 32 33 34 35 36 37 38 39 40 41 42 43 44 45 46 47 48 49 50 51 52 53 54 55 56 57 58 59 60 61 62 63 64 65 66 67 68 69 70 71 72 73 74 75 76 77 78 79
1,6?,?1?,?20,??4,?555,2?986??,5?3?97986,?682?6?8175,?42961049?85,610?12?9?6???54
0 1 2 3 4 5 6 7 8 9 10 11 12 13 14 15 16 17 18 19 20 21 22 23 24 25 26 27 28 29 30 31 32 33 34 35 36 37 38 39 40 41 42 43 44 45 46 47 48 49 50 51 52 53 54 55 56 57 58 59 60 61 62 63 64 65 66 67 68 69 70 71 72 73 74 75 76 77 78 79
?,4,7,?,??,21,?7,?4,2??,15?4,??43,???0?,?3??57??98,??,?2?,???,9?2945,??,?9????93
0 1 2 3 4 5 6 7 8 9 10 11 12 13 14 15 16 17 18 19 20 21 22 23 24 25 26 27 28 29 30 31 32 33 34 35 36 37 38 39 40 41 42 43 44 45 46 47 7 12 50 51 52 53 54 55 12 57 58 59 59 61 62 63 51 65 57 1 68 69 70 71 72 73 74 69 76 1 1 0
???3?1?,9??4??5?,9352????9688?9?8???5?,68?115???54?063?1??0??19291???57??8??797?
0 1 2 3 4 5 6 7 8 9 10 11 12 13 14 15 16 17 18 19 20 21 22 23 24 25 26 27 28 29 30 31 32 33 34 35 36 37 38 39 40 41 42 43 44 45 46 47 48 49 50 51 52 53 54 55 56 57 58 59 60 61 62 63 64 65 66 67 68 69 70 71 72 73 74 75 76 77 78 79
17??3??9?7?9?4??63??132,34???,?1???????,?86208786,?1?????071,7?9599??50?14??9?7
0 0 0 0 0 0 0 0 8 3 6 2 12 6 14 15 9 15 18 19 20 21 22 13 24 25 26 27 12 29 30 31 32 33 34 35 36 37 3 39 40 41 42 24 44 45 46 42 32 49 50 51 52 53 15 55 56 57 58 59 60 61 62 63 64 65 47 42 68 69 70 71 25 73 74 5 76 1 5
?6??3??31???,137???96,5?8,?83?731??,??8?7???22399???0142?9??0,?1?,2???92?6?1??0
0 0 0 0 0 0 0 7 0 9 2 5 12 13 14 15 3 17 18 19 20 21 22 23 24 25 26 27 28 29 30 31 32 18 34 35 36 37 30 39 40 14 42 43 44 45 46 40 22 49 50 45 52 39 54 9 56 57 58 45 60 61 62 63 64 65 66 67 68 69 14 71 56 8 18 75 4 1 3
?4280186,881,?3??,?,307,81,?71?,?56,176?,?882,58873?3303428,9,18,1?0,49?3,??297
0 0 0 3 3 5 0 7 8 9 10 0 12 13 14 15 0 17 18 19 20 21 22 1 24 25 26 27 28 29 25 31 32 33 34 35 36 37 38 39 40 41 42 43 44 45 46 47 48 49 50 32 52 53 40 38 56 56 13 59 60 61 62 63 64 65 66 67 68 69 70 71 19 73 74 75 76 7 17
9,26,?718?1,2???839,8?661??,?6498??0,44???23??,3?1?466?5?9,90?1??27?37??6?48?934
0 1 2 3 4 5 6 7 8 9 10 11 12 13 14 15 16 17 18 19 20 21 22 23 24 25 26 27 28 29 30 31 32 33 34 35 36 37 38 39 40 41 42 43 44 45 46 47 48 49 50 51 52 53 54 55 56 57 58 59 60 61 62 63 64 65 66 67 68 69 70 71 72 73 74 75 76 77 78 79
4,?3,862,2?0?6,??951,55769,134?5?,??3???6,??8??761,67?09?81,6?491052??67?3?7?371
0 1 2 3 4 5 6 7 8 9 10 11 12 13 14 15 16 17 18 19 20 21 22 23 24 25 26 27 28 29 30 31 32 33 34 35 36 37 38 39 40 41 42 43 44 45 46 47 48 49 50 51 52 53 54 55 56 57 58 59 60 61 62 63 64 65 66 67 68 69 70 71 72 73 74 75 76 77 78 79
?6??5??3??9?35?????4?????42?10?3??8??7?7??7?3?42139?57?????5?70?0?7?5??22?4?10??
0 1 2 3 4 5 6 7 8 9 10 11 12 13 14 15 16 17 18 19 20 21 22 23 24 25 26 27 28 29 30 31 32 33 34 35 36 37 38 39 40 41 42 43 44 45 46 47 48 49 50 51 52 53 54 55 56 57 58 59 60 61 62 63 64 65 66 67 68 69 70 71 72 73 74 75 76 77 78 79
1,?,?,4,5,6,7,?,9,1?,?7,43,?3,??,??,??,6?9,7??,???,1???,356?1,5???5,7763?,?98??7
0 1 2 3 4 5 6 7 8 9 10 11 12 13 14 15 16 17 18 19 20 21 22 23 24 25 26 27 28 29 30 31 32 33 34 35 36 37 38 39 40 41 42 43 44 45 46 47 48 49 50 51 52 53 54 55 56 57 58 59 60 61 62 63 64 65 66 67 68 69 70 71 72 73 74 75 76 77 78 79
8?21693542978?31?4?4874,4?,56,83?5?3?,408?3,4817,49?462741921443?,?6?,?08,813?8
0 0 0 0 0 0 0 0 0 7 2 7 4 5 8 3 5 4 9 19 20 21 3 23 24 25 26 27 28 29 30 31 32 33 34 35 8 37 38 39 40 34 42 43 44 45 46 47 48 49 50 51 52 49 54 55 56 38 58 59 47 27 62 63 1 65 66 67 68 69 70 71 72 73 74 75 76 10 9
?24?3674???,5487?5?,7?78537253?0????78?,?9??3,?88?0,9??8?6?2392?1363871?91,269??
0 0 2 1 4 0 6 7 6 9 10 11 12 13 14 15 16 9 18 19 20 21 22 23 24 25 26 27 28 29 30 31 32 14 34 35 8 34 38 39 40 41 42 43 44 45 46 47 48 49 50 51 52 53 54 55 56 57 32 59 32 38 15 63 29 17 12 67 68 69 70 18 18 6 74 75 76 77 1 0
?85?3?27957881926770025577602??862,355835425??482452?78177799839575055?215751333
0 1 2 3 4 5 6 7 8 9 10 11 12 13 14 15 16 17 18 19 20 21 22 23 24 25 26 27 28 29 30 31 32 33 34 35 36 37 38 39 40 41 42 43 44 45 46 47 48 49 50 51 52 53 54 55 56 57 58 59 60 61 62 63 64 65 66 67 68 69 70 71 72 73 74 75 76 77 78 79
?367814593653?573?971?,??69,???,19???7821??,?4?,?27?799??6003??,9078?93?248???4
0 0 0 0 0 0 0 0 0 9 3 6 12 13 14 15 16 17 18 19 20 5 22 23 24 25 25 27 28 29 30 31 32 33 34 35 36 37 38 39 40 11 6 43 44 45 40 47 48 49 50 51 52 47 40 55 56 57 58 59 60 42 26 63 64 65 66 67 68 69 70 71 72 14 74 75 8 1 8
??,36?5?7??????9?19??48???2????2???,72?60?6???7????74???7??00?09?4????4?1??019??
0 1 2 3 4 5 6 7 8 9 10 11 12 13 14 15 16 17 18 19 20 21 22 23 24 25 26 27 28 29 30 31 32 33 34 35 36 37 38 39 40 41 42 43 44 45 46 47 48 49 50 51 52 53 54 55 56 57 58 59 60 61 62 63 64 65 66 67 68 69 70 71 72 73 74 75 76 77 78 79
1,4,6,7,8,43,655,785,866,?3?58,?7567,?18747,19586334,34773031,37??2428,655042878
0 1 2 3 4 5 6 7 8 9 10 11 12 13 14 15 16 17 18 19 20 21 22 23 24 25 26 27 28 29 30 31 32 33 34 35 36 37 38 39 40 41 42 43 44 45 46 47 48 49 50 51 52 53 54 55 56 57 58 59 60 61 62 63 64 65 66 67 68 69 70 71 72 73 74 75 76 77 78 79
?,4???6,7,?,9,3??60?73?8????,8?,?7???27,8??,?74?4889,??9??6?09??7????????9?0?27?
0 1 2 3 4 5 6 7 8 9 10 11 12 13 14 15 16 17 18 19 20 21 22 23 24 25 26 27 28 29 30 31 32 33 34 35 36 37 38 39 40 41 42 43 44 45 46 47 48 49 50 51 52 53 54 55 56 57 58 59 60 61 62 63 64 65 66 67 68 69 70 71 72 73 74 75 76 77 78 79
13?42??9?,5???92??8??2???009??,????3?7???4??7??????4?1?30?5??9?55??4?23?8???3?9?
0 1 2 3 4 5 6 7 8 9 10 11 12 13 14 15 16 17 18 19 20 21 22 23 24 25 26 27 28 29 30 31 32 33 34 35 36 37 38 39 40 41 42 43 44 45 46 47 48 49 50 51 52 53 54 55 56 57 58 59 60 61 62 63 64 65 66 67 68 69 70 71 72 73 74 75 76 77 78 79
2,?,5,6,?,?,?,3?,52,7?,?3?,?487,????,???3?,8078?,??????,6?2?7?,??35??1,1???86?88
0 1 2 3 4 5 6 7 8 9 10 11 12 13 14 15 16 17 18 19 20 21 22 23 24 25 26 27 28 29 30 31 32 33 34 35 36 37 38 39 40 41 42 43 44 45 46 47 48 49 50 51 52 53 54 55 56 57 58 59 60 61 62 63 64 65 66 67 68 69 70 71 72 73 74 75 76 77 78 79
862?,8?6351?6?7,92876,6,7,91,9????9,78,377?655,821?024?634?5,68578,334?43,7?8?1
0 0 2 0 4 5 6 7 8 9 0 11 12 13 14 15 16 17 18 19 20 11 22 23 24 25 26 27 28 29 30 31 32 1 34 35 36 37 38 39 40 41 42 43 44 45 46 47 48 49 50 51 52 53 54 55 15 32 34 59 60 61 62 58 61 65 12 67 68 22 70 71 72 73 74 75 34 77 1
?,?,?,?,?,?,?,?,?,6?,??,?0?,?9??,136??,?3????,41?13?5?,8????5??71,?93??24?7???1?
0 1 2 3 4 5 6 7 8 9 10 11 12 13 14 15 16 17 18 19 20 21 22 23 24 25 26 27 28 29 30 31 32 33 34 35 36 37 38 39 40 41 42 43 44 45 46 47 48 49 50 51 52 53 54 55 56 57 58 59 60 61 62 63 64 65 66 67 68 69 70 71 72 73 74 75 76 77 78 79
