1,2,3,5,6,7,8,9,10,12,19,35,43,44,45,50,60,62,68,124,127,200,556,628,635,690,970,1731,7830,13103,642089,669106,690250,2007157,8482001,8540000,20857000,290103000,702500263306533100,67620500170770010700
9751311112860,0083,16341,7603219,08,181,700102,150,740,6300287820,146,10553,35012,105311,73800,4005,600005,158504440,80700,150065,88,108970370070670,12000004520,13865,590009,17003404,905410031,730700
5,10,11,12,108,900,1007,1008,1009,8516,19030,179580000,179580090,1300007607,300400727600,10000000203000599110000390,2040001380050000063210136067000520,3000001300970006000080000008500040000060000900330
1,6,106,101082,704050,1004012,1008156,502081019,2010070900,10008420001,500010501013004,10626050003700007,48508809000500630,5000000000005062341,540700000810001600314811794130010000000303010501000006000
1,2,19,26,35,103,675,676,1090,8009,10000,11100,104800050300,100060000080007,152060640007000080,1000000080000601010,1000300006000400030004,10300008016080350130300,10020000370000009000000802030010800005
1,2,3,4,5,6,7,10,206,500,509,4800,5609,13000,6001230,7060000,1022000003000000,100000006000061303000080820004000,7080040,9880780,80001500,1007000788107010605,86,190,8808,26090,150,250605,13,1004,290711
51111938418593601,10,21,10,40,141,680,1000083090767,17,2,19,1987,89,760,1740,7014,7892,20003,4000000,6620212,104307,10722048,703672298107,8000,75013002,605,9708,22090000050,962302,9000,46034009058660
2,3,4,5,6,7,8,12,27,39,40,90,91,162,956,5191,8840,79218,1854812,1867083540,277533,37145066603,7505150,80068004498177,82600753102347,409510,6898520,5355255480,80798559,201,910325,40,8001126,37888149513
384569172653448336903161709159806828833,804,3667,13306,98773,9543539,466,1355,6056,9039,19593,7504470,437601,709476,2949589,5081988,5731652,15250864,1323238517,37507,620,664,1902269999185,3072,626640
15371129380103,28680021140,690,25768000,7,408201004,8743,7,16,1007,2,50,1009,5000,40006,704,700004,49083700,109060,1052236,17406211,1744009703,970080,124006720507,1303,39000,10000038702,904,16800,110
17,37,349,350,900,1000,7000,440700,4000778007,80009000250,3000000030000,802000003300005,5001691020006049,5450920000680408,7900154600508860087,170027000150569207062,833000600630000040059908008706200060
112,14614031,116,177,7060,5,6,7,10,3539,206,240,2884627000,1002380096,25927060,900003600,15990505,602003,198275071000010,96206000,400018700,14730000721364040904801940,7040,101773,1090804096220,150005
9,6509,8308,8652,83087,452431,524091054,10888800361,701999006940,801109863041,1480942065160,273423624040920,909009144542108828182470580,423077487,1324215,21056051,345,980100982,3301,8420,275888853014
1,100063,4031,3,4,5,6,30,70,97,100,108,140,1010,7208,10000,100000,100007,800053,800005000670000500,108505000,3000009,13940071,14290900,90530010800410088,120600000,192,118100,18000,100,530000,200699301
963127115,0,,0085206569000003,590091961028,80,13300,101,10,1110,149214,2608000,202056084,4070,4202097,577001025,4900095000527560000008231250,68,74,506600,283190005,48200,300490412,1440,4044,109014243
39121187101,520,543150,966,6069,6700,230100,600,6677,400008,798000,2706597,271001000040,13001058,154600,232207,2704051206980003,801070,1007000,1918099,5700100,70608762,35000040,9290,119004500,4822708
111102100,,,88349510,1,940,100,5,60,60010,9,1609,280900,130,10501,2,104023,100,9000012,100804,5,5,1100,14057,90930714,166,19095,5000,5001,805010,1070697004000,3900000,3008,103010400502,1800,580601029
41501,00321,22,909,10001,25,10029000006,38,107,14,700100,1500,16017304,55,90,100006,7007900000,10400168,8070,10040,11020,600051,9007000,120980000,120984000,10000000000000,7900000000,12000874,3700,980
51428316190,70094000324552330707519666154300,1020121030,98,13,8,3033,12,77779,279,10834100,1725665,49150,2692080,1198040,69446,800278,19938900,1386000,13100817,99033820,124014110,18630000877,46680710
712198143000009210703310601,4,1,90133,10024610,1000,50,14174,306,1004,1000602,610,902,3450261,10070,410,830,176019,80055602,187030500020,64698001080202160202044,10190500,89050400,17083660763040004536
2,10,180,1000,4620,4660,10000,16510,100040,940030,1005820,10000069,10053860,100900051,900070622,8030000500,140014000100,1700089000560089,44020910406009406,503550800001400902805,10660000042070408900040
8764640961407645152760919959847,30889,21,45,6646,3,4,5,6,36,9188426485,7209284341,4,7,520,2085,920807280,165555710,9680519073974,46503163321800,5710,5057531752575,106,4242115043641219,77365,3880810365
1,2,3,8,32,85,340,5541,7870,59482,95676,582325,6047310,698443854,52310884714,8694299140221,18576216447157,9282051892908902,26070617261296970814522,761642364161744490512401,7020562105087541624369951765
2,3,6,9,10,15,16,469,920,2000,2004,2209,11008,18018,51000,60257,60600,64034,64900,98306,158334,400004,1682004,5130509,109010008,10004029200,100369000310,8000004800716,60080001080509,250074200003062008
653,80370,7861465,57950078704,370676695585976124,991586010967290020,1369408847101061639044020196411,3694354092485446396830872069692183818,94069015088566006718526649497070208310070040766437401275106006
207,1070,1400021,3,4,5,6,50,80,812,3,4,5,6,7,8,9,33,34,70,904,8050,10005776800000,3008000027670637,1704706083880,2000050085903032001508,348,3588,170,1510070602006254931035,3010,190810,9002,51070600071
1129009708,96,70389,170,1350833460,4,7,94,10500,20,53673,7002,10,231305,6,1053007,33,505,7075050,6500203,1625,1090030906020780,25,149,212,7470001,220000,5598000,90024,1000000735,900748053,10014200274
2,37,51,3076,66131,437634,3062548,798222963,8634117520,712378830471,469502667452863738,8493703603204586090,407240230003203702064400,153674673608811329752222450000,9170866639249052472300578140152801007
4,7,48,259,307,521,590,998,54037,58535,61810,90101,6423002,6435663,8310828,29182410,70300353,89620820,810070314,76608540722,602288531076,749314066047301,3757080399003091050070,151900211006407626700020
7312849563457590126993117038,60000469,2,440080,560961467,20300604,997004,255019,505870,207,5232,8053,130,198,1372,954060,120,1123820,31125,52430,300323100748814002,9736,60724409,1733606,1509,54520006
1,2,3,5,6,7,8,9,10,11,17,30,32,33,34,100,302,303,875,1006,1034,2005,2374,2384,2400,2401,2700,8020,76010,76704,300716,301690,1000010,2003100,2929306,50000006,150479000,1000000040,1100070906760200980063
21198511130,,63072000002370,2,60050,7902,0,7,10000,10,11913005226,100,1000,5000,5700,90301,30425003,8,9,950,3043,1209061002,10809,3865098,1000,130090,70281,70282,1002090,10740,114085,1040009026900034
1,2,3,7,8,10,600,672,673,1400,101000,104000,1030050,1600880305007000,4015000300104604,100000008050702000,10734104000090000005,610004209530209540030,1407050457000000000000,94800001055402000203000002050
2,5,6,7,8,9,15,35,40,45,49,58,85,180,687,715,1508,3973,4044,4909,7428,87669,139072,408803,6369406,7103004,9540440,28667186,52029559,8143090425,63021307191,850374229203,6759991617638,806547619095417850
7,692,1501,41195,431978,920170,1006600,917209480775,1103839048103142,4679762758550029524353900046051130301,2051053085331,62125298740958115072,15506,505503,680404,6055003,9585258818850,96,487,927471004
6,171,40,65,107,170,7019,4200601,2,3,4,5,6,7,8,9,11,33,64,27909181570,18330,409,25366,50799088,98040,153804,13241800324,3670,7008,10850,98805,6174041384190,117,419,658620282183,297605484010026,4448541
9101016077,901,6271,1101,1005,1004,10501,100017023,200,1462000,2,3,4,10,19,23,1002,3,4,5,6,7,9,19,20,21,40,70,7129100,101000,1800,10210,100950290,10240,1300404,1076003,1076042,36001090050968030210005
1,2,3,5,9,48,53,61,109,208,500,561,976,1300,107147,811073,3050704,4580600,11046250,50030040,160000128,10830500005,305940202773,360351640823395,1827900820006099,87294070053002630,6008600000600070086057
857,1200,8551,10020006,11,14,18,60,73,131,134,6666,128667,130032,87600600012203600945,10005300890,46007420086,100206,9739679,387098310909204,311000080,1889582046363252,208500040,7620801907091,13774601
2,4,5,7,8,9,10,30,35,222,405,413,500,507,557,1707,1800,10000,16440,16480,23000,31120,31212,270018,332600,8000092,8008057,8796270,108002000,5200009000,9109660049,16000158520,109845051000,14400033900000
7,9,11,70,90,200,270,826,838,8036,9702,28004,175306,1030542,80903000,860727007,104098808195649059320,650,6000,5200003,3004,36883,220,440,455074,10017090,880396770,6010061991,18090,22500676597870700010
84317961200087563339,78,2825620,6229,5947,552,8298,920,10911,108518911,3431,24657,233418,179076485,4038,5866,89409101,2324705,586,76914,460,515,811,20927,9908,10802,73210,267617,39215923,8048,4822553
2,3,4,6,101,1804,16001,30770,80007,100890,271000,860272,867700,10003804,4000030121,8000040556,1070830100060300,10200035071007380526,160703500007770040186,1420901095050000000909,48004460480808102150808
1,2,10,12,30,98,829,18400,78030,100006,170030,7000020,110000501,119005303,70200000000,100640306380,1984000200004,105090205000003,1302000009006000600,100600600012000006000185,10710900038020010000000502
1268319580400530,607017741419,1536998930314504,325384500578,47504,832,7622,6870683308,507782,95,173,4375,106223199025,1116065,2099,706705,70280950,148490,391626,29151000,4492030,6060175596,9840809085
2,3,5,6,8,10,40,60,61,103,471,472,473,530,560,561,1000,200666,207200,800725,10790030,11402700,19004060,134007000,134050000,1007920030,11100500009008727,10,703,109,10400507,73,130002600634,36,190,10401
95315,191656600740848,594,60219,399605,2,5,8,9,94,400,7902,8,53,197,300,7235,18504064,824,19980,258012,4006656247,8800,831000,49442217373,70161,631612,583,1841,4660,7706954,2753,3508,648600045993,242
5487055121429252,909,960656110,11,86,7923902988684769075669868098132,79722236010,26701,786,7318760,67540043442,423,3240,6149,8651,71589,223848,520268,806023,2013149,1290574629,998,964846,947552388435
46195113800037079,008,6946140693849,8209,6488240,10500,107,204,300011,3883,68104,30501600,170,5090380,2460,20794171,616,1543086,9070,183051,380005,5408000,8153082005,23133357,6095,5420,90930646011108
439251618959142805293414659202804532526,2673,568,3232,7879,53389,355814,641089,688229,2807433,7640133,67135150,2900,755,390004,69506544,789878,2701651,82733091,31471060914885,338891,6743974,546941558
60,100,102,190,198,2059,8001,10000,10070,9433150,14000103,50000310,50070004,80313407,93000000,466928009,10089200271,109001003651002,30015650406170000,104430604400036047905,2912002900220004500959000000
132115710004600,310830908307,1084,89,1217709,1902030002500,9,4500,69800,3008,7000000,10900000101006207,9410,170120,1701656,61,240951,607210,7941744132,5034,30400404,9750010,82,30401,30402,30495024090
800,10240000,23008001,1000243039,2080100520048001,2,3,4,5,6,7,8,9,10,17,30,31,32,33,65,66,80,100,200,216,217,240,1100,4900,18000,18001,107004205010420,7010,13,100,190,600029,190,1004,500000062,8000002
2116734110,00403593600,3,39000705000500,5048476,27,30,31,390,701,730395,18843,37300,4000057,48025,48800,504080,1600100,250041005050,300,822,7800,21,2340,1310010,1590,1591,10005355,3570636,77302382010
82,10,111,3009141,2,10144,5,990,4,5,100,170000,6,160,744,103005001,2,5,8,9,10,11,80,306,384,86062050086,148005524,1008000540,8005000811,590459800000,10606,10614,160020109,10229002500640000700016,17101
11111115680,05000,4,400,90,1573,40,41,4000150906,1100220,11007,904,606007,100068,300,802,1000,100130,329,331,907,1000,100406915000,100000,703000,740400,1607000,16076704,359502005023000,19000,11002660
3,4,5,6,8,88,739,900,6612,9868,24020,42146108,254945857,267140076,520646070,9845104275,54372890593,63740430139,89530169623,825000529158,256764503568726,544066689151278,854106478441669,3922090879932421
92111041711309801190,611030,10983717520904009,3,7,630,12080020868,29512,3465707,9080088,639530058601050,590004,3308375,24910073709,1245,22677,94070,9017040004,850087565810800664850,174063084509,608045
75811924110,,701,474,8197304810,108,964935,614,781,84335,6053,3190480,8370750,1208600,58008,10079529700,3850605,14079,554,1194,13365,6614,66150800644060,4144,1018000,29709870000170378,74041020155,929
371070,80000673,1580050705,1847746430702,7500357603455,1323844420009306802,3546324170641080033300090010084100918009041000797203260895040750304830087082,54080106274,8133807009603,1969718,50531650,17045
2,4,8,9,286,4907,8589,70056,500130,4301066,72010000,100405550,70015300002,6003600747900880,54800009070906311,906474880048005110000086100460010829,250,25770760009,159650020164,190,191448,63403715655509
2,3,7,8,9,18,19,26,90,100,175,176,620,2000,2038,2496,40000,100000,100200,1840700,2511501,106001900,204007000,770109901,7062500005,138000008004,11003601000512,17020000241101016605,170112299532446020567
1,5,6,8,9,20,30,101,500,107000,1331836,2300450,50008009,40007710309,50005100440,1200300020005,40610111002608,45400000006028,6003790230408607,100300006620842690109000,6005100060612800705009000000310160
18196936947111587308376997,952916741839662,1749216,830958,31880779,41680839,315640543,115253000737000470,68738826,40565065383,6751903,15153,6672,509323902867864765620791634432,51420,164763,1033138409
111610110818025,02,122103,53190900040001016057,10700,17986,,680,209670500017,1000,647090,116860,20765400005051913750,70200,500080,501057,5501035,176009099002054900,3010061291906454020,200,2710,1050267
6,2635,2642,55628,914673,7,8,19,354073,5213613821801,2,3,4,5,7,8,9,78,2702,57495,119,7893,5916929,670996,269832933,295,379,276815,57111314,138694542,3750,48931315710,9134,915502595,9300184,2501443824
51114779150598018008693,8,40,2,1782,8879,4693,30071,1005876,150939530390,3,5,6,7,9,43659,64,402,30098,5,9,50,58,3608,4002,82702801260,191,10080,860685,67011060,144,335,9309,152,703,1070,306000,122007
1841040702360337060000000200060007180000001200072,187302840033290600000900207401402223409040064004010801040080006300002706204,85,4900000,184960000777000,1003604009720490070,5800382536480700000009,1001
65104101,401371960030999604,36871,4,7,1022,2,8,9,100093,4,6,7,65,11043878,229066,100707263,64,270,1275,1276,205008000046,407505,510,1090,6840,7602,80073,7074005,110,60058401,740679,1907040505,34406405
51411138245,24141,5,20406954,190,4004,11290,20773,24211,3015408,2008075,4024038,36000,4402010,209150,270090850010,254700,2547078,71820,94457,6041034,857,93985100,5601,110340,750563070080609803,96,700
340132110,704,31,798,57,1906,13,507,2,7,9,17,188,620110,197,57004010690,13641064801006748306,7,8,9,38,60,68,120,270,357,380,1205,11401360498,1840,47,3219,62903009,5205,909402,5089,44605,5009440806409
1,2,3,4,5,6,7,9,11,32,45,60,106,208,408,706,807,1410,2330,3240,4874,5271,6107,8020,8400,9376,43197,207040,8022705,12001337,442003043,4430607621,2319730210078,8956598702195,1650701440420647812153889010
1,2,3,180,13544709,100042003008000000,1784059000700603008003000,3000000081275000060080,3309560706050002036009,170020077209009708966004,50801970000830,1750000000126338310940086,960183,170010,11,7935851
1,3,4,5,6,7,8,9,39,40,41,403,405,7531,7536,10030,62767,100930,1000006,1400560,7000000,7000100,310003003,311102000,600084707020,604075300060,2002811000005,1804000001000005865,10003006040080203005007009
1,2,3,5,6,9,14,20,88,400,401,419,510,920,2130,4130,7076,10331,13000,78530,79095,1080050,3870910,4207704,6008004,6808210,6809034,2750050070,700193001557,26200000000680,6600089720008962,9020050080564630
4216290933801,193,20,104040,7305008,900,10068,1649120,12901090000,800001,7000050,8050000,9464006105100100,908000,464000005703,100901001000706,20501600149350000000,1084030,1900070201572,53451007901000
2,170,1008,10020,6090379,6099000,6150600,6151300,56907000003,635030000143,2500105000110,1006000018400300,80807060400590004,1200038080000003350,1209230414038002007,4007640990224600960090000001148550000
1,107,16010,1808068,170900705900300747125459,331000399300778282520997,1048050000196080308200330,1961810490950870800080900,100444832133075000590795491394,10666000070803554913002800900093600088036040390
151107,90606030,4010,9,50500196503,100,3,7406,1710,72,70,12,10010220271,83436,20030100,100004,10,1008,2,301,80030,3100001,1009,50066,1307,1316,1020003060215700,20006,16730000,5004,14010,4480850100500
1,2,5,8,9,10,36,149,164,239,303,348,445,630,834,1775,2131,6929,9116,9670,17453224,45424295538333,12489272406833,27743,115256,602020420,9634350,934,10007,9832148658078,88,695,79806,3685,964649793733989
48563537,732095274719116589402,61071030319801983721832119903256868962815098118582687099011236015903395,1968276770359370282718925049350142992760900904102395407991847463772171263978390729288189383230721
1,2,3,4,5,6,7,8,9,21,22,50,53,80,89,90,100,101,383,500,580,1611,1678,6200,6204,7405,7870,8000,40860,53005,54000,203350,207870,1040000,7800019,7870045,8220100,70483014,710016001,87604640045,97728001900
1,2,3,6,9,33,49,66,69,81,260,447,551,1640,2513,4232,5831,9264,95037,185258,972542,7566917,38176873,68737782,385222843,3205490238,41536529599,84846084720,7473387669933,195767901777953,69685331119709157
11401051,3532,429,209041,660,890065051,8025,7,580,33205210,71103,10,80060,1060702206,7,8,10,20,215,1955,5002000,460652730055690,6000834,10610,849,3080,22230,22751,260001,109907006010,9,15600407603994
1,2,3,4,5,6,7,8,9,40,41,195,318,319,350,900,1200,2003,2720,2950,3402,10090,100600,1502008,8000002200,26000,60300000,80400,700100,20000051000010000409,427,428,1000,10400870058,10069,1102,1000015,10,201
2,107,109,1000,1900,30574,1400809,10300605,500280007000,10007005000206,40800008010000,100450000000091,1206400087703002484801115280019900,800000000000400087000660000009050031000210006006908900984020000
1611101,501,21,13,138,141600866,9,13,92,4807050406040,2,3,56,57,109,6806144,5,7,10,7004,60,110930070093002,4,5,6,7,9,17,100,10803,102508054,4,9006160020,100900000,10039,100,20004,2900015142,658030040
5,7,9,58,68,124,2083,2151,5410,6362,405354,170932006,38103308860,41020084979,5089811592894,954261392635206,8100010543207350,22058200663300930,33750290628992210,604900850845359944,980748707989180891078
1,2,3,4,7,9,16,44,82,98,200,244,600,6877,1600008973,1673060804,2981580920,140980786400394,225989570994003,226500470000306,800400900000396,7050056102001709,174504008110508005,63000804003029400600819200
541629817597004403820563425029123362318,7960010366,137000,1094,19358010535660,100900,730704,3757067,37595100,4096700,68017,6974100,25557,2597809442,89982,126203431,288,326,852,1617,6225,6288,47277800
13511984100590,28308033002040,71047407010989,2338,110,3148,4025,100010600,40043,79300,160099,1000000,50428630451,4570,1034007528000,150004,3537,10401,110081132,1009050,802008,600806,94000143,18484000
5,6,7,8,37,50,59,80,81,100,105,3790,10001,150700,170000,170060,300000080,371071006,380005054,80212000000000,1000700007507007,8000001804720082,19390039000809000,1410000210108538038,10858000900450710091
69,10150000,10010904000100,8067000000610878,1002003040000020780,590000110900037007000000,1009390980000008009808086002908089,100709008001070660400200406355008300,765540000097008080940671020372700200600
719,2097,8694,929288404,10500584850069000,55802041422818076321460900804105817111,575886773300044064044205950689736016803436,1070801263013790001073430470001950063589180652723030473012017330470750989060
1,10,107,10036,10000058711,30000077000,1000402309083190701,1304095000007000095,10000000090000500600,308000690200500001005,15007030003000080904079150,602001900003002100000509100090788034300007000000009
4,5,6,7,8,9,11,29,32,43,44,46,53,78,94,96,97,206,263,374,408,846,849,1002,3853,4095,7379,7765,9208,43825,57818,60959,97288,293000,9116499,9572011,47134201,53992412,949281517,144335526060,1725919324083
1,5,8,20,21,27,60,70,75,280,400,401,2271,5099,8630,9050,103289,300212,402624,490507,3910920,8005301,9056098,60595000,63040500,2095000096,103544170583,361200150609,503264000145050,700900487000265007335
455869,15025802141214293,9,70,8591301,3,4,5,7,8,9,60,79,98,568442,7,8,50,54,265,905,1270,3218,8290,91180,938932,93300266,9158977111644121222982,92445,53531,19858866,35038,2182,483,2148,5135,603560033
1,10,13,14,7904,180400,800000,1020004,1100000,12500000,302030000,3100037040,100670088005,3000690056069,3770000007400,505000904119098,10080001040407100,97690712020300032070009,7007970300140806009020150
854116127,4166006,94103069840,637,6042478070350,4290,524013,252,5261,600803,6890,14078,20390,18311010910,47995,560090,9003,8000700407,600070,2062620,20632029656,10012843,260049,10067,9873515011649440
