100
1,?,?,5,6,?,8,9,?0,?2,?9,35,?3,4?,4?,5?,60,62,?8,124,1?7,2??,556,?28,??5,?9?,97?,?731,783?,?31?3,642?89,?691?6,?9?25?,2??7157,8482??1,?54????,2?857???,29?1?30?0,7?25??2633065331??,676205??17?77??1?7??
0 1 2 3 4 5 6 7 8 9 10 11 12 13 14 15 16 17 18 19 20 21 22 23 24 25 26 27 28 29 30 31 32 33 34 35 36 37 38 39 40 41 42 43 44 45 46 47 48 49 50 51 52 53 54 55 56 57 58 59 60 61 62 63 64 65 66 67 68 69 70 71 72 73 74 75 76 77 78 79 80 81 82 83 84 85 86 87 88 89 90 91 92 93 94 95 96 97 98 99 100 101 102 103 104 105 106 107 108 109 110 111 112 113 114 115 116 117 118 119 120 121 122 123 124 125 126 127 128 129 130 131 132 133 134 135 136 137 138 139 140 141 142 143 144 145 146 147 148 149 150 151 152 153 154 155 156 157 158 159 160 161 162 163 164 165 166 167 168 169 170 171 172 173 174 175 176 177 178 179 180 181 182 183 184 185 186 187 188 189 190 191 192 193 194 195 196 197 198 199
975?3??1?286????83??6341?76?32?9???,?81?7??1?2??5?,74?,63?0?8782???46???553,35?12???5311?7380?,4??5,6??0?5,?585?444?,8?7??,?5??65?88???897037??7?67?,12?????4520??3865,59???9,?7??34?4?9?541??31,73?700
0 0 0 0 0 0 0 0 0 8 2 6 3 9 3 1 6 7 2 19 1 21 5 23 9 25 3 27 3 29 25 31 32 16 19 35 36 37 38 39 40 41 42 43 31 45 46 47 48 49 50 51 52 53 54 55 56 57 58 14 3 48 62 33 64 65 66 67 68 69 70 71 72 73 74 75 76 77 78 79 80 81 82 83 84 85 86 87 29 89 90 51 92 93 94 95 96 97 98 99 100 101 102 103 42 105 106 107 108 109 110 111 97 113 48 115 116 117 118 119 81 22 122 123 124 125 126 127 5 129 130 131 132 133 134 135 10 82 138 139 140 141 124 143 144 145 20 142 148 149 150 151 152 153 154 155 152 157 158 159 147 161 162 163 164 165 166 167 168 169 170 171 172 173 174 175 176 177 178 179 180 145 182 183 184 185 186 187 126 189 49 11 192 193 194 195 196 5 1
5,????????,??8,9?0????7,1????????,8516??9?3???7958???0,?7?????9???3????76?7,30?4??7276??,????????203???59911????39?,2?4???138??5????06321?136067???52?,3????013??970??6????8??????850??4?????6????9??33?
0 1 2 3 4 5 6 7 8 9 10 11 12 13 14 15 16 17 18 19 20 21 22 23 24 25 26 27 28 29 30 31 32 33 34 35 36 37 38 39 40 41 42 43 44 45 46 47 48 49 50 51 52 53 54 55 56 57 58 59 60 61 62 63 64 65 66 67 68 69 70 71 72 73 74 75 76 77 78 79 80 81 82 83 84 85 86 87 88 89 90 91 92 93 94 95 96 97 98 99 100 101 102 103 104 105 106 107 108 109 110 111 112 113 114 115 116 117 118 119 120 121 122 123 124 125 126 127 128 129 130 131 132 133 134 135 136 137 138 139 140 141 142 143 144 145 146 147 148 149 150 151 152 153 154 155 156 157 158 159 160 161 162 163 164 165 166 167 168 169 170 171 172 173 174 175 176 177 178 179 180 181 182 183 184 185 186 187 188 189 190 191 192 193 194 195 196 197 198 199
??6???6???1?82?7?4?5?????4?12????8156?5?2081?19?2?1??7?9???????842???1?5???1?5?1?13?04???626?5???37????7?485?88?9?005??63??5???????????5?62341?5407?????81???16??31481179413??1?????0?3?3?1?5?1?????6?0?
0 1 2 3 4 5 6 7 8 9 10 11 12 13 14 15 16 17 18 19 20 21 22 23 24 25 26 27 28 29 30 31 32 33 34 35 36 37 38 39 40 41 42 43 44 45 46 47 48 49 50 51 52 53 54 55 56 57 58 59 60 61 62 63 64 65 66 67 68 69 70 71 72 73 74 75 76 77 78 79 80 81 82 83 84 85 86 87 88 89 90 91 92 93 94 95 96 97 98 99 100 101 102 103 104 105 106 107 108 109 110 111 112 113 114 115 116 117 118 119 120 121 122 123 124 125 126 127 128 129 130 131 132 133 134 135 136 137 138 139 140 141 142 143 144 145 146 147 148 149 150 151 152 153 154 155 156 157 158 159 160 161 162 163 164 165 166 167 168 169 170 171 172 173 174 175 176 177 178 179 180 181 182 183 184 185 186 187 188 189 190 191 192 193 194 195 196 197 198 199
1,?,?9,?6,?5,??3,675,???,??9?,80?9,?????,?11?0,??48?0?5?3??,1???6?????8?007,?52?6?640??7????8?,?0??????8????6?101?,????3????6???4???3???4,??3????8?16?8?35?1303??,1??2????37??????9??????8?2?3??1?8????5
0 1 2 3 4 5 6 7 8 9 10 11 12 13 14 15 16 17 18 19 20 21 22 23 24 25 26 27 28 29 30 31 32 33 34 35 36 37 38 39 40 41 42 43 44 45 46 47 48 49 50 51 52 53 54 55 56 57 58 59 60 61 62 63 64 65 66 67 68 69 70 71 72 73 74 75 76 77 78 79 80 81 82 83 84 85 86 87 88 89 90 91 92 93 94 95 96 97 98 99 100 101 102 103 104 105 106 107 108 109 110 111 112 113 114 115 116 117 118 119 120 121 122 123 124 125 126 127 128 129 130 131 132 133 134 135 136 137 138 139 140 141 142 143 144 145 146 147 148 149 150 151 152 153 154 155 156 157 158 159 160 161 162 163 164 165 166 167 168 169 170 171 172 173 174 175 176 177 178 179 180 181 182 183 184 185 186 187 188 189 190 191 192 193 194 195 196 197 198 199
?,?,3,4,?,?,?,??,2?6,5??,??9,48??,?6?9,?30??,6??123?,7?6????,??22?0???30?????,????????6????613?3?0??8?82???4???,??8??4?,988?78?,8?0?15??,???7???788??7???6??,86,?9?,8808,?????,?5?,?506??,?3,???4,?9?71?
0 1 2 3 4 5 6 7 8 9 10 11 12 13 14 15 16 17 18 19 20 21 22 23 24 25 26 27 28 29 30 31 32 33 34 35 36 37 38 39 40 41 42 43 44 45 46 47 48 49 50 51 52 53 54 55 56 57 58 59 60 61 62 63 64 65 66 67 68 69 70 71 72 73 74 75 76 77 78 79 80 81 82 83 84 85 86 87 88 89 90 91 92 93 94 85 96 97 98 99 100 101 102 103 104 54 106 107 108 109 110 111 112 113 114 115 116 117 118 119 120 121 122 123 124 125 126 127 128 129 130 131 132 133 134 135 136 137 138 139 140 141 142 143 144 145 51 27 48 149 150 14 152 18 154 8 156 157 158 159 160 161 162 163 164 165 166 155 168 169 170 171 172 15 174 175 176 177 178 179 180 181 4 163 8 185 186 187 188 189 190 191 3 193 194 195 3 2 1 0
5????9384185936??????21?1??4???41,68?,1???083?90767,?7??,?9,1987,89,760,?74?,7014,?892,2???3,4??????,6620212,??4307,10722?48,7?36722981?7,8???,75?13?0?,6?5,97?8,22?9???0?5?,9623?2,9???,46034?09?5866?
0 0 0 0 0 5 2 0 8 0 10 10 4 13 8 15 0 17 18 19 4 21 22 10 24 25 5 27 28 1 30 31 32 8 34 35 36 10 38 39 40 17 42 43 44 45 1 47 48 49 50 17 52 53 54 55 4 57 58 59 60 61 62 4 64 65 66 67 68 69 70 47 72 73 56 7 76 77 78 79 80 81 82 83 84 85 86 87 88 89 90 91 92 93 94 95 96 97 37 97 100 101 102 103 104 105 58 74 108 109 110 111 112 111 114 115 116 117 118 119 120 89 122 123 124 125 126 127 128 129 42 65 132 133 41 61 136 137 138 139 140 45 142 143 144 145 146 147 148 105 27 151 152 153 154 155 156 157 158 150 160 161 162 163 164 165 166 167 94 169 170 171 172 173 174 175 176 177 80 179 180 181 182 183 184 185 186 187 188 189 43 15 41 9 151 21 21 12 2
2,?,4,5,6,7,8,12,27,39,?0,90,9?,?62,956,5191,884?,79218,1854812,186708354?,?77533,37145?666?3,75?5150,8?068??4498177,826007531?2347,40951?,6898520,535525548?,8?798559,2?1,910325,4?,8?01126,37888149513
0 1 2 3 4 5 6 7 8 9 10 11 12 13 14 15 16 17 18 19 20 21 22 23 24 25 26 27 28 29 30 31 32 33 34 35 36 37 38 39 40 41 42 43 44 45 46 47 48 49 50 51 52 53 54 55 56 57 58 59 60 61 62 63 64 65 66 67 68 69 70 59 72 73 74 75 76 77 78 79 80 81 82 83 84 85 86 87 88 67 90 91 92 93 94 95 96 97 98 99 100 101 102 103 104 105 106 107 108 94 110 111 112 113 114 115 116 117 118 119 120 121 122 123 3 24 31 51 128 129 130 131 132 133 134 135 136 137 138 139 140 141 142 143 144 39 146 147 148 149 150 151 126 26 154 155 34 157 158 159 160 161 156 153 18 5 166 167 168 169 170 171 172 173 21 10 176 177 178 179 180 181 182 179 9 7 169 1 188 189 190 5 125 191 193 188 196 188 1 0
3845691726534483369?3161709159806828833,804,3667,13306?98773,9543539,466,1355,6056,9?39,?9593,7504470?4376?1,7?9476,2949589,5?81988,5731652,?525?864,1323238517?37507,62?,664,19?2269999185,3?72,626640
0 0 0 0 0 0 0 0 0 4 8 5 8 1 3 8 1 5 1 6 7 3 3 7 7 8 26 2 28 7 30 3 32 4 34 10 36 22 34 39 40 41 42 43 44 45 46 47 48 49 50 51 52 53 54 55 56 57 58 59 60 61 62 63 64 65 66 8 68 69 70 71 72 73 74 75 76 77 78 79 80 81 82 83 84 85 86 87 88 89 90 91 92 93 94 95 96 97 98 91 100 101 102 103 104 105 106 107 108 109 110 111 112 113 114 115 116 117 118 119 120 121 122 123 124 125 126 127 128 129 130 131 132 133 134 135 136 137 138 139 140 141 142 143 144 145 146 147 148 149 150 151 152 153 154 155 156 157 31 159 160 161 162 163 21 165 166 167 168 169 170 171 172 173 174 175 176 177 52 179 40 181 182 69 184 18 12 187 188 189 190 191 192 193 194 195 196 26 2
?537?12938?1?3?2868??21?4??690??5768????7,??82???04?8743,7??6????7,?,5?,???9,5???,4???6,7?4,7???04,49?837??,??9?6?,?052236,?74?6211,???4??97?3,970?80,?24??67??5?7,?3?3,39???,1?????387?2,904,?68??,???
0 0 0 0 0 0 0 3 1 7 4 7 6 6 1 4 16 0 18 19 10 2 22 0 24 25 3 27 1 29 6 31 4 33 7 35 36 25 38 22 40 8 42 43 25 45 46 15 48 49 50 6 52 53 54 55 7 57 58 59 60 1 62 63 64 65 6 67 68 69 70 71 72 73 74 36 76 77 78 79 80 81 82 83 84 85 86 12 88 89 47 91 92 93 94 95 96 97 98 99 100 101 102 103 104 105 48 107 108 109 110 111 112 56 114 115 116 117 118 119 120 121 122 123 124 125 126 127 128 129 130 131 132 133 134 135 136 137 138 139 79 141 142 143 144 145 146 38 76 149 150 151 152 153 154 155 121 62 41 71 35 74 162 163 164 165 166 167 168 169 170 171 172 173 174 175 176 177 178 179 122 84 182 183 90 185 186 187 188 189 190 191 192 193 6 195 196 197 24
?7,37?349?3??,9??,????,7????44?7??,4???778??7,8???9???250?3???????3????,8?20????33????5,5??1691?2?0?6?49,?45?920???68?4?8,79??1546??5?886??87,?7??27???15?5692?7?62?8330??60063?????4??599?80?87?62???6?
0 1 2 3 4 5 6 7 8 9 10 11 12 13 14 15 16 17 18 19 20 21 22 23 24 25 26 27 28 29 30 31 32 33 34 35 36 37 38 39 40 41 42 43 44 45 46 47 48 49 50 51 52 53 54 55 56 57 58 59 60 61 62 63 64 65 66 67 68 69 70 71 72 73 74 75 76 77 78 79 80 81 82 83 84 85 86 87 88 89 90 91 92 93 94 95 96 97 98 99 100 101 102 103 104 105 106 107 108 109 110 111 112 113 114 115 116 117 118 119 120 121 122 123 124 125 126 127 128 129 130 131 132 133 134 135 136 137 138 139 140 141 142 143 144 145 146 147 148 149 150 151 152 153 154 155 156 157 158 159 160 161 162 163 164 165 166 167 168 169 170 171 172 173 174 175 176 177 178 179 180 181 182 183 184 185 186 187 188 189 190 191 192 193 194 195 196 197 198 199
??2??4614?3???16???7,706?,5,6,?,??,3539,2?6,?40?2884627???,???238??96,25927060,9???036??,?599?5?5,6?2??3,?98275?71??001?,96206???,4???187??,14730??072?364?4?9?48?194?,7?40,??1773,??9?8?4?9622?,?5???5
0 0 0 3 0 5 0 7 8 7 10 0 12 13 14 1 16 17 18 0 20 21 22 23 24 5 26 27 28 29 30 31 32 33 34 35 36 37 12 39 40 41 42 43 44 45 46 47 48 49 50 51 13 25 53 1 6 54 58 59 60 61 62 63 64 65 63 67 68 69 70 71 72 73 74 75 76 77 78 79 80 81 82 83 84 85 86 55 88 89 90 91 92 93 94 93 96 97 98 99 100 101 102 103 104 105 106 107 108 109 110 111 90 113 114 115 116 86 46 112 120 121 122 123 124 125 126 127 128 129 130 131 132 133 134 135 136 137 138 139 140 141 142 143 144 145 146 147 148 149 70 151 152 153 154 155 156 9 120 72 160 161 162 163 164 47 166 167 168 169 170 171 172 173 174 175 176 4 178 179 180 181 182 117 31 113 186 187 188 53 22 39 192 193 194 195 196 12 2
9,65?9,83?8,8652,83087,452431,?24091?54,?08888?0361,701999??694?,8?1109863?41,148?94206516?,273423624?4?92?,9?90?91445421?8828182470580,423?77487,1324215,21?56?51,345,98?1??982,33?1,842?,275888853014
0 1 2 3 4 5 6 7 8 9 10 11 12 13 14 15 16 17 18 19 20 21 22 23 24 25 26 27 28 29 30 31 32 33 34 35 36 37 38 39 40 41 42 43 44 45 46 47 48 49 50 51 52 53 54 55 56 57 58 59 60 61 62 63 64 65 66 67 68 69 70 71 72 73 74 75 76 77 78 79 80 81 82 83 84 85 86 87 88 89 90 91 92 93 94 95 96 97 98 99 100 101 102 103 104 105 106 107 108 109 110 111 112 113 114 115 116 117 118 119 120 121 122 123 124 125 126 127 128 129 130 29 19 133 134 135 136 137 138 139 140 141 33 143 144 145 146 147 148 149 150 151 152 153 154 155 156 157 158 159 160 1 162 163 164 165 166 167 168 169 169 25 172 173 174 165 176 177 178 179 180 181 182 183 184 185 186 187 188 189 190 191 4 3 5 162 3 162 1
?,????63,4?31,3,?,?,?,3?,7?,97,???,??8,?4?,??1?,72?8,?0??0,??????,????07,8???53,8????5???67?0??50?,??85?5???,3??0??9,?394??71,??29?9??,9053??1?8??41??88,?2?60????,?92,?181??,?8???,???,53??0?,2???993??
0 1 2 3 4 5 0 7 8 9 10 11 0 13 14 15 16 17 18 19 20 21 22 23 24 25 26 27 28 29 30 31 32 33 34 35 36 37 38 39 40 41 42 43 44 45 46 47 48 49 50 51 52 53 54 55 56 57 58 59 60 61 62 63 64 65 66 67 68 69 70 71 72 73 74 75 76 77 78 79 80 81 82 83 84 85 86 87 88 89 90 91 81 93 94 95 96 97 98 99 100 101 102 103 104 105 106 65 108 109 110 111 112 113 114 115 116 117 118 119 120 121 122 123 124 125 126 127 128 129 130 131 132 133 134 135 136 137 138 139 140 141 142 44 144 145 34 53 148 149 150 151 152 153 154 155 156 157 23 34 47 29 162 163 164 165 166 167 168 169 170 164 172 173 174 175 176 177 19 179 180 181 182 183 184 185 186 181 188 7 190 191 192 193 9 195 190 190 13 0
963?27??5??????85?06569???0?3?59??91961?28?8???33?0??01??????1?,?49214,26?8???,2?2056?84,4?7??42?2?97?5770?1?25,490??95?0?52756??0?0?8231250,68?74,5?66??,28319??05??820?,3??490?12,?44?,4?44,??9?14243
0 0 0 0 0 0 0 0 0 5 5 8 1 3 3 6 13 12 8 19 9 21 3 23 24 4 26 27 2 29 30 6 32 33 9 35 36 8 38 39 40 9 42 43 44 3 46 47 48 49 2 51 52 53 54 3 56 57 58 59 60 57 37 63 64 65 66 67 68 69 70 71 72 73 74 75 76 77 78 79 80 81 82 83 84 85 86 16 88 89 90 91 92 93 94 95 96 97 98 98 37 101 102 103 104 105 106 107 62 35 26 111 112 113 114 31 116 117 118 119 120 121 44 89 124 125 126 80 128 129 130 131 132 133 90 135 136 37 123 17 140 141 142 143 144 145 146 147 148 149 150 151 152 153 154 155 156 157 158 159 160 22 93 163 164 165 166 167 168 169 170 171 172 173 174 175 56 15 111 179 180 181 182 183 184 185 186 187 188 189 190 191 192 193 194 21 20 10 1
39?2??87?01?52??543150?966,6?69?67??,23?1?0?6??,6677,40??08,7980??,27?6597????0?1????4?,?3??1?58??546????322?7,?7?4?5?2?698???3,8?1?7?,1??7???,?918?99?570?1???7?6?8762,35????4??929?,?19??45??,48227?8
0 0 0 0 0 0 0 0 0 2 5 4 7 5 2 1 16 4 18 8 20 21 3 23 24 20 26 27 28 29 30 31 32 33 34 35 36 37 38 39 40 41 14 43 44 45 46 47 48 49 50 42 52 53 54 55 56 57 58 59 60 61 62 63 64 65 66 67 68 69 70 71 72 73 74 75 76 77 78 79 80 81 18 55 84 85 86 87 88 89 90 91 92 93 94 42 21 97 98 99 100 101 102 103 104 105 106 107 108 109 110 111 112 113 114 115 116 37 118 119 120 121 118 123 124 125 126 127 128 129 130 131 132 133 134 135 136 137 138 139 140 141 142 143 144 145 146 147 148 149 150 151 152 153 154 155 156 157 158 159 160 161 162 163 164 165 20 167 168 169 170 171 45 173 50 171 176 177 178 179 180 181 182 183 184 185 186 11 8 30 15 191 192 193 194 195 12 7 1
?????2?0????883495????,94?,?0??5???,6??1?,9,?6?9?28?9??,13????5??,?,?04?23,???,9?0????,???8?4,??5,?1??,?4?57,9?93?714,??6,19?9?,5???,5???,8?5???,??70697??4???,39?????,3??8,??3?1?4??5?2,?8??,58?6?1??9
0 0 0 0 4 1 0 7 2 1 4 7 12 13 0 15 16 17 0 19 20 21 15 23 24 25 19 27 28 29 15 31 32 33 15 35 36 37 38 39 40 4 42 43 44 45 46 47 4 49 50 51 52 53 54 3 56 57 58 59 60 61 62 63 0 65 66 67 68 69 70 71 72 73 1 75 76 77 78 79 80 81 82 83 11 10 86 87 88 89 86 6 75 93 94 3 12 97 98 99 100 14 102 103 104 105 106 107 108 109 110 111 112 113 63 52 46 117 118 119 120 121 122 123 124 125 120 127 128 129 130 131 132 133 134 135 136 137 138 139 140 141 22 115 144 145 146 147 148 149 150 151 152 153 44 155 112 157 158 159 160 161 162 163 164 155 166 167 168 169 85 171 172 173 174 175 176 151 178 179 123 181 182 59 184 185 186 187 188 189 190 191 192 193 194 20 8 96 7
4?5?????3????2?9?9,????1??5????29?????6?38???7,?4,7?????,?5??,?6?173?4,??,9?,????06,7??79??0??,1?4??168,8?7?,???4?,??02?,6?0?51,9??70??,?2098?0??,?????4???,???????0??????,79?????0??,?20??874,37??,98?
0 0 0 3 0 5 2 5 1 6 0 11 12 0 14 15 16 0 18 19 20 21 22 0 24 25 26 27 28 29 30 1 32 33 34 35 36 37 0 39 40 41 42 43 44 45 3 47 48 49 50 51 52 47 54 55 56 57 58 59 14 61 62 63 64 65 66 67 68 3 70 71 72 73 74 75 76 77 78 79 80 81 82 83 84 85 86 87 88 89 90 91 70 35 94 95 96 97 98 99 100 101 33 103 104 105 106 107 108 109 110 111 112 113 114 115 116 117 118 119 120 121 122 123 124 125 126 127 128 129 130 131 132 133 69 135 136 137 138 139 140 141 142 143 144 145 146 147 148 149 150 151 152 153 154 155 156 157 158 159 160 161 162 163 164 165 87 167 168 169 170 171 172 173 174 175 176 177 111 179 180 181 182 183 184 185 186 50 188 30 26 191 192 193 18 195 196 197 39
5?4283?6?9??7??94?0?32455233?7?7519666?543?????2?121?3?,98??3?8,3?33,?2?77779,?79,??83410???725665,4915?,2692?8?,?198?4?,69446,8??278,?993890?,?3860??,?310?817,99?3382?,?24?14110,?863????877,?668?71?
0 0 0 0 0 0 0 0 0 4 4 2 1 3 8 1 7 9 3 8 3 4 8 3 2 6 2 9 5 6 30 5 32 2 34 4 36 27 12 4 40 41 27 43 6 45 46 2 48 49 50 13 52 53 7 55 56 57 4 59 60 61 62 5 64 65 66 67 6 69 70 71 72 73 49 31 7 77 78 79 25 81 82 83 84 85 73 71 60 16 28 91 92 93 94 95 35 49 98 99 100 101 102 103 104 105 106 107 108 109 110 63 112 113 114 115 116 117 118 39 120 121 122 123 124 125 126 127 128 129 130 131 18 133 134 135 136 137 115 139 140 141 142 143 144 145 146 147 148 149 150 151 152 153 154 155 156 157 158 159 160 161 162 163 164 165 166 167 168 169 170 171 172 173 174 175 176 177 178 179 180 181 182 183 184 185 186 187 188 19 190 191 192 193 50 18 41 18 7
7?2?98?43?????921?7?331?6?1?????90133????2461???????5???4174,3?6????4?????6?2,?1?,9?2?345?261,???7?,41??83???76019?80?556?2??87?3?50??20,64698????8?2?216?2?2?44???19?5??,89?5?40?,?7?8366?76304???4536
0 0 0 0 0 0 0 5 0 9 6 4 2 7 1 1 7 4 4 3 4 21 2 23 0 25 26 9 28 7 30 9 32 9 34 2 36 5 38 39 5 41 42 34 44 45 5 47 48 49 6 51 52 53 5 55 56 57 58 6 60 61 62 63 2 65 66 67 68 5 70 71 72 73 74 75 26 77 78 79 80 81 82 83 84 85 86 87 88 89 3 76 51 93 94 95 96 97 72 99 100 101 102 103 104 105 106 107 108 109 110 111 112 113 114 115 116 117 118 119 120 121 99 123 124 125 126 127 128 129 130 73 127 133 134 135 136 137 138 139 140 141 142 143 124 145 146 147 148 149 150 115 152 153 154 155 156 157 158 132 160 161 162 163 164 165 166 167 168 169 170 171 172 173 174 175 176 177 178 179 180 181 182 183 184 185 186 187 24 5 31 74 49 54 41 4 93 196 1
2,??,?8?,????,462?,??6?,1??0?,?651?,????4?,94??3?,?0?582?,??0???69,???5386?,???9???51,9???7?622,8?3??0?5??,?4??14???1?0,?7???89???56??89,44?2?91?4?6??94?6,5?355?8????14?09?28?5,??66?0???42?7?4?89???40
0 1 2 3 4 5 6 7 8 9 10 11 12 13 14 15 16 17 18 19 20 21 22 23 24 25 26 27 28 29 30 31 32 33 34 35 36 37 38 39 40 41 42 43 44 45 46 47 48 49 50 51 52 53 54 55 56 57 58 59 60 61 62 63 64 65 66 67 68 69 70 71 72 73 74 75 76 77 78 79 80 81 82 83 84 85 86 87 88 89 90 91 92 93 94 95 96 97 98 99 100 101 102 103 104 105 106 107 108 109 110 111 112 113 114 115 116 117 118 119 120 121 122 123 124 125 126 127 128 129 130 131 132 133 134 135 136 137 138 139 140 141 142 143 144 145 146 147 148 149 150 151 152 153 154 155 156 157 158 159 160 161 162 163 164 165 166 167 168 169 170 171 172 173 174 175 176 177 178 179 180 181 182 183 184 185 186 187 188 189 190 191 192 193 194 195 196 197 198 199
8764640961407645152760919959847,30889,21,45,6646,3,4,5,6,36,9188426485,7209284341,4,7,520,2085,92?807280,?6555571?,968?519073974,4650316332180?,571?,5057531752575,106,4242115043641219,77365,3880810365
0 0 0 3 4 0 6 7 1 9 6 11 12 6 14 15 16 17 0 19 20 21 22 23 24 25 26 0 28 29 30 31 32 33 34 35 36 6 38 39 40 41 42 43 44 45 46 47 19 49 50 51 52 53 54 55 56 57 58 59 60 61 6 63 64 65 66 67 68 69 70 71 72 73 74 75 76 77 78 79 0 81 82 83 84 85 86 87 88 89 90 91 92 93 94 95 96 97 98 99 100 101 89 102 104 105 106 107 108 109 110 111 112 113 114 115 116 117 118 119 120 121 122 123 5 77 126 127 128 129 130 131 132 133 134 135 136 137 138 15 60 141 11 143 144 145 146 113 148 149 150 151 152 153 154 155 156 157 158 54 60 161 162 163 164 165 166 167 168 169 71 171 172 173 174 175 176 177 178 179 91 181 182 183 184 185 186 187 82 189 190 191 192 16 84 29 14 81 2 0
1,2,3,8,32,85,34?,5541,787?,59482,95676,582325,6047310,698443854,5231?884714,8694299140221,18576216447157,9282?518929089?2,2607?61726129697?814522,76164236416174449?512401,70205621?5087541624369951765
0 1 2 3 4 5 6 7 8 9 10 11 12 13 14 15 16 17 18 19 20 21 22 23 24 25 26 27 28 29 30 31 32 33 34 35 36 37 38 39 40 41 42 43 44 45 46 47 48 49 50 51 52 53 54 55 56 57 58 59 60 61 62 63 64 65 66 67 68 69 70 71 72 73 74 75 76 77 78 79 80 81 82 83 84 85 86 87 88 89 90 91 92 93 94 95 96 97 98 99 100 101 102 103 104 105 106 107 108 109 110 111 112 113 114 115 116 117 118 119 120 121 122 123 124 125 126 127 128 129 130 131 132 133 134 135 136 137 138 139 140 141 142 143 144 145 146 147 148 149 150 151 152 153 154 155 156 157 158 159 160 161 162 163 164 165 166 167 168 169 170 171 172 173 174 175 176 177 178 179 180 181 182 183 184 185 186 187 188 189 190 191 192 193 194 195 196 197 198 199
2,?,6,9???,?5???,469,92??2???,???4,?2?9??1??8??8?18,51???,60257???6??,?4034,??9???983?6??58334?4????4,?682??4?513?5?9???9?1???8?????4?292??,???3690??31?,8?????48??716,6??8???1?8?5?9?25??742????3?62??8
0 1 2 3 4 5 6 7 8 9 10 11 12 13 14 15 16 17 18 19 20 21 22 23 24 25 26 27 28 29 30 31 32 33 34 35 36 37 38 39 40 41 42 43 44 45 46 47 48 49 50 51 52 53 54 55 56 57 58 59 60 61 62 63 64 65 66 67 68 69 70 71 72 73 74 75 76 77 78 79 80 81 82 83 84 85 86 87 88 89 90 91 92 93 94 95 96 97 98 99 100 101 102 103 104 105 106 107 108 109 110 111 112 113 114 115 116 117 118 119 120 121 122 123 124 125 126 127 128 129 130 131 132 133 134 135 136 137 138 139 140 141 142 143 144 145 146 147 148 149 150 151 152 153 154 155 156 157 158 159 160 161 162 163 164 165 166 167 168 169 170 171 172 173 174 175 176 177 178 179 180 181 182 183 184 185 186 187 188 189 190 191 192 193 194 195 196 197 198 199
653,8?370?7861465,57950078704,370676695585976124,99158601096729?02?,?3694?88471?1061639?44020196411,3694354?92485446396830872?69692183818,94069015?885660?6718526649497?7?2?8310070?4?7664374012751?6??6
0 1 2 3 4 5 6 7 8 9 10 11 12 13 14 15 16 17 18 19 20 21 22 23 24 25 26 27 28 29 30 31 32 33 34 35 36 37 38 39 40 41 42 43 44 45 46 47 48 49 50 51 52 53 54 55 56 57 58 59 60 61 62 63 64 65 66 67 68 69 70 71 72 73 74 75 76 77 78 79 80 81 82 83 84 85 86 87 88 89 90 91 92 93 94 95 96 97 98 99 100 101 102 103 104 105 106 107 108 109 110 111 112 113 114 115 116 117 118 119 120 121 122 123 124 125 126 127 128 129 130 131 132 133 134 135 136 137 138 139 140 141 142 143 144 145 146 147 148 149 150 151 152 153 154 155 156 157 158 159 160 161 162 163 164 165 166 167 168 169 170 171 172 173 174 175 176 177 178 179 180 181 182 183 184 185 186 187 188 189 190 191 192 193 194 195 196 197 198 199
207???70??4??021?3?4,????5??8?,8??,?,4,5?6,7??,9,33???,7??9?4,8?5?,1???57768???00,3??8?0??2767?637??7?47?6?83880?2????5??859?3?32??15?8?348?3?88?17???51??7?6?2??6254931?35,3?1???9?81?,9??2?5??7?6???7?
0 1 0 3 4 5 6 7 8 9 10 11 12 13 14 0 16 17 18 19 20 21 22 23 24 25 26 27 28 29 30 31 32 17 34 35 36 37 38 39 40 41 42 43 44 45 46 47 48 49 50 51 52 53 54 55 56 57 58 59 36 61 62 63 56 14 66 67 68 69 70 71 72 73 74 75 76 77 78 79 80 81 82 83 84 85 86 87 88 89 90 91 92 93 94 95 44 74 98 99 100 101 102 103 104 105 106 107 108 109 110 111 112 113 114 115 116 117 118 119 120 121 122 123 124 125 126 127 128 129 130 131 132 133 26 135 136 137 138 139 140 141 142 24 144 145 146 147 148 149 150 151 152 153 154 155 142 84 158 159 160 161 162 163 164 165 166 167 168 20 138 171 172 173 174 175 176 177 178 179 180 181 63 183 184 185 183 42 38 189 4 191 192 193 194 195 18 3 1 0
??29?09708?96???389??70?135?83346??4?7?94???5??,2??53673?7??2?1??2313?5??,??53??7?33,5?5,7075?5?,65??2?3??625,??9??3?9?6?2?78???5?149,?12,7470????22?0??,5598???,9?024,???????7?5,9??748?53????142??274
0 0 0 0 2 1 2 0 8 4 8 11 0 13 14 7 0 17 18 8 20 21 2 23 24 25 23 27 28 13 30 31 32 33 17 35 36 37 38 39 13 41 42 43 44 45 46 3 48 49 50 51 52 53 1 55 56 57 58 59 60 8 62 63 64 65 66 67 68 69 0 71 72 73 74 75 76 77 78 79 80 2 82 83 84 85 86 87 88 89 90 91 13 93 94 95 96 97 98 99 100 101 102 103 71 105 106 107 108 109 110 111 112 113 114 115 116 117 118 119 120 121 122 123 124 66 126 127 128 129 130 131 132 133 134 135 136 137 138 139 140 117 142 143 25 145 146 147 148 149 150 151 152 153 154 155 156 157 158 53 160 161 162 163 131 165 166 167 168 169 170 171 172 173 174 48 66 177 178 179 12 154 182 183 184 185 61 10 188 189 190 191 192 32 44 2 23 6 71
2,37,51,3076?66131,437634,3?62548,798222963,863411752?,712378830471,469502667452863738,84937?3603204586090,4?724023???320370206440?,?536746736?88113297522224500?0,9170866639249?524723??5781401528?10?7
0 1 2 3 4 5 6 7 8 9 10 11 12 13 14 15 16 17 18 19 20 21 22 23 24 25 26 27 28 29 30 31 32 33 34 35 36 37 38 39 40 41 42 43 44 45 46 47 48 49 50 51 52 53 54 55 56 57 58 59 60 61 62 63 64 65 66 67 68 69 70 71 72 73 74 75 76 77 78 79 80 81 82 83 84 85 86 87 88 89 90 91 92 93 94 95 96 97 98 99 100 101 102 103 104 105 106 107 108 109 110 111 112 113 114 115 116 117 118 119 120 121 122 123 124 125 126 127 128 129 130 131 132 133 134 135 136 137 138 139 140 141 142 143 144 145 146 147 148 149 150 151 152 153 154 155 156 157 158 159 160 161 162 163 164 165 166 167 168 169 170 171 172 173 174 175 176 177 178 179 180 181 182 183 184 185 186 187 188 189 190 191 192 193 194 195 196 197 198 199
4,7,48,259,?07,521,59?,998,54?37,58535,?1810,90101,6423??2,6435663,831?828,29182410,7?3??353,8962?82?,81?07?314,76608540722,6?2288531?76,749314?66?47301,3757?8?399??3?91?50?7?,?519??211??64?76267?0?2?
0 1 2 3 4 5 6 7 8 9 10 11 12 13 14 15 16 17 18 19 20 21 22 23 24 25 26 27 28 29 30 31 32 33 34 35 36 37 38 39 40 41 42 43 44 45 46 47 48 49 50 51 52 53 54 55 56 57 58 59 60 61 62 63 64 65 66 67 68 69 70 71 72 73 74 75 76 77 78 79 80 81 82 83 84 85 86 87 88 89 90 91 92 93 94 95 96 97 98 99 100 101 102 103 104 105 106 107 108 109 110 111 112 113 114 115 116 117 118 119 120 121 122 123 124 125 126 127 128 129 130 131 132 133 134 135 136 137 138 139 140 141 142 143 144 145 146 147 148 149 150 151 152 153 154 155 156 157 158 159 160 161 162 163 164 165 166 167 168 169 170 171 172 173 174 175 176 177 178 179 180 181 182 183 184 185 186 187 188 189 190 191 192 193 194 195 196 197 198 199
731284956345759?126993117?38?60??0469,2?44?08?,56?961467,2?30?604,997??4,255019,5?587?,??7,5232,8?53,130,?98,1372,954?6?,?2?,?12382?,31125,52430,3??323???748814??2,9736,60724409,?7336?6,?5?9,??52???6
0 0 0 0 0 0 0 0 0 8 5 4 6 3 6 4 4 4 5 1 20 9 22 6 24 16 3 27 2 29 6 31 32 8 34 35 36 3 38 39 40 7 42 43 44 1 46 47 48 49 4 51 52 53 54 45 56 57 58 59 60 61 62 63 41 65 66 67 68 69 63 15 12 73 74 75 26 37 52 79 80 81 82 83 50 16 86 87 88 89 90 91 92 93 94 50 96 97 98 21 16 101 102 103 104 105 106 107 108 109 110 111 112 113 114 115 116 117 73 119 120 121 122 123 124 125 126 127 128 52 15 69 132 133 134 135 136 137 138 139 140 141 142 143 144 145 146 147 148 149 150 145 152 153 154 155 156 148 158 159 106 161 162 163 164 165 166 167 168 169 170 171 172 173 67 175 176 177 178 179 180 181 182 102 184 185 186 187 188 10 190 191 192 193 75 2 28 16 7
1,?,?,5,?,?,?,?,1?,??,?7,3?,?2,??,??,???,3?2,???,875,??06,?034,2??5,?374,???4,??00,????,?7??,8?2?,76?1?,7?7?4,3??716,???69?,?????1?,2??31??,?9293?6,5????0?6,?5?479???,1???????4?,?1???7?9?676?2??98??63
0 1 2 3 4 5 6 7 8 9 10 11 12 13 14 15 16 17 18 19 20 21 22 23 24 25 26 27 28 29 30 31 32 33 34 35 36 37 38 39 40 41 42 43 44 45 46 47 48 49 50 51 52 53 54 55 56 57 58 59 60 61 62 63 64 65 66 67 68 69 70 71 72 73 74 75 76 77 78 79 80 81 82 83 84 85 86 87 88 89 90 91 92 93 94 95 96 97 98 99 100 101 102 103 104 105 106 107 108 109 110 111 112 113 114 115 116 117 118 119 120 121 122 123 124 125 126 127 128 129 130 131 132 133 134 135 136 137 138 139 140 141 142 143 144 145 146 147 148 149 150 151 152 153 154 155 156 157 158 159 160 161 162 163 164 165 166 167 168 169 170 171 172 173 174 175 176 177 178 179 180 181 182 183 184 185 186 187 188 189 190 191 192 193 194 195 196 197 198 199
2??985???3???63?72????0237????6??5??79?2???7???0???????1913?05?26???????0??5???,?7???9?3?1,3?425????8??,95?,3?43,?209?61??2???8?9,3865?98,????,?3??9??7?281,?????,???2?9?,??74?,??4?85?1?4??09??69????4
0 0 0 0 0 0 0 0 0 6 8 1 7 2 5 5 5 9 8 7 4 7 2 7 8 2 26 2 28 1 30 4 32 2 34 1 36 9 38 6 40 10 4 43 1 45 46 5 48 49 9 51 52 5 54 55 5 57 58 8 60 61 13 58 41 32 66 67 68 37 70 71 72 73 74 75 76 77 78 79 80 81 82 83 84 85 86 87 88 89 90 91 92 93 94 95 96 69 12 99 100 101 102 103 104 105 106 107 108 109 110 111 112 113 114 115 116 117 118 119 120 121 32 123 124 125 126 127 123 129 130 131 132 133 134 134 31 137 138 139 140 141 142 143 144 145 146 147 62 149 150 151 152 153 154 155 156 157 158 159 160 161 162 163 164 165 166 167 58 169 170 171 172 173 174 175 176 177 178 179 180 136 182 183 184 185 186 187 188 189 65 51 47 59 3 44 21 30 1
?,???,7?????,6??,?72????,14?????10??,??4???,??3??5???6??88?3?5??7???,4?15???3??1?46?4?????????8?5?7?2???,??7341?4????9?????05?61???42?953?2?954??30??4?7?5?457???????0?????948?0??1?554?2???2?3?????2?5?
0 1 2 3 4 5 6 7 8 9 10 11 12 13 14 15 16 17 18 19 20 21 22 23 24 25 26 27 28 29 30 31 32 33 34 35 36 37 38 39 40 41 42 43 44 45 46 47 48 49 50 51 52 53 54 55 56 57 58 59 60 61 62 63 64 65 66 67 68 69 70 71 72 73 74 75 76 77 78 79 80 81 82 83 84 85 86 87 88 89 90 91 92 93 94 95 96 97 98 99 100 101 102 103 104 105 106 107 108 109 110 111 112 113 114 115 116 117 118 119 120 121 122 123 124 125 126 127 128 129 130 131 132 133 134 135 136 137 138 139 140 141 142 143 144 145 146 147 148 149 150 151 152 153 154 155 156 157 158 159 160 161 162 163 164 165 166 167 168 169 170 171 172 173 174 175 176 177 178 179 180 181 182 183 184 185 186 187 188 189 190 191 192 193 194 195 196 197 198 199
2,5,6,7,8,9,?5,35,40?45,49?58,85,?80,687,715,?5?8,3973?4044,4909,7428?87669,139?72,4?88?3,6369406,?1?3004,9540440,28667186,52?29559,8143?90425,63021307191,8503742292?3,6759991617638?8?6547619095417850
0 1 2 3 4 5 6 7 8 9 10 11 12 13 14 15 16 17 18 19 20 21 22 23 24 25 26 27 28 29 30 31 32 33 34 35 36 37 38 39 40 41 42 43 44 45 46 47 48 49 50 51 52 53 54 55 56 57 58 59 60 61 62 63 64 65 66 67 68 69 70 71 72 73 74 75 76 77 78 79 80 81 82 83 84 85 86 87 88 89 90 91 92 93 94 95 96 97 98 99 100 101 102 103 104 105 106 107 108 109 110 111 112 113 114 115 116 117 118 119 120 121 122 123 124 125 126 127 128 129 130 131 132 133 134 135 136 137 138 139 140 141 142 143 144 145 146 147 148 149 150 151 152 153 154 155 156 157 158 159 160 161 162 163 164 165 166 167 168 169 170 171 172 173 174 175 176 177 178 179 180 181 182 183 184 185 186 187 188 189 190 191 192 193 194 195 196 197 198 199
7,692,?501,41195,431978,92?17?,??066???9172?948?775,1103839?481?3142,467976275855??295243539?00460511303?1?2051053?85331,62125298740958115072,?5506,5055?3?680404,6055003,9585258818850,96,487,927471??4
0 1 2 3 4 5 6 7 8 9 10 11 12 13 14 15 16 17 18 19 20 21 22 23 24 25 26 27 28 29 30 31 32 33 34 35 36 37 38 39 40 41 42 43 44 45 46 47 48 49 50 51 52 53 54 55 56 57 58 59 60 61 62 63 64 65 66 67 68 69 70 71 72 73 74 75 76 77 78 79 80 81 82 83 84 85 86 87 88 89 90 91 5 56 94 95 96 97 98 99 100 101 61 103 104 105 106 107 108 109 110 111 112 113 114 115 116 117 118 119 120 121 122 123 124 125 126 127 128 129 130 131 132 133 28 135 11 137 138 139 140 141 142 143 144 145 146 147 148 149 150 151 152 153 154 155 156 157 158 159 160 161 162 163 164 165 166 167 168 169 170 171 172 173 174 175 176 5 139 179 93 2 182 183 184 185 186 187 188 189 190 191 192 193 2 195 2 197 1 0
6??7?,40,65,1?7,?7?,7?19,42??6?1,2,3,4,5,6,7,8,?,11,33,64,279?918?570,?8330,4?9,25366,50799088,98?4?,?53804,?32418?0324,367?,70?8,??850,98805,617404?38419?,?17,419,65862?282183,2976?5484?1?026,444854?
0 1 0 3 0 5 6 7 8 9 10 11 12 13 14 15 16 17 18 19 20 21 22 23 24 25 26 27 28 29 30 0 32 33 34 35 36 37 38 39 40 41 42 43 44 45 46 47 48 49 50 51 52 53 54 55 56 57 58 59 60 14 34 60 6 58 66 52 68 69 70 71 72 67 42 75 76 77 78 79 80 81 82 83 79 85 86 87 88 89 26 91 92 93 94 95 96 97 98 99 100 101 102 103 104 105 106 107 108 109 110 111 112 113 114 88 116 77 118 119 120 121 122 123 124 125 126 127 128 129 130 131 132 133 134 135 136 137 138 139 140 141 142 143 144 145 146 147 86 149 150 151 152 9 154 155 156 157 158 159 160 161 162 163 164 165 166 125 168 169 170 56 94 162 174 85 176 177 178 179 180 181 182 175 16 185 186 156 188 189 35 191 192 193 194 63 2 6 5 0
9?????6?77,9???6271??101,?0?5????4,??5??,???017023?2??,?4620??,?,?,?,?0,?9,?3,?0??,?,?,?,?,?,9,?9,2?,??,4?,7?,???9???,??????,?8??,??21?,1??95?29?,??24?,?3??4?4,??760?3,?????42,36??1?9?05?968?3??1???5
0 0 2 0 4 0 6 7 6 9 5 11 12 0 14 15 16 17 4 19 20 21 22 6 24 25 26 27 0 29 30 31 32 33 29 35 36 37 38 0 40 41 42 43 44 45 46 47 48 2 50 51 52 53 54 55 56 57 58 59 60 61 14 63 64 65 66 67 68 69 70 71 72 73 74 75 76 77 78 79 80 63 82 83 84 85 86 87 88 89 90 91 92 93 94 95 96 97 98 99 100 101 102 103 104 105 106 107 108 109 110 111 98 113 11 115 116 117 118 119 120 62 50 16 124 125 126 127 128 129 130 131 132 133 134 135 136 137 138 139 140 141 8 12 81 145 146 147 148 149 150 151 152 153 154 155 156 157 23 159 160 161 162 163 164 165 166 167 168 169 170 171 172 173 174 175 176 177 178 179 180 181 182 183 161 185 186 187 188 189 190 123 13 15 52 50 82 6 6
?,2,?,5,9,48,53,?1,1?9,2?8,5??,?61,976,?3??,??7147,811?73,305?7?4,45806??,11?4625?,5??3??4?,?6????128,??83?5????5,3?59402?2773,360351640823395,?8279??82???6099,87294?7??53??263?,6?086?0???6???7??86?57
0 1 2 3 4 5 6 7 8 9 10 11 12 13 14 15 16 17 18 19 20 21 22 23 24 25 26 27 28 29 30 31 32 33 34 35 36 37 38 39 40 41 42 43 44 45 46 47 48 49 50 51 52 53 54 55 56 57 58 59 60 61 62 63 64 65 66 67 68 69 70 71 72 73 74 75 76 77 78 79 80 81 82 83 84 85 86 87 88 89 90 91 92 93 94 95 96 97 98 99 100 101 102 103 104 105 106 107 108 109 110 111 112 113 114 115 116 117 118 119 120 121 122 123 124 125 126 127 128 129 130 131 132 133 134 135 136 137 138 139 140 141 142 143 144 145 146 147 148 149 150 151 152 153 154 155 156 157 158 159 160 161 162 163 164 165 166 167 168 169 170 171 172 173 174 175 176 177 178 179 180 181 182 183 184 185 186 187 188 189 190 191 192 193 194 195 196 197 198 199
857,?2??,8551???02???6??1??4?18?60?73,?31,??4?6666,?28667,??0?32,876??6?0?122?36??945?????53??890,460?742??86,??02?6?9739679,387?9831?9?92?4,311??0?80??88958?046363252,2?850??4??762?8????7?91,137746??
0 1 2 3 4 5 6 7 8 9 10 11 12 13 14 15 16 17 18 19 20 0 22 23 24 25 26 27 28 29 30 31 32 33 34 35 36 37 38 39 40 41 42 43 44 45 46 47 48 49 50 51 52 53 54 55 56 57 58 59 60 61 62 63 64 65 66 67 68 69 70 71 72 73 74 42 76 77 78 35 80 81 82 83 12 85 86 87 88 89 90 69 92 16 94 95 96 97 98 99 100 101 102 103 101 105 106 106 13 109 110 111 112 113 114 115 116 117 118 119 120 121 122 21 124 125 126 127 128 129 130 131 132 53 134 135 16 137 138 139 140 141 142 143 144 145 146 53 148 149 150 151 152 153 154 155 1 26 158 151 160 161 162 163 123 135 22 167 168 169 170 110 172 173 174 175 176 177 178 179 180 181 182 183 32 185 10 187 188 168 190 191 192 193 194 25 22 2 22 0
2,4,?,7,8,9,1?,3?,?5,222,4?5,??3,5??,5?7,?57,?7?7,?80?,1????,?6440,?6?8?,?3???,?112?,??212,27??18,3326??,80???92,???8?57,?79627?,??8??2???,52????9???,91?9660?49,?60??15852?,??9845?51???,?44???339?????
0 1 2 3 4 5 6 7 8 9 10 11 12 13 14 15 16 17 18 19 20 21 22 23 24 25 26 27 28 29 30 31 32 33 34 35 36 37 38 39 40 41 42 43 44 45 46 47 48 49 50 51 52 53 54 55 56 57 58 59 60 61 62 63 64 65 66 67 68 69 70 71 72 73 74 75 76 77 78 79 80 81 82 83 84 85 86 87 88 89 90 91 92 93 94 95 96 97 98 99 100 101 102 103 104 105 106 107 108 109 110 111 112 113 114 115 116 117 118 119 120 121 122 123 124 125 126 127 128 129 130 131 132 133 134 135 136 137 138 139 140 141 142 143 144 145 146 147 148 149 150 151 152 153 154 155 156 157 158 159 160 161 162 163 164 165 166 167 168 169 170 171 172 173 174 175 176 177 178 179 180 181 182 183 184 185 186 187 188 189 190 191 192 193 194 195 196 197 198 199
7,9,?1,7?,9?,2??,?7?,826,??8,8036,97?2,28??4,?753?6,??3?542,8?9?30?0,860727??7,??40988?819564905932?,65?,60??,52????3,3?04,?6883,22?,44?,?55?74,???1709?,88?39?770,6?1?061991,18?9?,?25?067659787?7????0
0 1 2 3 4 5 6 7 8 9 10 11 12 13 14 15 16 17 18 19 20 21 22 23 24 25 26 27 28 29 30 31 32 33 34 35 36 37 38 39 40 41 42 43 44 45 46 47 48 49 50 51 52 53 54 55 56 57 58 59 60 61 62 63 64 65 66 67 68 69 70 71 72 73 74 75 76 77 78 79 80 81 82 83 84 85 86 87 88 89 90 91 92 93 94 95 96 97 18 99 100 101 102 103 104 105 106 107 108 109 110 111 112 113 114 22 116 117 118 119 120 121 122 123 124 125 126 3 128 129 130 131 132 133 134 135 136 137 138 139 130 141 16 143 144 145 146 147 148 41 150 151 152 153 154 155 156 157 110 159 160 161 162 163 164 165 166 167 27 133 170 171 172 173 174 175 176 177 178 179 180 181 182 183 184 171 186 11 5 142 190 3 129 193 194 192 3 1 0 199
843?79612?0087563339,78,2825620,6229,5947,552,8298,920,1?911,108518911,3431,24657,233418,179?76485,4038,5866,894091?1,23247?5,586,76914,460,?15,811,20927,99?8,??802,73210,267617,39215923,8048?4822553
0 0 0 0 0 0 0 0 0 3 2 1 5 4 2 5 1 2 8 3 20 21 22 23 24 25 26 13 25 29 29 31 32 33 34 15 36 37 38 39 6 41 42 43 44 45 46 47 48 9 50 51 52 28 54 55 56 57 58 59 60 61 62 63 64 65 66 32 68 69 70 71 72 73 74 75 76 77 78 79 80 81 82 83 84 85 86 87 88 89 90 91 92 93 94 95 47 97 98 99 100 101 102 103 104 105 106 107 108 109 110 111 112 11 78 115 116 117 118 119 120 121 122 123 9 125 126 127 31 129 130 131 132 133 11 135 136 137 138 139 140 141 142 143 144 145 146 147 148 149 150 151 135 153 154 155 156 157 158 159 160 161 162 163 164 165 166 167 168 169 170 171 172 173 174 175 176 177 178 179 180 181 182 183 125 17 186 187 188 189 190 191 192 193 194 195 196 15 9
2,???,6,??1,?804,?60?1,3?77??8?0?7????89??271????86?272???77?0,????38?4,4????30121,8????4?556???7?83?1???6?30?,?02???35071??738?526??6?7?35????7770?4?186??42?9?1?95?50??????9?9?48??446?48?8?81?215?8?8
0 1 2 3 4 5 6 7 8 9 10 11 12 13 14 15 16 17 18 19 20 21 22 23 24 25 26 27 28 29 30 31 32 33 34 35 36 37 38 39 40 41 42 43 44 45 46 47 48 49 50 51 52 53 54 55 56 57 58 59 60 61 62 63 64 65 66 67 68 69 70 71 72 73 74 75 76 77 78 79 80 81 82 83 84 85 86 87 88 89 90 91 92 93 94 95 96 97 98 99 100 101 102 103 104 105 106 107 108 109 110 111 112 113 114 115 116 117 118 119 120 121 122 123 124 125 126 127 128 129 130 131 132 133 134 135 136 137 138 139 140 141 142 143 144 145 146 147 148 149 150 151 152 153 154 155 156 157 158 159 160 161 162 163 164 165 166 167 168 169 170 171 172 173 174 175 176 177 178 179 180 181 182 183 184 185 186 187 188 189 190 191 192 193 194 195 196 197 198 199
?,?,1?,?2,3?,98,829,?84??,78?3?,?????6,?7??3?,7?0??2?,11???05?1,??9?053?3,7?2??????0?,???64?3?638?,?984???2????4,??5?9?2?5?????3,?3?2?????9??6?0?6??,???6??6???12?????6???185,?071?9???38?2??1??????05?2
0 1 2 3 4 5 6 7 8 9 10 11 12 13 14 15 16 17 18 19 20 21 22 23 24 25 26 27 28 29 30 31 32 33 34 35 36 37 38 39 40 41 42 43 44 45 46 47 48 49 50 51 52 53 54 55 56 57 58 59 60 61 62 63 64 65 66 67 68 69 70 71 72 73 74 75 76 77 78 79 80 81 82 83 84 85 86 87 88 89 90 91 92 93 94 95 96 97 98 99 100 101 102 103 104 105 106 107 108 109 110 111 112 113 114 115 116 117 118 119 120 121 122 123 124 125 126 127 128 129 130 131 132 133 134 135 136 137 138 139 140 141 142 143 144 145 146 147 148 149 150 151 152 153 154 155 156 157 158 159 160 161 162 163 164 165 166 167 168 169 170 171 172 173 174 175 176 177 178 179 180 181 182 183 184 185 186 187 188 189 190 191 192 193 194 195 196 197 198 199
12683?958?4??530?6?7017741419?153699893?3145?4??25384500578,475?4,832,7622,687?683308,507782,95,173,4375,106223199025,1116065,?099,7?67?5,?028095?,148490,391626,291510?0,4492?30,6?60175596,984?8?9?85
0 0 0 0 0 0 0 0 5 6 0 11 11 1 2 7 8 6 5 4 11 8 2 5 11 3 4 27 11 29 26 6 32 18 2 35 12 4 38 7 40 7 42 3 44 40 2 47 6 49 50 6 52 53 19 55 17 57 58 6 60 61 62 63 12 65 66 67 68 69 70 71 72 73 74 75 76 77 78 79 30 78 82 42 28 85 86 87 88 89 90 3 92 93 94 95 96 97 98 99 100 101 102 46 104 105 106 107 108 109 12 56 56 75 114 115 116 117 118 119 120 121 122 97 124 125 126 127 128 47 130 131 132 133 134 49 82 137 138 139 140 141 142 115 144 117 146 147 148 149 150 151 152 153 154 155 156 157 158 159 160 161 162 163 164 165 166 167 31 169 170 171 172 173 174 91 135 177 178 179 180 181 182 183 27 81 136 51 188 189 190 191 192 193 65 81 20 44 5
2??,5,?,8????4?,60,?????3?471????,???,?3?,?6?????,?????2??666,??72???8??725???79??3?,??4?27??,?9??4?6???34??7???????05????,1??792??3???11??5????9??8??7???,7?3???9???4??5?7??3,?3???26??6???36,?9????4??
0 1 2 3 4 5 6 7 8 9 10 11 12 13 14 15 16 17 18 19 20 21 22 23 24 25 26 27 28 29 30 31 32 33 34 35 36 37 38 39 40 41 42 43 44 45 46 47 48 49 50 51 52 53 54 55 56 57 58 59 60 61 62 63 64 65 66 67 68 69 70 71 72 73 74 75 76 77 78 79 80 81 82 83 84 85 86 87 88 89 90 91 92 93 94 95 96 97 98 99 100 101 102 103 104 105 106 107 108 109 110 111 112 113 114 115 116 117 118 119 120 121 122 123 124 125 126 127 128 129 130 131 132 133 134 135 136 137 138 139 140 141 142 143 144 145 146 147 31 149 4 151 152 153 154 155 156 36 15 159 160 161 162 163 164 165 166 167 29 17 17 171 172 173 174 175 176 177 178 179 180 157 9 5 156 2 4 187 188 189 190 191 192 193 1 195 196 197 1 0
953?5??916566?0740848,?94,6?219?3996?5,?,5,8,9,94,4??,79?2,8,53,197,3??,7235,?85?4064,824,1998?,258012,40?6656247,88??,?3100?,49442217373,7?161,?3?612,583,?841,4660,77?6954,2753,?5?8,6486??04599?,242
0 0 0 0 4 2 0 7 0 9 3 11 12 9 14 15 9 17 18 19 2 21 22 23 0 25 26 27 28 27 30 7 32 33 34 35 36 37 9 39 40 41 42 43 44 45 46 47 48 49 50 51 52 53 54 55 56 0 58 59 60 61 62 63 64 65 66 67 68 69 70 71 72 73 74 75 76 77 78 79 80 75 5 18 74 85 86 87 88 89 90 91 92 93 81 95 96 97 98 99 100 101 102 103 104 105 106 107 108 73 110 57 6 18 114 115 116 60 118 119 120 40 113 88 62 125 126 127 128 86 130 131 132 16 5 70 2 137 138 139 124 126 142 143 144 145 119 147 148 145 150 151 152 153 154 155 156 157 158 159 160 161 162 163 164 165 166 167 168 95 69 171 172 173 174 175 176 177 178 179 180 181 182 183 184 185 186 113 115 189 127 191 139 6 59 195 196 197 4
5487055121429252,909?96?65611?,11,86,7923902988684769075669868098132,79722236010,267?1,786,7318760,67540?43442,423,324?,6149,8651,71589,223848,52?268,806023,2013149,129?574629,998,964846,947552388435
0 0 2 0 4 2 6 2 8 0 10 11 4 13 14 0 16 17 18 19 1 21 22 23 1 25 26 27 28 29 2 31 32 33 34 35 36 37 38 39 4 41 42 43 44 45 46 47 48 49 50 51 52 1 54 55 56 57 58 59 60 61 62 63 64 65 66 47 68 69 70 71 72 73 74 75 76 77 7 33 80 81 82 83 14 11 86 87 88 89 90 91 92 93 94 38 96 61 98 99 100 101 102 103 104 105 106 107 108 18 110 111 112 113 114 115 116 117 118 119 120 121 122 123 124 125 126 127 128 129 130 131 132 133 134 135 136 137 138 139 140 141 142 143 144 145 146 147 148 149 150 151 152 153 154 155 156 157 158 159 160 161 162 163 164 165 166 167 168 169 170 171 172 82 174 175 176 177 178 179 180 181 182 183 16 85 186 187 188 189 190 191 59 56 86 8 32 10 16
46?95?138???37?79???8?694614?693849,82?9,648824?,1?5??,??7,?04,3???11,?883,68104,3?5?16??,?7?,5?9?38?,?460,2?794?71,616,?543?86,9?70,?83?51,38???5,54?8???,815308???5,23133357,6?95,542?,9?93?646?11108
0 0 0 0 0 0 0 0 0 3 6 1 1 5 9 8 1 6 2 3 20 1 22 5 24 8 26 4 28 4 30 31 7 33 34 9 36 37 38 36 40 41 42 23 4 1 18 40 48 49 50 51 47 9 54 55 56 57 58 59 60 61 62 63 64 65 66 31 27 69 70 71 72 73 74 75 76 77 78 79 80 81 82 83 84 85 86 34 4 89 90 91 92 93 94 95 96 97 98 66 62 101 102 103 104 105 106 107 108 109 110 111 49 113 114 115 116 117 118 119 120 121 122 123 103 125 126 127 128 129 130 131 132 133 134 135 136 137 79 139 140 141 142 143 144 145 146 147 148 149 150 151 152 13 154 155 156 157 78 159 37 18 87 14 138 165 166 167 168 169 170 171 172 13 174 175 176 177 54 179 180 181 182 183 184 185 186 187 188 3 70 191 192 193 33 20 40 45 9
4392516?89591428052934146592028?4532526,2673,568,3232,7879,53389,355814,641?89,688229,28?7433,7640133,67135150,?9?0,755?390004,69506544,789878?27?1651,82733?91,31471060914885,338891,6743974,546941558
0 0 0 0 0 0 0 0 0 6 9 3 1 7 1 8 2 1 5 2 6 1 2 23 4 25 4 27 8 29 25 9 32 16 34 4 36 37 10 39 40 41 42 13 44 45 46 47 48 49 50 51 52 53 54 55 56 57 58 59 60 61 62 63 64 65 66 67 68 69 70 71 72 73 74 75 76 77 78 79 80 81 82 83 84 85 86 87 88 89 90 91 92 93 94 95 96 97 98 99 100 101 102 103 104 105 106 107 108 109 43 111 112 113 4 115 116 117 53 119 120 121 122 123 124 25 126 127 128 129 128 131 75 133 134 135 136 137 138 139 140 141 142 143 144 145 146 147 148 149 150 151 152 153 154 155 156 157 130 159 160 161 162 163 164 38 14 11 125 54 170 171 172 173 174 175 176 177 178 179 129 181 182 183 184 185 32 128 188 189 190 191 192 193 34 34 168 21 2
6?,1??,1?2,?9?,?98,2?59,8??1,?????,???7?,943315?,?4???1?3,5????31?,???7?0?4,8?3134?7,930???0?,466928??9,???892??271,??9??1?03651??2,3?01565?4?617??0?,??443?6?44???36?479?5,2912??29?022???45?0959??????
0 1 2 3 4 5 6 7 8 9 10 11 12 13 14 15 16 17 18 19 20 21 22 23 24 25 26 27 28 29 30 31 32 33 34 35 36 37 38 39 40 41 42 43 44 45 46 47 48 49 50 51 52 53 54 55 56 57 58 59 60 61 62 63 64 65 66 67 68 69 70 71 72 73 74 75 76 77 78 79 80 81 82 83 84 85 86 87 88 89 90 91 92 93 94 95 96 97 98 99 100 101 102 103 104 105 106 107 108 109 110 111 112 113 114 115 116 117 118 119 120 121 122 123 124 125 126 127 128 129 130 131 132 133 134 135 136 137 138 139 140 141 142 143 144 145 146 147 148 149 150 151 152 153 154 155 156 157 158 159 160 161 162 163 164 165 166 167 168 169 170 171 172 173 174 175 176 177 178 179 180 181 182 183 184 185 186 187 188 189 190 191 192 193 194 195 196 197 198 199
?32??57????46???31?83?9?83?7???84?89??2177?9??9?2?3??025???9?45??,698??,3??8,7??0???,??9?????1?1?062?7,941???7?12?,????656??1?24?951,6?7210,7941744132,5?34,3?4??4?4,975?0??,82,3?4?1,3????,???95?24?9?
0 0 0 0 0 0 0 0 7 4 1 8 0 13 1 7 16 2 18 7 20 21 8 23 24 2 26 27 2 29 30 31 4 33 34 35 1 37 38 39 3 41 42 43 1 45 46 47 2 49 50 51 52 1 54 55 56 57 7 59 60 61 62 63 20 65 66 67 68 69 24 71 72 73 74 75 58 77 78 79 80 81 82 83 84 85 86 87 88 89 90 91 92 93 94 95 96 97 98 99 100 46 102 103 104 105 106 107 108 109 110 111 112 112 114 115 116 117 118 119 103 121 122 123 124 125 126 127 128 129 130 131 132 133 134 135 136 137 138 139 140 141 142 143 144 145 18 13 55 19 150 151 152 153 154 155 156 157 158 159 160 1 17 14 164 165 166 167 38 27 61 171 172 173 174 51 176 177 178 179 180 181 182 183 184 185 186 187 188 189 190 191 192 5 56 29 13 49 6
80?,1024????,23??8??1?????243?39?2?8?1??52??48??1,2?????5??,7?8,9???,?7?3???????,???65???,8?,????2???216????,?4??11???490?,?8?????????,??7??4205???42?,7???,?3,?????9?,6????9??9?,???4,5??????62?8?????2
0 1 2 3 4 5 6 7 8 9 10 11 12 13 14 15 16 17 18 19 20 21 22 23 24 25 26 27 28 29 30 31 32 33 34 35 36 37 38 39 40 41 42 43 44 45 46 47 0 49 50 51 52 53 54 55 56 57 58 59 60 61 62 63 64 65 66 67 68 69 70 71 72 73 74 75 76 77 78 79 80 81 82 83 84 85 86 87 88 89 90 91 92 93 94 95 96 97 98 99 100 101 102 103 104 105 106 107 108 109 110 111 112 113 114 115 116 117 118 119 120 121 122 123 124 125 126 127 128 129 130 131 132 133 134 135 136 137 138 139 140 141 142 143 144 93 146 147 54 149 150 151 152 62 154 155 156 157 158 159 160 161 162 163 164 165 166 167 168 169 21 151 172 173 174 175 176 177 178 179 180 181 182 183 184 185 186 8 5 189 190 49 192 193 194 1 49 192 1 0
2??6734?1??0?4?35936???3?390??7?5?0?5??,5?48476,?7,3?,??,?9?,701,?3?395,?8843,373??,4???057,?8?25,??8??,5?4?8?,?6??1??,?5??41?05?5?,3??,822,?8??,??,?34?,?????1?,?59?,?5??,???05355,??7?636,?73??382?1?
0 0 0 0 0 0 0 0 0 8 4 1 5 5 9 4 8 8 9 6 9 7 3 8 1 3 7 3 28 18 5 31 6 33 13 5 36 37 27 39 40 41 42 12 13 29 36 12 48 49 50 51 52 53 54 55 56 57 58 20 60 61 62 63 64 65 66 67 11 51 70 71 72 73 74 23 69 77 78 79 80 81 82 83 84 85 86 87 88 87 90 91 92 93 94 95 96 97 98 99 100 101 102 103 104 105 106 107 108 109 110 111 112 113 114 115 116 117 118 119 120 121 122 123 124 125 85 127 128 129 5 131 132 133 134 135 136 137 138 37 140 141 142 1 144 145 146 147 148 149 82 19 152 153 154 155 116 157 34 150 160 161 162 163 164 165 166 167 168 169 170 171 172 173 174 175 148 177 178 179 180 181 182 45 37 67 64 187 188 189 190 191 149 25 37 13 18 22 7
82????????30?914???,??144,?,99??4,?,??0??7?????6??6??744?1?3??50??,?,5,8,?,??????8??3?6??84,86?62?5??86??480?5524????8???540?80?5???811?59?4598??0?????6?6???6?4,?6?02?1?9,??229??25??64????7????6???10?
0 0 2 3 4 5 6 7 0 9 10 11 12 13 14 15 0 17 18 19 20 21 22 23 3 25 26 27 28 29 30 9 32 33 34 35 36 37 38 39 40 41 42 43 44 45 17 47 48 49 50 51 52 53 54 55 56 57 58 59 60 61 62 63 64 0 66 67 68 69 70 71 72 73 74 75 76 77 78 79 80 81 82 83 84 85 86 87 88 89 90 91 92 93 94 95 96 97 57 99 100 101 102 103 104 105 106 107 108 109 110 111 112 113 114 115 116 117 118 119 120 121 122 123 124 125 126 127 128 129 130 131 132 133 134 135 136 137 138 139 140 141 142 143 144 145 146 23 148 149 150 151 152 153 154 155 156 157 158 159 160 161 162 163 164 165 166 93 168 52 170 171 172 173 174 175 176 177 178 179 43 21 70 60 152 185 16 1 38 182 29 13 18 193 194 195 196 1 1 0
1??????568???5??0?4?4?0?90??573?4?,???4???15?9?6??10?2????1??7,9?4,6?6007,?????8?3??,8?2,1???,????3??329,??1?9?7,????????4????5??????????,7?3?????4?4??,?6?7??0,??0?67?4,3595?2??5?23???,19???,?1???66?
0 0 0 0 0 0 0 0 0 4 7 3 4 8 14 5 16 7 1 19 20 21 9 23 24 25 26 27 28 29 6 31 32 33 34 35 36 37 38 39 40 34 37 30 9 36 44 39 48 49 50 51 52 53 12 19 56 57 58 59 60 48 62 63 64 65 66 67 68 69 70 28 72 73 74 75 76 77 24 79 80 81 82 83 84 85 86 87 88 89 90 91 92 93 94 95 96 97 36 25 100 101 102 103 104 105 106 107 108 109 110 111 112 113 114 115 116 117 118 119 120 121 122 81 124 118 126 127 128 129 130 131 132 133 134 135 136 137 138 139 140 141 142 143 144 145 146 147 148 149 150 151 152 153 154 155 156 157 158 159 160 161 162 163 164 165 166 73 168 169 170 171 172 173 94 175 176 177 25 109 180 181 182 56 184 185 186 187 188 3 190 191 192 193 14 18 2 23 5
3,4,5,6,8,88,739,9??,6612,9868,24020,421461?8,254945857,267140076,520646070,9845104275,5437289?593,63740430139,8953?169623,8250??529158,2567645?3568726,544066689151278,8541?6478441669,3922090879932421
0 1 2 3 4 5 6 7 8 9 10 11 12 13 14 15 16 17 18 19 20 21 22 23 24 25 26 27 28 29 30 31 32 33 34 35 36 37 38 39 40 41 42 43 44 45 46 47 48 49 50 51 52 53 54 55 56 57 58 59 60 61 62 63 64 65 66 67 68 69 70 71 72 73 74 75 76 77 78 79 80 81 82 83 84 85 86 87 88 89 90 91 92 93 94 95 96 97 98 99 100 101 102 103 104 105 106 107 108 109 110 111 112 113 114 115 116 117 118 119 120 121 122 123 124 125 126 127 128 129 130 131 132 133 134 135 136 137 138 139 140 141 142 143 144 145 146 147 148 149 150 151 152 153 154 155 156 157 158 159 160 161 162 163 164 165 166 167 168 169 170 171 172 173 174 175 176 177 178 179 180 181 182 183 184 185 186 187 188 189 190 191 192 193 194 195 196 197 198 199
92??1?417113?98??19??611?3????98371752?9?40?9??,7?63?,?2?8??2?868,29512,?4657?7?9?8?088,63953??586?1?5??59???4,33?8375,24910?737?9,??45,22677,94?70,901704???4,85??875658108???6485???74?63?845?9,6?8?45
0 0 0 0 0 5 0 7 8 4 10 5 12 5 14 15 0 17 18 19 1 21 22 1 24 25 26 1 28 29 30 31 32 0 34 35 36 37 38 39 40 41 42 43 44 2 46 47 48 49 50 51 52 53 54 55 56 57 58 59 60 61 25 14 9 65 66 67 68 69 70 71 72 73 74 75 76 69 78 79 80 81 82 83 84 22 45 87 88 89 90 91 92 93 94 95 96 97 98 99 100 101 71 103 104 105 106 107 108 109 110 111 112 113 114 115 116 117 118 119 120 121 122 123 124 125 126 56 128 57 130 131 132 133 134 135 136 137 138 139 140 141 142 143 144 145 146 43 148 149 150 151 152 153 154 155 156 157 158 159 160 161 162 163 164 165 166 167 168 169 47 75 172 140 111 175 176 177 178 179 42 181 182 183 184 185 186 187 188 189 190 15 7 193 194 195 64 8 5 0
758??924?1???7?1??74?81973?481??1?8,964935,614?781,84335,6?53?319048?,837?75?,12?8600,58??8,???795297????85?605,?4?79,554,?194??3365?6614,?6?5?8??644?6?,??44,?0180??,????987?0??17?378,74?41???155,929
0 0 0 0 0 0 0 0 0 2 1 5 9 8 6 8 16 17 18 12 20 21 22 23 6 17 26 27 28 9 1 31 32 33 34 35 36 37 38 27 18 30 42 43 44 45 46 47 48 49 50 51 52 53 37 55 56 57 58 59 60 61 62 63 64 65 66 35 34 69 70 71 72 44 74 52 76 77 78 79 80 81 64 83 84 85 86 87 88 89 90 91 92 93 94 95 96 97 62 99 100 101 102 103 104 105 106 107 108 46 76 111 112 113 114 115 13 117 118 119 120 121 122 123 124 125 126 127 128 129 130 49 132 133 134 135 136 137 138 139 140 141 130 62 144 145 146 40 127 149 150 151 152 153 154 155 156 157 158 159 160 161 162 40 103 165 166 167 168 169 170 171 42 39 59 175 143 153 178 179 180 181 164 183 184 185 186 187 188 5 18 33 192 20 2 195 196 197 7
371?70,80???673,?58?05?7?5,184774643?7?2,75??3576?3455??32384442?0?93?68?2,3546324170641?8??333???9??10?841?0918??9?41???7972?326?895?4?75?3?483??87?82?54?8?106274?81338?70?96?3??969718?5?531650,17?45
0 1 2 3 4 5 6 7 8 9 10 11 12 13 14 15 16 17 18 19 20 21 22 23 24 25 26 27 28 29 30 31 32 33 34 35 36 37 38 39 40 41 42 43 44 45 46 47 48 49 50 51 52 53 54 55 56 57 58 59 60 61 62 63 64 65 66 67 68 69 70 71 72 73 74 75 76 77 78 79 80 81 82 83 84 85 86 87 88 89 90 91 92 93 94 95 96 97 98 99 100 101 59 103 104 105 106 107 108 109 110 111 112 113 57 115 116 117 118 119 120 121 122 123 124 125 126 127 16 129 130 131 132 133 134 135 136 51 138 139 45 141 142 143 144 145 146 147 148 137 136 151 152 153 154 155 156 157 158 159 160 161 24 163 164 165 166 167 168 169 170 171 172 9 174 175 176 177 178 179 180 181 182 183 184 5 186 187 188 189 190 5 4 6 2 195 196 197 1 0
2,4,8,9,286,49?7,8589,70?56,5??13?,4301?66,72?10?0?,???4?555?,7??153????2,6??36??7479??88?,548????9?7?9?6311,9?6474880?48??511?????861??460?10829,250,??77?76?0?9,?5965??2?164,19?,???448,634?37156555?9
0 1 2 3 4 5 6 7 8 9 10 11 12 13 14 15 16 17 18 19 20 21 22 23 24 25 26 27 28 29 30 31 32 33 34 35 36 37 38 39 40 41 42 43 44 45 46 47 48 49 50 51 52 53 54 55 56 57 58 59 60 61 62 63 64 65 66 67 68 69 70 71 72 73 74 75 76 77 78 79 80 81 82 83 84 85 86 87 88 51 90 91 92 93 94 95 96 97 98 99 100 66 102 103 104 105 13 107 108 109 110 111 13 113 77 115 116 117 118 119 120 121 122 36 124 125 126 127 128 54 130 131 132 133 134 135 5 127 138 132 140 141 142 6 144 145 146 147 148 149 150 151 152 34 114 38 156 157 158 25 160 161 162 163 164 165 166 167 23 169 170 171 155 144 174 175 176 177 178 179 180 181 176 183 7 185 186 187 188 7 9 144 6 193 1 4 3 2 1 0
2,3,7,?,9,18,??,?6,9?,1??,175,??6,620,2??0,??38,?496,4?0??,??????,???2??,184?70?,?5115?1,1?6??19??,?04?07???,77?1?99?1,7?625????5,?38?????8?04,?1??36?1???512,?7?2????2411?1?166?5,?7?112299532446?2?567
0 1 2 3 4 5 6 7 8 9 10 11 12 13 14 15 16 17 18 19 20 21 22 23 24 25 26 27 28 29 30 31 32 33 34 35 36 37 38 39 40 41 42 43 44 45 46 47 48 49 50 51 52 53 54 55 56 57 58 59 60 61 62 63 64 65 66 67 68 69 70 71 72 73 74 75 76 77 78 79 80 81 82 83 84 85 86 87 88 89 90 91 92 93 94 95 96 97 98 99 100 101 102 103 104 105 106 107 108 109 110 111 112 113 114 115 116 117 118 119 120 121 122 123 124 125 126 127 128 129 130 131 132 133 134 135 136 137 138 139 140 141 142 143 144 145 146 147 148 149 150 151 152 153 154 155 156 157 158 159 160 161 162 163 164 165 166 167 168 169 170 171 172 173 174 175 176 177 178 179 180 181 182 183 184 185 186 187 188 189 190 191 192 193 194 195 196 197 198 199
1,5,?,8,9,2?,3?,??1,5??,??7???,1331836,230?45?,5??08??9,400?771?3?9,5???51?044?,12??3???2???5,4?61?111??26?8,454???????6028,6??379?23?4?8607,???3?0??662?84269?1?9???,6??51??0606128??7?5?09????0?31?16?
0 1 2 3 4 5 6 7 8 9 10 11 12 13 14 15 16 17 18 19 20 21 22 23 24 25 26 27 28 29 30 31 32 33 34 35 36 37 38 39 40 41 42 43 44 45 46 47 48 49 50 51 52 53 54 55 56 57 58 59 60 61 62 63 64 65 66 67 68 69 70 71 72 73 74 75 76 77 78 79 80 81 82 83 84 85 86 87 88 89 90 91 92 93 94 95 96 97 98 99 100 101 102 103 104 105 106 107 108 109 110 111 112 113 114 115 116 117 118 119 120 121 122 123 124 125 126 127 128 129 130 131 132 133 134 135 136 137 138 139 140 141 142 143 144 145 146 147 148 149 150 151 152 153 154 155 156 157 158 159 160 161 162 163 164 165 166 167 168 169 170 171 172 173 174 175 176 177 178 179 180 181 182 183 184 185 186 187 188 189 190 191 192 193 194 195 196 197 198 199
?81969369471115873?8376997,952916741839662,1749216,83?958,3188?779,?168?839,315640543,1152530?073700?470,68738826,4?565?65383,6751903,?5153,6672,5093239?2867864765620791634432,51420,?64763,10331384?9
0 0 0 0 0 3 4 3 8 0 10 11 3 13 14 15 4 17 18 19 0 21 22 23 24 25 21 27 28 29 30 27 32 33 34 5 36 37 38 39 40 12 42 43 44 45 46 47 39 38 50 51 52 53 54 55 26 57 58 59 60 61 62 63 64 65 66 67 68 69 70 71 72 73 74 75 76 77 78 79 80 81 82 83 84 85 86 87 88 89 90 91 92 93 94 95 67 97 98 99 100 101 102 103 104 105 106 107 108 109 110 111 112 113 114 115 116 117 118 119 120 121 122 54 124 125 126 127 128 129 130 131 7 133 134 135 136 137 12 139 140 141 142 143 144 145 146 147 148 149 140 151 152 153 154 71 156 157 158 106 160 161 162 163 164 165 67 167 168 169 170 171 172 173 15 175 176 177 178 179 180 181 182 183 184 185 186 187 188 189 190 191 192 193 194 195 4 3 5
???6?01??818?25??2?122103?5319?9???4?0?10?6?57,??7??,?7986?,680,2?967?5?0?17,?0??,647?9?,?1686?,207654???05?51913750,7?2?0,50??8?,??1?57,55?1035,?760?9?99??2?549??,3?1??612919?6454?2?,?0?,?710,1?5??67
0 0 0 0 0 5 2 0 8 5 8 3 5 3 0 15 4 17 2 19 4 21 0 23 24 15 26 27 4 29 30 31 32 33 34 35 36 37 1 22 31 16 32 29 42 20 46 47 48 49 50 51 52 53 54 55 56 57 8 10 60 61 36 63 64 65 66 67 68 69 70 71 72 73 74 62 76 77 78 79 80 81 82 83 84 85 60 87 88 89 90 91 36 43 75 95 96 97 98 99 100 101 102 103 104 105 106 107 108 45 41 82 112 113 114 115 116 117 118 119 120 121 122 123 124 125 126 127 128 129 130 131 132 133 134 135 136 137 138 139 140 141 142 143 144 145 146 147 148 149 150 151 152 140 154 155 156 104 158 159 160 161 37 163 164 165 166 167 168 169 170 171 172 173 174 175 170 177 178 179 180 181 91 183 184 185 186 187 188 189 190 12 192 193 194 195 196 59 23 0
6,2635,2642,55628,914673,7,8,19,354073,5213613821801,2,3,4,5,7,8,9,78,2702,57495,119,7893,59169?9,670996,269832933,295,379,276815,57111314,138694542,3750,48931315710,9134,915502595,9300184,2501443824
0 1 2 3 4 0 6 7 8 9 0 11 12 13 14 15 16 17 18 19 20 21 22 0 24 25 26 27 28 29 30 31 32 33 34 35 36 12 38 39 40 41 42 43 44 45 46 47 48 49 50 0 52 53 54 55 56 57 58 59 60 61 62 63 64 65 66 67 68 69 70 71 72 73 74 75 76 77 78 28 80 81 82 83 84 85 86 87 52 89 90 91 76 93 94 32 96 97 98 99 100 10 46 94 104 105 106 107 108 109 82 111 16 38 114 115 116 117 118 119 120 121 122 123 124 125 126 40 41 129 130 131 132 130 134 135 136 102 138 139 140 141 142 143 144 124 146 147 148 149 150 151 152 153 154 155 156 157 24 19 160 161 162 36 26 165 166 167 143 169 170 171 172 173 174 175 176 144 59 48 163 181 182 183 184 185 186 28 188 189 190 191 42 14 114 114 12 52 1
5???4779?5?598??8??8693?8?40,2??782???79,4693,30?71??0?5876??5?93953039?,3,5,?,?,9,43659,64,4?2,3??98,?,9,5?,?8,36?8,4??2,827?28??26?,?91,???8?,860685,67?11?6?,144,335,93?9,152,7?3,??7?,3?60??,?22??7
0 0 0 0 0 0 6 5 0 9 4 2 12 2 14 0 16 17 18 0 20 21 22 16 24 25 26 27 16 29 30 31 32 20 34 35 36 37 38 29 40 41 42 43 29 45 46 47 48 49 3 51 52 53 54 55 56 2 58 59 60 61 62 63 64 65 66 67 68 69 70 71 30 73 74 75 76 77 78 79 80 81 82 83 84 85 41 87 88 89 90 91 92 93 94 95 96 97 98 99 100 5 102 103 104 105 106 107 108 109 110 111 112 113 114 115 116 117 118 119 120 121 122 123 124 125 126 127 128 112 130 131 3 133 134 135 132 137 138 139 140 141 142 143 144 145 146 147 148 136 150 151 152 153 133 123 156 157 78 159 160 161 162 163 164 165 166 167 168 169 170 42 172 173 174 175 176 177 178 179 180 181 182 183 184 185 186 187 188 189 190 20 192 193 194 195 133 10 16
?841?4?7?236?337?6???????2???6?0?718?????012??072??873?2840?3329?60????9??2?74014?22234?9?4??64??401?80104??8???63????27?6204?85?49?????,?8?96????777???,???36?40?972?49??7??58??38?53648?7??0????9,??0?
0 1 2 3 4 5 6 7 8 9 10 11 12 13 14 15 16 17 18 19 20 21 22 23 24 25 26 27 28 29 30 31 32 33 34 35 36 37 38 39 40 41 42 43 44 45 46 47 48 49 50 51 52 53 54 55 56 57 58 59 60 61 62 63 64 65 66 67 68 69 70 71 72 73 74 75 76 77 78 79 80 81 82 83 84 85 86 87 88 89 90 91 92 93 94 95 96 97 98 99 100 101 102 103 104 105 106 107 108 109 110 111 112 113 114 115 116 117 118 119 120 121 122 47 1 125 126 127 128 129 130 131 37 133 30 14 136 137 138 139 140 141 142 143 144 145 146 147 148 149 150 151 152 153 154 155 156 157 158 159 160 161 162 163 164 165 166 167 168 22 132 4 172 173 174 175 176 177 5 173 180 181 182 183 130 185 185 182 188 6 179 8 190 172 1 195 196 197 198 0
651?41???4??37196??309996?4?36871?4?7???22,??8,9,?00093,?,6?7,65,11?43878?229066,???7?7263?6?,27???275,???6,205?08???046,4?7505,??0???9?,684?,?6?2?8??73,7?740?5,?1?,6??58401?74?679,?9?7?405?5?344?64?5
0 1 0 3 0 5 6 0 8 9 2 0 12 13 14 0 16 17 18 19 20 16 22 23 24 25 8 27 28 29 30 31 32 3 34 35 36 37 38 39 40 41 12 43 44 45 46 47 48 49 50 51 52 53 34 55 56 57 58 59 60 61 62 63 64 65 66 67 68 5 70 71 72 73 74 75 76 77 78 79 80 81 82 83 84 85 86 87 34 89 90 91 92 93 94 95 96 97 98 99 100 101 102 103 104 105 106 107 108 109 110 111 112 113 75 115 116 117 118 96 120 121 122 123 94 125 126 127 128 129 130 131 132 133 134 135 136 137 138 139 140 141 142 143 144 145 146 147 148 149 150 151 152 153 154 155 156 157 158 48 160 161 162 163 164 165 166 167 18 137 170 171 172 173 174 175 176 177 178 32 180 181 182 183 184 185 186 187 188 35 14 191 192 193 194 195 17 6 1 0
5?4??138245?24141?5???4?6954,?9?,4??4,?129??20773,24211,3?15408?2??8075,4?24?38?36?????402?????0915?,270?9085??1?,??47??,?5??078,7182?,94457,6?41?34?857,?398510?,5601??1034?,75?563?7??8?6098?3,96?70?
0 0 0 0 0 0 0 0 0 4 2 3 2 6 2 1 4 4 18 6 20 4 12 23 24 25 26 2 28 29 30 31 32 33 34 35 36 37 38 39 40 41 42 43 44 45 46 47 48 49 50 51 52 53 54 55 56 57 58 59 60 59 62 63 64 65 66 67 68 69 12 71 72 73 74 39 76 77 78 79 80 81 82 83 84 85 86 87 88 89 90 20 92 93 94 95 57 97 98 99 100 101 102 103 104 105 106 6 65 109 110 111 112 113 114 115 116 117 118 119 120 121 122 123 124 125 126 48 128 129 130 131 132 133 134 135 136 137 138 139 140 141 142 143 144 145 146 17 148 149 150 151 152 153 154 155 132 157 157 30 160 161 162 163 164 165 166 167 168 169 170 171 42 173 174 175 176 177 178 25 180 172 92 166 74 92 153 187 188 189 160 8 192 193 194 195 196 197 198
34??32?1?,704,31,798,57,?9?6,?3,507,?,7,9,17,?88,62?1?0,197,57??4?1?69?,136410648?1?067483?6,7,?,?,38,6?,68,?2?,27?,357,?80,?2?5,114?136?49?,184?,47,3219,629?3??9,52?5,9?94?2,5089,446?5,50?94408?64?9
0 0 2 0 4 5 0 7 8 9 10 11 12 1 14 15 16 17 18 0 20 21 22 23 24 25 26 14 28 29 30 31 32 33 34 4 36 37 38 39 40 41 42 43 44 45 46 47 48 49 50 51 52 21 54 55 56 57 58 59 60 61 62 63 64 65 66 67 68 69 70 71 72 73 74 75 76 77 78 79 80 81 82 83 84 85 86 87 88 89 90 0 92 93 94 95 96 97 98 99 100 101 102 103 104 105 106 107 108 109 110 111 112 113 114 115 116 117 118 119 120 121 122 123 124 125 126 127 128 129 130 131 132 133 134 135 136 137 138 40 140 141 142 29 144 145 146 147 148 149 150 151 66 153 154 155 156 157 158 159 160 35 162 163 164 165 166 167 168 169 170 171 58 6 174 175 176 177 178 179 180 181 182 183 184 185 186 187 188 189 190 59 174 17 194 6 15 8 92
1,2,?,4,5,6,7,9,11,32,45,6?,?06,208,408,7?6,8?7,1410,233??324?,4874,5271,61?7?802???400,9376,43197,20704?,80227?5,?20?1337,442??3043,443?607621,231973?210?78,8956598702195,16507?144?42?64781215388901?
0 1 2 3 4 5 6 7 8 9 10 11 12 13 14 15 16 17 18 19 20 21 22 23 24 25 26 27 28 29 30 31 32 33 34 35 36 37 38 39 40 41 42 43 44 45 46 47 48 49 50 51 52 53 54 55 56 57 58 59 60 61 62 63 64 65 66 67 68 69 70 71 72 73 74 75 76 77 78 79 80 81 82 83 84 85 86 87 88 89 90 91 92 93 94 95 96 97 98 99 100 101 102 103 104 105 106 107 108 109 110 111 112 113 114 115 116 117 118 119 120 121 122 123 124 125 126 127 128 129 130 131 132 133 134 135 136 137 138 139 140 141 142 143 144 145 146 147 148 149 150 151 152 153 154 155 156 157 158 159 160 161 162 163 164 165 166 167 168 169 170 171 172 173 174 175 176 177 178 179 180 181 182 183 184 185 186 187 188 189 190 191 192 193 194 195 196 197 198 199
?,?,?,18?,?35447?9,????42??3??8?????0,?784?59???7??6?3?08??3???,3???????81275????6??8?,?3095607?6?5?0?2036??9,17??20?772?9??97?8966?04,5?8?197????83?,?75?????0?1?633831?94???6,96???3,?7????,??,793585?
0 1 2 3 4 5 6 7 8 9 10 11 12 13 14 15 16 17 18 19 20 21 22 23 24 25 26 27 28 29 30 31 32 33 34 35 36 37 38 39 40 41 42 43 44 45 46 47 48 49 50 51 52 53 54 55 56 57 58 59 60 1 58 63 64 65 66 67 68 69 70 71 72 73 74 75 76 77 78 79 80 81 82 83 84 85 86 87 88 89 90 91 92 93 94 95 96 97 98 99 100 101 102 103 104 105 106 107 108 109 110 111 112 113 114 115 116 117 118 119 120 121 122 123 124 125 126 127 128 129 130 131 132 18 134 135 136 137 138 139 140 141 142 143 144 8 37 37 17 149 150 151 152 153 154 155 156 157 158 14 37 10 162 163 136 165 166 167 168 169 170 171 172 11 174 175 176 177 178 10 180 181 182 183 184 185 186 2 188 189 190 191 192 193 194 195 188 1 1 0
1,3,4,?,?,7,?,?,39,??,??,4?3,??5,7531,???6,???3?,62767,???930,1??0??6,?4??56?,7??????,7???1??,31???30?3,??1102???,60??847?702?,??4?7530??6?,2??2811??0??5,?8?4??0??10????5865,?0??3??6?4??8?2?3??5??70?9
0 1 2 3 4 5 6 7 8 9 10 11 12 13 14 15 16 17 18 19 20 21 22 23 24 25 26 27 28 29 30 31 32 33 34 35 36 37 38 39 40 41 42 43 44 45 46 47 48 49 50 51 52 53 54 55 56 57 58 59 60 61 62 63 64 65 66 67 68 69 70 71 72 73 74 75 76 77 78 79 80 81 82 83 84 85 86 87 88 89 90 91 92 93 94 95 96 97 98 99 100 101 102 103 104 105 106 107 108 109 110 111 112 113 114 115 116 117 118 119 120 121 122 123 124 125 126 127 128 129 130 131 132 133 134 135 136 137 138 139 140 141 142 143 144 145 146 147 148 149 150 151 152 153 154 155 156 157 158 159 160 161 162 163 164 165 166 167 168 169 170 171 172 173 174 175 176 177 178 179 180 181 182 183 184 185 186 187 188 189 190 191 192 193 194 195 196 197 198 199
1,2,?,5,?,9,?4,?0,88,4??,???,?19,?1?,92?,213?,413?,7076,??331,?3???,78530,?9?95,1?8??5?,3870910,42?77?4,6??80?4,68?821?,??09?34,275??5??7?,7?0193??1557,262?0??????68?,66??08972???8962,9?2?05008056463?
0 1 2 3 4 5 6 7 8 9 10 11 12 13 14 15 16 17 18 19 20 21 22 23 24 25 26 27 28 29 30 31 32 33 34 35 36 37 38 39 40 41 42 43 44 45 46 47 48 49 50 51 52 53 54 55 56 57 58 59 60 61 62 63 64 65 66 67 68 69 70 71 72 73 74 75 76 77 78 79 80 81 82 83 84 85 86 87 88 89 90 91 92 93 94 95 96 97 98 99 100 101 102 103 104 105 106 107 108 109 110 111 112 113 114 115 116 117 118 119 120 121 122 123 124 125 126 127 128 129 130 131 132 133 134 135 136 137 138 139 140 141 142 143 144 145 146 147 148 149 150 151 152 153 154 155 156 157 158 159 160 161 162 163 164 165 166 167 168 169 170 171 172 173 174 175 176 177 178 179 180 181 182 183 184 185 186 187 188 189 190 191 192 193 194 195 196 197 198 199
421629?93380??193?2?,?04?4?,73?5??8,9??,1??68,?64912?,?29?1?90???,8???01,7???050,805???0,9464??6??51?010?,908???,464?0???57?3,1??901??????7?6,2?5?16???49350????0?,??84?3?,?9???7?2?157?,534510?79?????
0 0 0 0 4 0 6 4 0 9 10 11 0 13 14 15 3 17 18 19 13 21 22 23 24 25 9 27 28 29 30 31 32 33 34 3 36 37 38 39 40 41 42 43 24 45 46 47 48 49 50 49 52 53 54 55 56 57 58 59 46 61 62 63 64 65 66 67 68 69 70 71 72 73 74 75 76 77 78 79 80 81 82 83 84 85 86 87 88 89 90 91 92 93 94 95 21 97 97 29 13 85 102 103 51 105 106 107 108 109 110 111 112 113 114 115 116 117 118 119 83 121 122 123 124 125 126 127 128 129 130 131 132 133 73 135 136 137 138 139 140 141 142 143 144 145 146 147 148 149 66 151 152 153 154 155 2 16 158 118 160 71 162 163 164 165 166 167 168 169 170 171 172 173 174 175 176 177 151 179 180 181 182 14 184 185 186 187 188 35 32 15 24 98 5 36 196 1 13
2??7?,1??8???02??6?9?379????9??????5?6??,????3??,569?7?????3,635?3????143?25??1?50??110????6??0?184??3??,8?8?7?6?4?059???4,?20??38?80????03350??2?9230414?38??2??7?4??764?99?22460?96??9??????114855????
0 1 2 3 4 5 6 7 8 9 10 11 12 13 14 15 16 17 18 19 20 21 22 23 24 25 26 27 28 29 30 31 32 33 34 35 36 37 38 39 40 41 42 43 44 45 46 47 48 49 50 51 52 53 54 55 56 57 58 59 60 61 62 63 64 65 66 67 68 69 70 71 72 73 74 75 76 77 78 79 80 81 82 83 84 85 86 87 88 89 90 91 92 93 94 95 96 97 98 99 100 101 102 103 104 105 106 107 108 109 110 111 112 113 114 115 116 117 118 119 120 121 122 123 124 125 126 127 128 129 130 131 132 133 134 135 136 137 138 139 140 141 142 143 144 145 146 147 148 149 150 151 152 153 154 155 156 157 158 159 160 161 162 163 164 165 166 167 168 169 170 171 172 173 174 175 176 177 178 179 180 181 182 183 184 185 186 187 188 189 190 191 192 193 194 195 196 197 198 199
????7??6?10?18?8?68??7?9??7?59?03??747125459,331???39930077828252?997???48?5?0??196?8?3082??33???96181?49?95?87?8???8?9???1??444832133?75???59?795491394??06660???7?8?3554913??28??90??936?0?88?36?4?39?
0 1 2 3 4 5 6 7 8 9 10 11 12 13 14 15 16 17 18 19 20 21 22 23 24 25 26 27 28 29 30 31 32 33 34 35 36 37 38 39 40 41 42 43 44 45 46 47 48 49 50 51 52 53 54 55 56 57 58 59 60 61 62 63 64 65 66 67 68 69 70 71 72 73 74 75 76 77 78 79 80 81 82 83 84 85 86 87 88 89 90 91 92 93 94 95 96 97 98 99 100 101 102 103 104 105 106 107 108 109 110 111 112 113 114 115 116 117 118 119 120 121 122 123 124 125 126 127 128 129 130 131 132 133 134 135 136 137 138 139 140 141 142 143 144 145 146 147 148 149 150 151 152 153 154 155 156 157 158 159 160 161 162 163 164 165 166 167 168 169 170 171 172 173 174 175 176 177 178 179 180 181 182 183 184 185 186 187 188 189 190 191 192 193 194 195 196 197 198 199
15???7?9?6?6?3??4????9,5?50?1965?3?????3?74?6??71?,72?7?,?2??????22?271?83436?2??3?1??,?????4??????08,??3?1,8??3???100??1??0?9?5??66??307????6,??2???3?6?2?57??,2???6??673????,5??4,?401??448?85????5??
0 0 0 0 4 0 6 0 8 3 1 0 12 0 14 1 1 4 0 19 14 21 8 23 24 25 2 27 28 29 7 31 32 4 34 35 36 37 19 39 40 41 42 43 12 45 46 47 48 49 2 51 52 53 54 55 1 57 58 59 60 61 62 16 64 65 66 67 68 6 70 71 72 73 74 75 8 77 78 79 80 81 82 12 84 85 86 87 88 89 90 91 57 93 94 95 96 97 98 99 100 3 102 103 104 105 106 107 108 109 110 21 112 113 114 115 116 117 118 119 64 121 122 123 124 125 126 127 128 129 130 131 49 133 134 135 136 137 138 139 140 141 142 143 144 145 146 147 148 149 150 151 93 56 87 155 156 157 158 159 160 161 162 163 164 165 166 167 168 169 170 171 172 22 174 175 176 177 178 179 180 181 182 183 184 185 186 187 188 189 190 38 45 115 53 6 13 45 14
1,2,5,8,9,10,36,149,164,239,303,348,?45,630,834,1775,2131,6929,9116,9670,17453224,45424295538333,12489272406833,27743,115256,602020420,9634350,934,10007,9832148658078,88,695,79806,3685,964649793733989
0 1 2 3 4 5 6 7 8 9 10 11 12 13 14 15 16 17 18 19 20 21 22 23 24 25 26 27 28 29 30 31 32 33 34 35 36 37 38 39 40 41 42 43 44 45 46 47 48 49 50 51 52 53 54 55 56 57 58 59 60 61 62 63 64 65 66 67 68 69 70 71 72 73 74 75 76 77 78 79 80 81 82 83 84 85 86 87 88 89 90 91 79 59 94 95 96 97 98 99 100 101 31 87 104 105 92 98 108 109 110 111 112 113 114 115 116 117 118 119 120 121 122 123 124 125 126 127 128 129 130 2 33 133 134 135 136 137 132 18 134 9 142 143 144 139 146 147 148 149 150 39 152 153 154 155 156 41 158 139 38 35 20 163 164 132 166 167 168 169 170 171 172 173 174 175 176 171 178 179 180 181 182 183 184 185 186 187 188 149 190 147 192 193 4 2 1 197 1 0
48563537,732095274719116589402?61?7103?3198?1983721832119903256868962815098118582687?99?11236015903395,196827677?35937028271892504935?14299276?90?9?41023954?799184746377217126397839072928818938323?721
0 1 2 3 4 5 6 7 8 9 10 11 12 13 14 15 16 17 18 19 20 21 22 23 24 25 26 27 28 29 30 31 32 33 34 35 36 37 38 39 40 41 42 43 44 45 46 47 48 49 50 51 52 53 54 55 56 57 58 59 60 61 62 63 64 65 66 67 68 69 70 71 72 73 74 75 76 77 78 79 80 81 82 83 84 85 86 87 88 89 90 91 92 93 94 95 96 97 98 99 100 101 102 103 104 105 106 107 108 109 110 111 112 113 114 115 116 117 118 119 120 121 122 123 124 125 126 127 128 129 130 131 132 133 134 135 136 137 138 139 140 141 142 143 144 145 146 147 148 149 150 151 152 153 154 155 156 157 158 159 160 161 162 163 164 165 166 167 168 169 170 171 172 173 174 175 176 177 178 179 180 181 182 183 184 185 186 187 188 189 190 191 192 193 194 195 196 197 198 199
1,?,3,?,?,?,?,8,?,21,2?,5?,?3,8?,?9,9?,???,???,383,5??,58?,?611,?678,62??,??04,74?5,787?,8?0?,4?86?,53??5,54???,2?335?,2?787?,?04????,780??19,??7??45,?2201?0,7?483?14,71??16??1,876?464??45,97728??19??
0 1 2 3 4 5 6 7 8 9 10 11 12 13 14 15 16 17 18 19 20 21 22 23 24 25 26 27 28 29 30 31 32 33 34 35 36 37 38 39 40 41 42 43 44 45 46 47 48 49 50 51 52 53 54 55 56 57 58 59 60 61 62 63 64 65 66 67 68 69 70 71 72 73 74 75 76 77 78 79 80 81 82 83 84 85 86 87 88 89 90 91 92 93 94 95 96 97 98 99 100 101 102 103 104 105 106 107 108 109 110 111 112 113 114 115 116 117 118 119 120 121 122 123 124 125 126 127 128 129 130 131 132 133 134 135 136 137 138 139 140 141 142 143 144 145 146 147 148 149 150 151 152 153 154 155 156 157 158 159 160 161 162 163 164 165 166 167 168 169 170 171 172 173 174 175 176 177 178 179 180 181 182 183 184 185 186 187 188 189 190 191 192 193 194 195 196 197 198 199
1,2,3,6,9,33,49,66,69,81,260,447,551,1640,2513,4232?5831,9264,95037,185258,972542,7566917,38176873,68737782,385222843,3205490238?41536529599,84846084720,7473387669933,1957679?1777953,69685331119709157
0 1 2 3 4 5 6 7 8 9 10 11 12 13 14 15 16 17 18 19 20 21 22 23 24 25 26 27 28 29 30 31 32 33 34 35 36 37 38 39 40 41 42 43 44 45 46 47 48 49 50 51 52 53 54 55 56 57 58 59 60 61 62 63 64 65 66 67 68 69 70 71 72 73 74 75 76 77 78 79 80 81 82 83 84 85 86 87 88 89 90 91 92 93 94 95 96 97 98 99 100 101 102 103 104 105 106 107 108 109 110 111 112 113 114 115 116 117 118 119 120 121 122 123 124 125 126 127 128 129 130 131 132 133 134 135 136 137 138 139 140 141 142 143 144 145 146 147 148 149 150 151 152 153 154 155 156 157 158 159 160 161 162 163 164 165 166 167 168 169 170 171 172 173 174 175 176 177 178 179 180 181 182 183 184 185 186 187 188 189 190 191 192 193 194 195 196 197 198 199
??4?1?5??3532??29,?09?41,66??89??65?51,8?25?7,58??332?52??,711?3,???8??60?1?6?7?22?6,???,???20,??5??955,5??2????46065273??5569?,6???834?1?61?,849?3?8??2223?,2?751,?6?0?1,??99?7??6????9??560?4?76?3994
0 0 0 1 0 5 2 0 8 9 9 0 12 13 14 15 1 17 18 19 7 21 22 3 24 25 26 27 8 29 30 31 32 5 34 35 36 37 6 39 40 41 42 5 44 45 46 47 48 8 50 51 52 53 54 55 0 57 58 59 60 61 62 63 12 65 66 67 68 69 70 57 72 73 74 75 76 77 78 79 80 81 82 29 84 85 86 87 88 89 90 91 92 93 94 95 96 44 98 99 100 101 102 103 104 105 106 107 108 109 110 57 112 113 114 115 116 117 118 119 120 121 122 123 124 125 15 127 128 129 130 123 128 133 134 135 136 137 138 139 24 141 142 143 144 145 146 147 148 149 150 151 152 153 154 155 156 157 158 159 160 161 162 163 164 165 166 167 55 169 170 171 172 173 174 175 176 177 178 144 46 181 182 183 17 185 186 187 188 129 190 184 43 54 61 31 141 34 2
1?2?3?4??,????8,9,4??????95?318,?????5?,9????2??,?003??72???95?,?4?2,1??90????60???5?2??8,8?????22????6???,6?3??????8?4???70?1???2?????5?????1????4?9,??7,???,???????400?7??58????69??1?2??????15,??????
0 1 2 3 4 5 6 7 8 9 10 11 12 13 14 15 16 17 18 19 20 21 22 23 24 25 26 27 28 29 30 31 32 33 34 35 36 37 38 39 40 41 42 43 44 45 46 47 48 49 50 51 52 53 54 55 56 57 58 59 60 61 62 63 64 65 66 67 68 69 70 71 72 73 74 75 76 77 78 79 80 81 82 83 84 85 86 87 88 89 90 91 92 93 94 95 96 97 51 99 100 101 102 103 104 48 106 107 108 109 110 111 38 110 114 115 116 117 118 119 120 121 122 123 124 125 126 127 128 129 130 131 132 133 134 135 49 137 138 139 140 141 142 143 144 145 10 147 23 149 150 151 152 153 154 155 156 157 158 159 160 161 162 163 164 165 166 13 156 18 170 13 11 170 174 175 176 177 4 3 180 181 182 183 184 185 186 187 188 189 190 7 4 193 194 195 1 197 1 0
2???7???9???????9???3?574,?4?08?9???3??6?5?50?28???7??0,????7??5???206?4?8????8?1????????45????????91??2?64???87703??24848?111528??199??,8????????0??4???87??0660?????905??31?0?21???6??69?89??984?2????
0 1 2 3 4 5 6 7 8 9 10 11 12 13 14 15 16 17 18 19 20 21 22 23 24 25 26 27 28 29 30 31 32 33 34 35 36 37 38 39 40 41 42 43 44 45 46 47 48 49 50 51 52 53 54 55 56 57 58 59 60 61 62 63 64 65 66 67 68 69 70 71 72 73 74 75 76 77 78 79 80 81 82 83 84 85 86 87 88 89 90 91 92 93 94 95 96 97 98 99 100 101 102 103 104 105 106 107 108 109 110 111 112 113 114 115 116 117 118 119 120 121 122 123 124 125 126 127 128 129 130 131 132 133 134 135 136 137 138 139 140 141 142 143 144 145 146 147 148 149 150 151 152 153 154 155 156 157 158 159 160 161 162 163 164 165 166 167 168 169 170 171 172 173 174 175 176 177 178 179 180 181 182 183 184 185 186 187 188 189 190 191 192 193 194 195 196 197 198 199
?6??????5???????3??38??416?0866?9??3?92?48?70504?6?4??????56,??,??9?68?6144???7,???7??4?6???1?93?07??93????4,5???7,9??7,??????803???25?8?54?4,9??6?6??2??1??9??0?0,???39?????2??04??9????5?4?,6??????4?
0 0 0 0 0 5 0 7 4 9 0 11 12 0 14 15 16 14 18 19 20 1 22 23 24 25 14 27 28 29 30 14 32 33 34 35 36 3 38 39 40 41 42 0 44 45 46 47 48 49 50 51 52 5 54 55 56 57 58 59 60 61 62 2 64 65 66 67 68 69 70 71 72 73 22 75 76 77 78 79 80 81 82 83 84 85 86 44 88 89 90 91 92 93 94 95 96 97 98 99 100 101 102 103 104 54 106 107 108 109 110 111 112 113 114 115 116 117 118 119 120 121 122 3 124 125 126 127 99 112 130 131 132 133 134 135 136 137 56 139 10 141 142 143 144 145 117 147 121 149 37 151 152 153 154 155 156 157 158 159 160 57 162 163 164 165 153 167 168 169 170 171 172 173 174 175 176 177 178 179 180 181 182 183 111 185 80 187 54 189 190 140 88 9 190 90 65 8 2
5,7,9,58,68,124,2083,2?51,5410,6362,4?5354,?7?932??6,381?33?886?,4102??84979,5?89811592894,9542613926352?6,8100?105432?735?,22?5820066330?930,3375?29062899221?,60490085?845359944,98?7487?798918?891078
0 1 2 3 4 5 6 7 8 9 10 11 12 13 14 15 16 17 18 19 20 21 22 23 24 25 26 27 28 29 30 31 32 33 34 35 36 37 38 39 40 41 42 43 44 45 46 47 48 49 50 51 52 53 54 55 56 57 58 59 60 61 62 63 64 65 66 67 68 69 70 71 72 73 74 75 76 77 78 79 80 81 82 83 84 85 86 87 88 89 90 91 92 93 94 95 96 97 98 99 100 101 102 103 104 105 106 107 108 109 110 111 112 113 114 115 116 117 118 119 120 121 122 123 124 125 126 127 128 129 130 131 132 133 134 135 136 137 138 139 140 141 142 143 144 145 146 147 148 149 150 151 152 153 154 155 156 157 158 159 160 161 162 163 164 165 166 167 168 169 170 171 172 173 174 175 176 177 178 179 180 181 182 183 184 185 186 187 188 189 190 191 192 193 194 195 196 197 198 199
1,2??,??7?9?16,44?82?98,2????44?6??,6877,?6????8973,??73?6?8?4?298158?920??4?98?7864??394??2598957?994??3,???50?47????3?6,8?04??9??00?396,7?5??561?2?017?9??745?4??811?5?8??5?63???8?40?3?294??60?8192??
0 1 2 3 4 5 6 7 8 9 10 11 12 13 14 15 16 17 18 19 20 21 22 23 24 25 26 27 28 29 30 31 32 33 34 35 36 37 38 39 40 41 42 43 44 45 46 47 48 49 50 51 52 53 54 55 56 57 58 59 60 61 62 63 64 65 66 67 68 69 70 71 72 73 74 75 76 77 78 79 80 81 82 83 84 85 86 87 88 89 90 91 92 93 94 95 96 97 98 99 100 101 102 103 104 105 106 107 108 109 110 111 112 113 114 115 116 117 118 119 120 121 122 123 124 125 126 127 128 129 130 131 132 133 134 135 136 137 138 139 140 141 142 143 144 145 146 147 148 149 150 151 152 153 154 155 156 157 158 159 160 161 162 163 164 165 166 167 168 169 170 171 172 173 174 175 176 177 178 179 180 181 182 183 184 185 186 187 188 189 190 191 192 193 194 195 196 197 198 199
5416298?7597??4403820563425?29123362318??96?01?366??37???,??94,?935801?53566?????9?0?7307?4,3757067??7?951??,4?967??,68?17??9741?0,25557???978?9442?89982,1262?3431?288,?26,852??617,6225,?288,4727780?
0 0 0 0 0 0 0 0 0 5 1 1 3 3 9 1 8 6 1 9 3 6 5 23 7 25 9 27 2 29 4 31 32 3 34 35 10 37 9 39 40 41 7 43 44 45 34 47 48 49 10 51 52 53 54 55 15 57 58 59 60 61 62 63 64 65 66 67 64 69 70 71 35 24 69 75 76 77 78 79 80 81 82 83 84 85 86 87 88 89 90 91 92 93 94 95 96 97 98 99 100 101 102 103 104 105 106 36 108 109 110 111 112 113 113 113 116 117 118 119 120 121 122 123 124 125 126 127 73 36 130 131 132 133 134 135 136 137 138 139 140 141 118 143 144 145 135 147 148 149 150 151 152 153 154 155 156 157 158 159 2 140 162 47 164 165 166 167 168 169 170 171 172 173 174 175 176 177 178 179 180 181 182 183 184 185 186 187 188 189 190 191 192 193 194 195 4 31 4
?35?1984???59??283?8?33??2?4??71?474?7?1?989?2338,11?,3148,4?25,1???1?6??,40043,793??,?6??99,???????,5?42863?451,??7?,?034??7528???,?5??04,3537,1?4?1,?1??8?132,?0?9?5?,8????8,6008?6,94?????3,?8484???
0 0 0 0 0 0 0 0 0 7 8 5 6 3 5 2 5 9 9 1 5 2 6 5 6 3 26 8 28 3 30 2 32 7 34 4 36 3 38 7 40 7 42 43 5 45 46 47 9 49 50 51 52 53 54 55 56 30 58 59 60 61 62 63 64 65 66 67 68 26 57 58 39 73 74 75 76 77 78 79 80 81 82 83 84 85 86 87 88 89 90 91 92 93 94 95 96 97 98 99 100 101 102 103 104 105 106 107 108 50 110 111 112 113 114 115 100 117 118 119 120 121 122 123 124 125 122 127 128 129 112 131 132 133 134 135 136 18 138 139 140 141 142 143 144 145 146 147 148 149 150 151 152 153 154 151 156 157 158 159 160 161 162 163 164 165 2 167 168 169 15 146 172 173 174 175 176 177 178 179 10 181 182 183 184 23 53 139 188 189 190 191 192 193 194 41 138 167 9
5,?,7,?,37,5?,?9,8?,??,???,??5,379?,????1,15?7??,?7?00?,????6?,3??????8?,?71?71??6,?8???5?54,8?2120????????,????7?0??75?7??7,8?????18?472??82,?939??39??08?9???,141????21?1?8538?38,??858???9??45?71??91
0 1 2 3 4 5 6 7 8 9 10 11 12 13 14 15 16 17 18 19 20 21 22 23 24 25 26 27 28 29 30 31 32 33 34 35 36 37 38 39 40 41 42 43 44 45 46 47 48 49 50 51 52 53 54 55 56 57 58 59 60 61 62 63 64 65 66 67 68 69 70 71 72 73 74 75 76 77 78 79 80 81 82 83 84 85 86 87 88 89 90 91 92 93 94 95 96 97 98 99 100 101 102 103 104 105 106 107 108 109 110 111 112 113 114 115 116 117 118 119 120 121 122 123 124 125 126 127 128 129 130 131 132 133 134 135 136 137 138 139 140 141 142 143 144 145 146 147 148 149 150 151 152 153 154 155 156 157 158 159 160 161 162 163 164 165 166 167 168 169 170 171 172 173 174 175 176 177 178 179 180 181 182 183 184 185 186 187 188 189 190 191 192 193 194 195 196 197 198 199
69,1?15????,???1?9?4???1?0,8?67??????61?878,???2??3040?0??2?78?,59????11?9???37??7??????,???939?98??????8??98?8?86??29?8?89,???7?9??8??1?7?66?4??2??4?6355??83??,76554?????97??8?8?94?671?2?3727??2??6?0
0 1 2 3 4 5 6 7 8 9 10 11 12 13 14 15 16 17 18 19 20 21 22 23 24 25 26 27 28 29 30 31 32 33 34 35 36 37 38 39 40 41 42 43 44 45 46 47 48 49 50 51 52 53 54 55 56 57 58 59 60 61 62 63 64 65 66 67 68 69 70 71 72 73 74 75 76 77 78 79 80 81 82 83 84 85 86 87 88 89 90 91 92 93 94 95 96 97 98 99 100 101 102 103 104 105 106 107 108 109 110 111 112 113 114 115 116 117 118 119 120 121 122 123 124 125 126 127 128 129 130 131 132 133 134 135 136 137 138 139 140 141 142 143 144 145 146 147 148 149 150 151 152 153 154 155 156 157 158 159 160 161 162 163 164 165 166 167 168 169 170 171 172 173 174 175 176 177 178 179 180 181 182 183 184 185 186 187 188 189 190 191 192 193 194 195 196 197 198 199
719?2?97,8694,9292884?4,??5??58485??69??0,55802041422818?7632146?9?0804105817111,5758867733???44?64?442?595?689736?16803436??07?8?1263?1379???107343?47???195??6358918?652723030473012?1733?47?75?989?6?
0 1 2 3 4 5 6 7 8 9 10 11 12 13 14 15 16 17 18 19 20 21 22 23 24 25 26 27 28 29 30 31 32 33 34 35 36 37 38 39 40 41 42 43 44 45 46 47 48 49 50 51 52 53 54 55 56 57 58 59 60 61 62 63 64 65 66 67 68 69 70 71 72 73 74 75 76 77 78 79 80 81 82 83 84 85 86 87 88 89 90 91 92 93 94 95 96 97 98 99 100 101 102 103 104 105 106 107 108 109 110 111 112 113 114 115 116 117 118 119 120 121 122 123 124 125 126 127 128 129 130 131 132 133 134 135 136 137 138 139 140 141 142 143 144 145 146 147 148 149 150 151 152 153 154 155 156 157 158 159 160 161 162 163 164 165 166 167 168 169 170 171 172 173 174 175 176 177 178 179 180 181 182 183 184 185 186 187 188 189 190 191 192 193 194 195 196 197 198 199
?,?????7????36,????0?58711?3???0?77???,?0??4?23?9?8319?7?1,?3?4?95?0???7????95???????0??9????5??6???3?8???6902??5????1??5??5??7?3???3???08?9?4?7915?,6?2??19?0??3??2100?0?5?91??09?7880343????7????????9
0 1 2 3 4 5 6 7 8 9 10 11 12 13 14 15 16 17 18 19 20 21 22 23 24 25 26 27 28 29 30 31 32 33 34 35 36 37 38 39 40 41 42 43 44 45 46 47 48 49 50 51 52 53 54 55 56 57 58 59 60 61 62 63 64 65 66 67 68 69 70 71 72 73 74 75 76 77 78 79 80 81 82 83 84 85 86 87 88 89 90 91 92 93 94 95 96 97 98 99 100 101 102 103 104 105 106 107 108 109 110 111 112 113 114 115 116 117 118 119 120 121 122 123 124 125 126 127 128 129 130 131 132 133 134 135 136 137 138 139 140 141 142 143 144 145 146 147 148 149 150 151 152 153 154 155 156 157 158 159 160 161 162 163 164 165 166 167 168 169 170 171 172 173 174 175 176 177 178 179 180 181 182 183 184 185 186 187 188 189 190 191 192 193 194 195 196 197 198 199
4,5,6,7,8,9,11,29,32,43,44,46,53,78,94,96,97,206,263,374,408,846,849,10?2,3853,4?95,7379,7765,9208,43825,57818,60959,97288,293000,9116499,?572011,47134201,53992412,949281517,144335526060,?725919324083
0 1 2 3 4 5 6 7 8 9 10 11 12 13 14 15 16 17 18 19 20 21 22 23 24 25 26 27 28 29 30 31 32 33 34 35 36 37 38 39 40 41 42 43 44 45 46 47 48 49 50 51 52 53 54 55 56 57 58 59 60 61 62 63 64 65 66 67 68 69 70 71 72 73 74 75 76 77 78 79 80 81 82 83 84 85 86 87 88 89 90 91 92 93 94 95 96 97 98 99 100 101 102 103 104 105 106 107 108 109 110 111 112 113 114 115 116 117 118 119 120 121 122 123 124 125 126 127 128 129 130 131 132 133 134 135 136 137 138 139 140 141 142 143 144 145 146 147 148 149 150 151 152 153 154 155 156 157 158 159 160 161 162 163 164 165 166 167 168 169 170 171 172 173 174 175 176 177 178 179 180 181 182 183 184 185 186 187 188 189 190 191 192 193 194 195 196 197 198 199
1,5,8,20,2?,27,6?,7?,75,280,4??,???,2271,5?99,863?,9?5?,??3289,3??212,4?2624,?9?5?7,391?920,8??5301,9?56?98,6?5950??,?3?4?5?0,2?95??0?96,10354417?583,36120?15?6?9,5?32640??145?50,7??9?0487???265??7335
0 1 2 3 4 5 6 7 8 9 10 11 12 13 14 15 16 17 18 19 20 21 22 23 24 25 26 27 28 29 30 31 32 33 34 35 36 37 38 39 40 41 42 43 44 45 46 47 48 49 50 51 52 53 54 55 56 57 58 59 60 61 62 63 64 65 66 67 68 69 70 71 72 73 74 75 76 77 78 79 80 81 82 83 84 85 86 87 88 89 90 91 92 93 94 95 96 97 98 99 100 101 102 103 104 105 106 107 108 109 110 111 112 113 114 115 116 117 118 119 120 121 122 123 124 125 126 127 128 129 130 131 132 133 134 135 136 137 138 139 140 141 142 143 144 145 146 147 148 149 150 151 152 153 154 155 156 157 158 159 160 161 162 163 164 165 166 167 168 169 170 171 172 173 174 175 176 177 178 179 180 181 182 183 184 185 186 187 188 189 190 191 192 193 194 195 196 197 198 199
455869,?5025802141214293,9,70,8591301,3,4,5,7,8,9,60,79,98,568442,7,8,50,54,265,905,1270,3218,8290,9118?,938932,93300266,9158977111644121222982,92445,53531,19858866,35038,2182,483,2148,5135,603560033
0 1 2 3 4 0 6 7 8 9 10 0 12 13 14 15 16 17 18 19 20 21 22 0 24 25 26 27 28 29 30 31 32 33 34 35 0 37 38 39 40 41 42 43 44 45 46 47 48 49 50 51 52 53 54 55 56 57 58 59 60 61 62 63 0 65 66 67 68 69 70 71 72 73 74 75 76 77 78 79 80 81 82 83 84 85 86 87 88 89 90 91 92 93 94 95 96 97 98 99 100 101 102 103 104 105 106 107 108 109 110 111 112 113 114 115 116 117 118 119 120 121 122 123 124 125 126 127 128 129 130 116 132 133 105 135 136 137 138 139 9 81 142 143 144 145 146 147 143 149 150 151 152 153 154 155 156 157 158 159 160 161 83 55 164 165 166 167 168 40 170 171 172 10 6 175 176 177 178 179 180 181 182 183 184 185 186 187 188 189 190 191 192 193 141 1 2 2 37
?,1?,?3,??,79?4,?8?40?,8?????,??2???4,??0????,?25?????,3?2?3?0??,31?0?37?40,???67??88??5,3???69??56?69,?77??????74?0,5?5??09?4119?98,?0?8???1?4?4071??,9769?71202?3???32?7??09,7??797?3??14?8?6??9?2?15?
0 1 2 3 4 5 6 7 8 9 10 11 12 13 14 15 16 17 18 19 20 21 22 23 24 25 26 27 28 29 30 31 32 33 34 35 36 37 38 39 40 41 42 43 44 45 46 47 48 49 50 51 52 53 54 55 56 57 58 59 60 61 62 63 64 65 66 67 68 69 70 71 72 73 74 75 76 77 78 79 80 81 82 83 84 85 86 87 88 89 90 91 92 93 94 95 96 97 98 99 100 101 102 103 104 105 106 107 108 109 110 111 112 113 114 115 116 117 118 119 120 121 122 123 124 125 126 127 128 129 130 131 132 133 134 135 136 137 138 139 140 141 142 143 144 145 146 147 148 149 150 151 152 153 154 155 156 157 158 159 160 161 162 163 164 165 166 167 168 169 170 171 172 173 174 175 176 177 178 179 180 181 182 183 184 185 186 187 188 189 190 191 192 193 194 195 196 197 198 199
854?16?27?4166006?94103?6984??637?6?42478?7?35?,429?,?24?13,252,5261,6?08?3,689?,14?78,?039?,?8311???91?,47995,56?090,90?3,8???7??4?7,60??7?,2?6262?,????2?29656,???12843,26??49,1?067,9873515?11?4944?
0 0 0 0 0 0 0 0 0 2 9 7 2 9 7 6 5 1 7 1 4 5 8 6 1 1 26 6 28 1 30 22 32 9 34 35 18 37 2 39 40 2 42 43 36 28 13 47 48 49 50 51 52 53 54 55 56 37 9 59 60 61 62 63 64 65 66 22 68 69 70 71 49 73 74 75 76 77 78 79 80 81 82 83 84 85 86 87 88 89 90 91 92 93 94 95 96 97 98 81 100 101 102 103 104 105 106 107 108 109 110 111 112 113 114 115 1 41 118 119 120 121 122 123 124 125 126 127 94 129 130 131 132 133 134 135 136 137 138 139 140 141 142 143 144 145 146 147 148 149 150 151 152 153 154 155 9 49 158 159 160 161 162 163 164 165 60 167 6 169 170 171 172 54 174 175 176 177 178 179 180 181 182 183 184 185 186 187 20 33 50 191 74 10 31 157 14 42 6
