1,5,6,7,30,50,54,140,440,444,456,488,600,634,660,710,3100,4307,4336,40018,44902,45083,608098,10300300,100000005,1006704053,6648413000,89036006043,106039044502,4004018850305020060,613000400002010000800
3,10,13,30,33,89,96,198,510,512,2450,2702,5329,29500,30801,79022,701680,910230,3942050,10054079,13773933,30167000,62000620,100295409,20000679364,3907075600700,100054900900871,1450539700638023007091098
2,3,7,8,22,30,49,60,91,92,175,227,1200,1280,1281,4988,7571,8204,9981,62000,530250,545000,5072056,10615027,5471230073,262077920003,320598607084,999110002003,10319528868200,18710006382304,95306006005690
2,4,5,6,7,8,33,49,52,67,299,390,460,590,596,637,638,680,755,888,903,3415,7930,8600,50660,60018,60820,369570,1975200,2810803,97470043,99805060,7040000104,60344030004,974803387803,4350082002058300700803
28,702,807,1057,52501,616089,2408049,7390150,72609313,1063020134,13080734826,130690050065,11607940699608,56832070065709,390410482020906,648700100759220,112855303708023657,62205700000820060713963063621
1,4,5,6,11,34,68,530400,530410,848074078,305860755030,30000220240057,1930060568803040,2009307760150050066,2082716060560060000,7078060900105806270056205575,702819007040304031050165097504020201300300309
3,4,5,6,9,14,60,71,100,180,304,331,610,803,1000,10000,41356,70381,71000,500927,501900,757300,765000,1941262,7031430,85090660,156071901,1176000593,11680310047,45902412990,135000000069,58400001949074009
1,4,5,7,8,9,20,30,31,86,87,88,91,92,450,500,900,1050,1057,1058,1059,1060,7000,8000,9000,12000,12570,12906,13800,17000,100802,107048,1080779,10300600,1350000390,100000000234,105000008000,10910000000300
791,63000,11020154070,60040000611032,1080003386000052,39020007020902107909,40204887051000308700090019,118400059450000000004004140900800,1009000000006100003000043720020482500005000002190048020906000311
186,80700,10860078,100006010,600004100,610000600,1505009018330801600009,180000432000030500301108400810778030,10000005202080000802000530000060050040080,1608000400000000000000630001800006000084090600320
1,2,3,86,95,140,340,860,1120,5023,5055,30700,324100,324402,537309040,545032800,545802605,10018909010,63688600008,10056703003704,100200460540770,1000000206302050,40108000800800085,130054010053210904000
1,8,21,66,78,94,607,681,2157,3400,8219,59339,62529,156073,164471,333421,451046,1387907,38557863,210540918,405549275,57646941429,873488069361727,21116582143670083,219711315042434565,5158312184367296027
12598463780,815390653447900,8,307139,17020272,6100,7905,394694012000377,212373,1043265,3009010,6882170,11900580890,40082,45559,20786609,3088007,62080800,1805,43883,878073,10667009956950681090,6099001
1,2,3,7,8,11,12,13,14,170,795,4029,8308,10039,11800,35090,120000,10505470,105000008,5002800040,605502000840,816069070108,6502040570505,13300000050109,10306030090006023,10850036808900200835003587460800
1,4,5,6,8,9,16,163,559,857,4236,4281,9180,18530,26412,26769,51917,598206,9090053,30500391,602404450,2404622243,7090060384,417043007104,910453806907,6835330756319019343,10553003950000055354018130323974
1,2,3,4,5,6,8,10,30,40,58,61,62,130,190,200,230,840,2494,2510,9015,9074,200704,910065,3093830,6030017,6283957,8055200,30005528,30487902,162091000,12043308700,120057150307,160722307001,1400374304090665
1,3,4,5,6,7,8,9,20,30,32,33,34,35,44,75,76,204,272,701,702,940,2050,3010,10000,100009,171007,500000,769101,3009001,3060201,6020300,18185700,18185790,100173500,1400010528007,3359008000400,6050017080003
1,2,3,4,10,11,21,100,170,309,503,579,1300,4000,4100,51320,518000,3200304,5602030,6133205,10077057,12805002,728003120,10692300000,806106000000,20607006460518100,302470746040140710,114272703546095853527
3,6,7,8,9,47,52,87,89,768,6405,7817,9496,641458,81774140,239914302,17944073616,47600306441771,417430521971829192,950192758955268122,7745836668850824938796060042,204040244010817010703504280604033529043
1,2,3,4,5,7,10,11,12,13,18,19,170,171,199,1007,1080,1479,1557,1807,9804,10600,10703,80001,160801,205004,209001,250400,250740,1094860,1094910,10055000,173035007,400004000,1050400000,1000000834501338000
1,3,5,6,8,9,58,65,95,107,303,438,719,728,8200,109306,1970140,2786700,81034029,2522716187,12694157653,17733963720,305003103300,53926866600066,832885767000023,34155513192340001502,2310213307840097523917
7,8,14,15,70,100,116,527,590,746,2400,2948,5576,5620,7944,12200,837203,1005002,2770360,4200400,6000070,15310060,18571993,18640910,35730032088,171000304750400,16121400037279070096,689000093210001480478
1,2,3,4,5,6,7,8,9,19,20,70,76,77,85,200,203,204,270,405,460,570,600,601,1412,1900,16000,50000,100000,104007,640260,15930007,20690000,10084040010,100040168080,168007000905,600000000061,1000009101032003
13,230,5427,17612080,8650201810280,833286140095000,3022692196104302508900,60000080094442383040510759538009202000521,86009693200070167479262003400831400094810,711898267649045007409016520633724004800715
4,6,18,19,77,78,5407,1062019100,7081307052,200900012007,40808096306900,44150700900800,46207000614007,900002009000710,1110139000540007278,190911002053064009104880,27009000929140069010000063030200000140
90,20170,556056,100020011701,170502049770,808000050070,800000760069701600805760360,60000200000966080911100278002790,120000075800440935000000000461070000,16860000001010084000088990053804000004050305003
7,70,71,3003600002,19059030750000802000,12000405200702084703408,16000063022169786000030,196594890054009033890091,980060073080093249009080,9761000020090420330400060475,166009901760000100600030910600034
1,2,3,4,5,6,8,9,10,11,13,23,37,51,52,72,79,241,250,290,799,2125,5361,6041,7005,7143,17947,23434,80786,940454,3990167,19160761,52109260,2041318937080,30310513003139,50600058067416,190273008020883470652
1,2,3,4,5,6,7,8,9,10,11,20,30,44,45,53,54,55,56,57,99,200,272,274,284,700,900,1008,1010,6000,16240,24096,70700,72650,80300,1050000,1080080,3002304,3002305,70000001,167900090,1000009050,100005060006006
15117181900000,9090020,,600010,291,10000,14,1,10,32101,1200005,19610,101,3040,1004000,190104,1030,10008051,1556,1020,107890,100000070106,100,106,140,1003503000104010024,160700200250000009,103,1000162
1,2,3,4,5,7,8,10,11,12,23,28,48,50,51,59,460,620,655,990,2000,2010,2011,6060,40409,48066,50001,50040,76881,100607,2060002,2906050,61300902,61613279,300403154,1306520952,145310050025,187000064710500100
9,13,80,6248,100044,160002087200,13002000000506,66000000005106,58004700700860316100,2270034070500700540077,30056503807640105800307010,1085500606060001000970000200,1566003105703005146901804706200035980
1,5,6,7,9,17,20,21,22,26,33,64,65,66,100,150,401,600,908,914,1000,1001,160059,500020,603039,610303,1800065,4000080,4557000,4640000,13090000,740319000,780100003,45002007009,380900000010,106020000605870
1,2,3,4,5,6,7,8,9,13,14,20,28,31,33,35,37,40,67,73,74,75,87,93,170,226,240,300,480,490,590,599,600,601,675,803,839,975,3801,3970,5412,10040,33488,42002,90121,680771,3715449,8372757,99040033,1501480310
1,3,5,6,7,8,9,17,23,34,50,51,60,70,75,390,710,718,1560,4005,4070,62990,81004,82743,168097,264060,715035,900585,1020189,9060038,30001837,50698697402,177610086450,240600938998,873587640188,1110510300910
132,1000158,1007027,651992830710030080891080,965090609070074047063061,401200000005075706030070500016108,1900090898075030793065000008036927,4834810760003100002205900092780370008006065100000006219009900
1,9,1894,30403,6050069800080,100000002300007,10201020020006000,19080080894003000,150012007800207007,2700000102006001005,7333052101810000004,1000008700026650002035351180,1050500030020100092337080400404
2,3,4,5,6,8,10,19,201,400,10001,30591,31412,3004000,50063000,95240006,200700001,10060008060005000,1010005008510050010,4014000050634040000,313400206029802362090671000,1000504901108009841300000900100000
1,6,7,19,21,22,28,29,400,403,430,709,900,1020,1107,5330,5800,5802,15220,100601,185564030,200131007,500000060809,997000310806,4021020060009,502600051607116,1040260202901020,6007086605066100980050050421
1,2,3,7,30,31,84,90,108,109,560,710,715,719,1070,2603,2650,6000,6200,80062,100374,107000,1000100,1602000,100000009,30000007003,30800197120,100857019000,601360001000600,601630040000900,7409003400900008
1,2,3,5,6,7,8,9,35,86,149,424,2032,3977,6136,484335,680586,7295844,925026204,970900226,5904250653,19908098543,77794170230,130680259100,842159505094,5030361619093,152803087336030,9477427700410833786011
1,3,4,5,7,8,27,36,520,869,1001,1589,4398,6357,6900,20006,22500,40000,163102,250034,600555,1700087,7321020,8410867,78103806,2534002070,2540004977,42500700009,504080055501,17753943968007,530303594072137
23,40,60,61,105,1700,9000,10706,11404,105000,105001,700000,800010,830001,50008602,50008630,100050000,300000060000,1030004100030009673,1860020100004000060600005,2067203060000000002500141000000070000096
7,15902,61687218520,282419020960,15520472208272070,87900571800783640,467007934200051130,10463803340544113004546,781814107802660003007772179,107218300033034010603189079316012045896911594915109489699550
1,2,3,4,5,6,8,9,11,26,27,48,80,81,604,605,606,850,1008,1009,1500,1550,10000,40090,17013000000,70004004006,800010000023,19007000051000,10000500020031000,900040000000360003000,98000060020001700082003300
50,1167,44108,140089621765066177570751442,52809907081007850592242210373,7826710007710410064108030805655,571200107030501717825507374120796026158862036109881558007001611515320208401271071506479343536687
1,1050,1700,8090,600070,644605,1000452,17000930,1009375200,110119010800,407080000047,8000547009000003003220,70700400301001600000208,15840000077040666270006952710909,40303000034000240050030950016032060
1,2,3,10,188,4010,5000,8000,10500,107370,1680290,1700070,1909004050,1909800015,2610100970,2610275050,94205040412,120207004103000,1200090000700010060,720304400800001400266,15000002000068000610034060600
1,2,8,68,70,76,79,1024,3028,9036,19007,905000,2640001,3610700,12025504,17250908016,604301022640494,40040958260747207,50800007810006240,64208070811191403,100910000205800206,1300885540700180220470607009
2,100,5904,40387,800001,1600001,10908004,202500791,17303035107,18000360070,19716820600,67000530000,170046965874,10004011100004,10910000007006479,1347600320060505600990,18242035460100303562000700010834
831,576480347608206930185036,1430961659109079387743673970906,7158785278090089077905955056936,4101006104041057708009778357615331653,648900069907107800374200532105490480498500333205972392446606400683805
1,2,10,11,3216,3290,3346,20002,20220,160600,1500130,10003905,10003970,90678007,90690234,100500006,10008840008052,800000000200500,300790070000910080,1000008900600400000,10003000033000200430006490000000
1,101,102,305,907,6027,10045,100020,170500,170501,6300400,10003040,1000060002,604638085037,1025084000001,13701006002050080506,1003000030000003090845,760000002000001300006076607320070806500000025000009
4,73,148,792,1423244,31000090,38023000503,3300006751000,1029037910360300,9031408640174201,60070700020472062,60860000702000250,1740000009897209109,10743700500009006942,600530466561057140151092121083360
1,4,5,85,86,100,1000,100001000,8039352300,17000000400,98000000065,1040780700000,800070060020004002,1063500400000035120,1070091034000000100004030,70600300004010000000800000,7000600000001100270040000000
1,2,3,4,14,22,28,29,67,68,69,80,90,160,200,201,552,610,660,1500,2983,5070,9000,9001,30360,200041,3059049,3700900,10200000,50400000,70810990,100400000,106006790,80200090090,100004020020,506005200900006
1,5,7,10,13,20,38,39,42,45,51,52,148,316,500,597,670,671,730,8861,10101,36020,80030,200709,278216,286200,300030,1060042,7140000,10600605,3600550260,4000098879,522340569848,1800500000460,87017150000002
230,57001,57785,239305,1001110,18000170,123070107008,165000100024,10040360507606400500,1002130205059004070016,1474900090400000000000,45009642080390000790005,1000860430900350078048807700008007450009304
1,2,3,6,10,11,303,313,996,1914,2609,9062,110266,1066020,10000420,140600030,66001000050,66607049220,80370210010,1907030010010,140050018100003,600110330800030,100020400500064860,180000014060200008080064
1411611110706,0667600,498,626280,100,33,18560000,1795260296,940,2900008209,100,160,9006000,1870800340700,160000900014009000400802000002140340440780,100000,707000012,6004,6090,18900,2040290,1009008081
5,500,1000,1260,800034,17008204,100000000,100900000,6400170002,54050100040,1080004002801,502000008040060,19000000030000523,50030980005033020,1007000920401304003,607000954007280000020290000000002000900
1,2,6,7,10,82,90,180,219,700,4698,7000,7005,8500,30390,580485,7005742,8379809,30090593,300004090,687979077,904809900,1000007890,1767005564,10000004000948,12040030000004,1040024041000003000000090086462
84,1003,3644,100005,120060806,700410906461020000304,4404240000100087000098,103004008000002005200303300000,120207004830690000000002104735,2080000020600520110714950400056,5000403810730005315400031273700
1,2,3,4,6,7,8,9,60,74,92,306,340,341,408,560,579,673,1140,2615,5003,20740,105700,285689,497708,799785,966624,150729018,186935507,1167839034,41000650582,8734069087605,1780011206005520,10830320204155012
6,26,30,31,86,92,185,746,790,3047,3300,20190,46308,52855,67010,812806,6901090,68899184,1227014059,48160860070,296805705008,6968540402862,8348219177046109,9065550987025670,11050273277007266832501401899
10,103,1000,19310,128007,904800,937302,30000080,90082006,10408004000,320601004002,30020000000700,150403800240080000,100000040033400063006,500001004000000000100070600,4005600050360440000056780500000060
1,6,7,50,57,70,536,3003,3067,3805,3814,15561,120500,3589460,3821700,4100003,6095038,800901204,200201990907,209005089007,575913330051030,4009221600502409,296200700228202304,5284009663280792100881000275
1,829,131897,189301500,400400111,1039778020116,1181110204088,9506837004107308,97805127940000043,208070600030320100,10001510606000002209224,5805100000006550043025828,49080453610005379054590027530550407
1,2,3,4,5,6,7,8,9,17,40,41,42,52,53,104,400,500,600,1700,19080,165000,238000,241000,800000,800001,1070000,52000100,1003000400,2000180109,4805000000,10006000000,100300150006,708915000107,40000063670000
1,3,4,5,6,7,8,9,14,50,80,150,1005,5097,10210,120183,458070,530089,17550193,62006621,18853630246,340438000309,606208252240,623850400040,7096335004082,1100009502347088,7061008227093934,10990025617030680
14,37,44,6824,230894,2001209,10700007,28792710044,36812370718,7661862038309779,14286275646862590309,346531908830405000778604844106001870990,676644244640501005703655733042301905562020300032006581057483
1,7,9,17,859,1578,2900,2901,3765,6980,7167,1358038,1857500,9215500,80010000,191470400,2490264300,70206300201,71105860040,100006500812,105700084012,180340000224,1305027404003063,30609070500710805809333
1,2,3,4,5,6,7,10,11,21,22,100,110,120,210,804,900,6650,10300,90000,100200,905000,2070020,2605300,60800013,61614440,170802010,406411080,500030010,15001000930,1000000080008,50000000004300,50060000292800
1,2,3,4,5,6,7,8,9,14,15,16,17,25,40,50,56,57,58,60,66,100,130,2000,2098,3010,3030,3304,3338,3341,3345,10000,10001,69007,70000,100070,300000,1063300,10034000,200070030,200103000,200103001,1000005300009
5,6,7,9,30,50,51,59,110,111,5050,5350,5351,70080,70087,100000,102000,1020000,61531320,63000300,450000009,639259508,100000500630,3000000010200,105620407009000,1000600090208000000,1085001002002800001200
1,2,3,6,7,10,20,21,22,100,120,600,690,1000,1002,1400,9504,35400,36030,40800,98360,100649,100700,130360,186060,1070000,1121002,105500000,112030000,605000009,1530040605,900050005002690,63045060000970006
1,10,65,89,90,408,5600,6110,42089,248020,1001043,103096138,103126820,3650084917170,9803700009244,20488565195086,11375330366365709556,151204002150300040076,504329470000373802039,16908378056300016088092
169115111,90,,00,09,47012106000001,1080,198,18,190,10200,1601,3146,20000,810400000080,1460004005,70930070243,104000,76,1803154,17005,60580,100230202,10000100,66270,1000300905066,103,182003,1090001050
5,731,424208,907533,3992665,8343213,935467609,28298903522,20040396829986,943005957838373,11392727885395159591,7436331380654156003971,36851712038511956953514275,2378614477300530154200175892087336190737
1115142180210000,0060,10009904,1980400,1401,2263050,13115,4213,4270,43090,202400,2400670,623060600970,280704,4600,302046042666,70,90,70259060,12162,709701,54805,710640002008,5000006030051001682610778
1,2,3,50,79,80,408,1205,1488,1530,10809,100074,641907,1860007,31014004,170500908,171305600,100507000000,100507800004,108014280800,8807030060600,8807100000600,3005003020003400020,4026706222590000000030
714984494443815330875972215236639258,1735386539050019701004002977604709387,532580710763769343440010765265310688082258727853397419297813,7655455279788276920100218180535290758487477094197009940980035574
4,23,27,38,483,2831,6700,4635251,9747490,95497727,205661560,256307005578280,9414431778532214,17229109698626691,96529428170396280671,380964142372946888896055690,8529509665029301448436342519404206228396
5,8,378,1117,300463920,25723804824,100770819900,189800382189,972000900699,1000535627030,350273075470759,93099500015100606008,62000004005088090884006040308,911403280897027420008400250008709060407898750
7,10,11,44,51,52,70,83,643,704,728,1100,25007,74190,603200,603280,840060,920900,922080,1440034,4080404,4300205,9073142,41725559,47177010,4000257020,160900294060977,80005000020900407,650201101000005462
1,1039,140443,140592,1550650,10203000,110700000080,1000265902045,9500001569790,100002730220006,180016009060700228,906005158016204142301,4030087400300280060090,10070000100000520953900060009522320382090
1,2,3,4,5,7,8,9,10,11,20,30,50,52,53,110,608,743,1603,7007,7713,10913,30868,37503,50002,3020802,13750058,13800000,112000604,4006864194,1023051509202,57000310160000,10000000020100000,809000120050074106
1,2,3,4,8,9,22,32,33,38,90,100,109,821,2008,2009,30510,30513,39034,39035,107710,4906097,8708089,40035003,100600630,600090970,603160002,5100803400288,101965000209207,1010210007060162,175050000009048062
1,2,3,4,15,18,27,28,105,437,500,592,900,950,1405,1406,7004,9050,9051,300000,370009,6500805,84800020,480003800,16070100000,24001004000,430700660020,450000009029000,3001000000000644,30000200300000000000
3,8,30,52,61,94,193,557,601,709,989,990,1040,3012,3019,210088,150039656,1835057359,7400775407,43500021097,165732292242,694087681150,4514512070923,90768037447425,542477643900670020,10820296800147772600
1,102,10400,96076,809000,1090570,9000008150,16000063020,1200091040600,100881045006448,890301000900701,12890000607503342,17007000080009101100,1007000000003600003084,135000607734000003980570060500900409
1,2,3,4,5,6,11,20,21,27,40,41,87,90,101,327,329,390,901,947,4677,4864,5600,10104,29514,60010,80005,80833,6023001,9293892,29002000,143590045,947528902,971914188,5077010722,477017455390,5814057964830070
1,2,3,4,5,6,7,8,9,12,13,17,34,39,48,140,220,260,270,819,824,2370,2554,2560,5406,7406,16054,50019,60040,100065,145000,415006,480505,1756436,1809053,101904203,810098293,49247714570,135800010000046241305
1,31375,4796001707,100504038010700000,10010060000400400000063,1000705087097107010290800000009,190000018107116000820600419034963750703633500,408151030507400100405607130600020349004011780900000045450500
1,5,6,8,9,10,21,70,83,411,754,862,4330,7660,64601,177350,722452,5457038,8280415,32971826,80602355,389385404,3011512504,3314030944,40665002800,53814129673,78034050683627868451,7509380087717261432207065
10,2951,4000,5050,10830,5600920,87270001,109880935695680690,15000504200431121003009626,924693055000950511850062000003065727264710504075,1609801102327415150518225941440920000001005428950300100944080082
1,4,5,6,13,28,38,39,75,76,109,656,777,1020,1489,2802,3400,5690,6050,8380,22870,100908,103060,2243260,20508000,65097616,482630450,502854525,520801061,2008700033,60249647309,9931744805910,58000431575609
1,2,11,12,100,700,701,1010,1018,7020,100405,100415,1000000,10936580,33400001,50010200,10504103116,100800030030,602008060014,102880900040000,170002500122000,1469000000001000,190711002000000040000040041
1,40,45,69,70,150,210,211,279,110001,5060062,5100600,15400400,80830036,97000070000,643000044001,1603700340730,2000000000000,10080007300001,105000040054000000,1084000000000000003,1904030700308200220040
2,3,4,12,1000,6400,10000,807098,1802627,16381050,24954041,1560502300,66074000603,80035680920,80036642000,49200040059000,8005620000558700303079030,180040005399108070041000001004070009000720700065080011
