1411111110,,00,0,,14,0,100010,100,1000010,1110,10,100,10000010,10,10000000100,10,200,1010,100,1000000005000,10000000000,400,10010000,1000,1001,100,1000,10000000000010,1030,100040000000001011002021000
1,10,100,10000,10001,10000000,100000000,1000000000,1006000006,10000000000,10800006010000800,100000090000005000,1000000000000000000,10000000000000000000,15000000091000000000,100000000000000008000000000
1,1001,10002,10010,11,1250,51,52,10010,100,101,1001,10,11,108,1000,12004,100000,1000000,100000001,12,100000,101,1028,1009,10000,150000,1000000,10040000,1005,1000000,101100,101013000,10000110040000000
1,10,10070,1000000,10000000,100000000,100000001,50000000006000,10050000000000000005000,1000000000060000000000000000000,1000000000200000080000000000000,1090000000900000000000000000300000000000400000800
1,10,100,1000,10000,1000003,1001008,10000600,10001000,100000000,100000400,1000000004,10000000000,10000000090,1000000000003,1000000000000400,10000000000000000,10040000000000000,102000000000000000000000
1,2,3,4,10,11,107,111,112,1000,10000,16000,60000,60070,100000,1000000,100000000,900000000,10000000000,80080000010,100009006000,17008000000000,200000000000082003000000,105000000000000000000000000050000
111131111,00,00,2,2,1,2,4,2,2,2,1,201,22,2,1,10,10,10,10,100100,100037000,1800103,1000000,11,12,9000,100,10030000,100,1000000,100,1000004,10000,109,1100,100,100000710,100,101100048,100,10000001000220
1,10,100,1000,10000,10004,100000,106000,1004000,10000000,100000000,100200000,1000000500,1000090000,10000000000,90000000000,100000000000,104000000000,1000000000000,4000000000000,10000000000009000800000
1111111110,00,1,1,2,10,100,10,10,100210,112,100,900,10001000,10000,11002,7,16,140001001,100000,10000090,30800,30801,308020,10100,100200,100280,1002820,10101000,17100210,10000,100000,1000010,100102220
10,11,12,13,100,10040,10041,100000,1000070,29000000,29000001,29000220,1300030000,100000080000,1060003000000,100000000000000,108000005000800000,10000900000000000000,100030000706000100000000000000000500
1111111110,,000000,1,1,200,1000,10000,100010,11,1090,1900210011,1600,1040,1000000,1600,2,10000,101201,1000,12000,18004,18005,10028210,1000,10000,9000000,800000,107000,10000000000,100000001110000,1000
111511111500400802000,,,,,00,2,2,2,10,100010002,100900,1000,10000,10001,80000,100000,1000000602,1000,100100001,100000,10000006,100,1000,128002,1007,1080,10000,10001,10002,100020,10000070,11,10160,160
1,2,3,4,5,6,7,11,12,13,14,100,106,500,501,502,1094,10000,10001,10002,10500,100000,105000,1500000,1500001,1500002,10000000,10000001,10030098,1000000000,1000000000000804,10000000000000000000000000000000
1,2,3,4,6,7,8,9,10,11,12,100,700,790,791,7030,7031,7032,10000,10001,100000,101080,101600,101601,101602,101603,10000000,100000000,1000000040,1000000041,1000400000000,10000200800000,10000000000000000000
1111111110,,400,0,002,010770,22,2,1,2,10,10000,10,10360,15,100,100,10010032,1000,1001,60002,10008610022102,200001,1020,100000,100010,1100040000,1400010,100000020,1000,10000,100011,100,101,10001000005
1,10,100,1000,1040,10000,10002,100000,1000000,1030600,10000006000000,10200000000000,100000009000000,100100000000000,1000000000000000,1000000900000000,100000000000000000000,9000000002300000000000800000
11,2,3,1001,2,10,111,10,100,100000031,2,3,4,5,6,7,10,11,121,10,100,1000,10000000,10,100,101,102,100006,100000010,11,12,4003,4004,16000,1600100030,6000010030,100310,100,1400,14010032,19,100,1350000020
111111,,0,1,10,0,221,2,14,10,10,100,100,100,140,10,1,10,118,800010,4010,100,10,1000108,100800100,12000002010,50,1001,100,101200,1000,10000,100000,100000000000020,100003,100000090100,10110150002200050
1,2,10,100,101,1000,1001,100000,100001,30000000,130000000,130000001,10400100000,10900000500000000,10001000000000000000,10001000000200000000,100800000000400090000000,16000000000000000000073850000000000
1,2,3,100,101,102,103,104,1000,1080,1081,1082,10400,100010,100600,100609,100613,1000000,1000001,1000000000,1005000000,10000000000,1000000000000,10000700060000,10000700120000,10000000000000000000000000
1,3,10,18,100,1000,1000009,10000000,100000000,1000000006,1050000000,10200700000,100000000000,100000000001,100000000002,100000000010,200000300700,1000000400000,1090000000000,1090000000001,1090000050000
111811211,02,0,50,100,101,10000,1900,170000,17001,17002,100000000,1000000,1000001,10000000,100000000,100000001,1000000000000000,10001,100000020510000000010,101,1000,500000,11,12,100000000021200000200
1111111110,0,,,2,2,10,102210,10,10010,110,1090,10107000,100,101101010100,1000,10,11,10000,910,1000,100102,1010,15,80,100001010100,1000,10000200,10000,100000,1000000030,1000000,10000000000,10102101200
1,1000,10000,100003,100700,170000,1000500,10000000000,100000000000,400000000000000000,10000900000000000000000000401020000000000300,1000000000000000030000000,0,10004100000050000,10000000000000203800006
1,10,11,100,170,171,172,173,1900,1990,2080,10000400,100000000,5000000000,10000005000,100000400000,1010070000000,10000000370000000,1504000000000000000,10000000000000209000,10000000000000000000000000000
111119110,900,2300,21,2,100,10,10,10,1000,11,2,3,11032,100,10,103,2,100,10002,3,4,5,6,7,10,110,10000000,101,100002,10000000,10000,10050,100000,1000013,100090000,1060011,400,10000102002,300,1000002028
1,2,3,10,11,12,13,14,100,200,201,210,211,1004,1005,1014,1015,10000,10001,10002,200000,200001,200002,200020,1000000,1000001,19000000,19040000,100000000000,10000001703000,100000800000000,100007000800000
1,10,100,10000000,10700800,100000060,100000061,10000000000,60002000000,100000000200,100009000000,1010000000000000001,10000000000000000000,10000008000000000000,10000000080000000000000000000000000000000
1,2,3,4,10,11,12,13,14,15,16,17,18,100,140,600,1000,10000,10001,10003,10006,10007,100000,1000000,1000001,1900002,10000000,10000003,100000000,1000009002,1007000000,10070000000,10600050000,1000000000000
1110,1,1,21,10,10,1001,1000,14,15,2,1021,10,1000,100,101,15,1000,2,10,1000,100000000,9000310000000404,10000000000,100000071,100,10000,100050000,110090000,11009000110000,100000000000,1000000000,900220
1711104010100,21,10,10,10,10500100,20,1000,10,1000,10,1000020,10000,00020,1000,10006,10000,10001,175000,175001,1000000,6003000,10000000,100000011090,1000,100,1000,1001,1800,10000,14000000,11,120,7500
1,2,3,100,1001,1002,100000,1000000,150000000,150000001,1000000900,100000000000,1006000000000,10000900052000,70002500080000000,690090009000060000,1400000000000020000,10000000000000007000006000000009000
111111111,,0,,0,,50000,0,6001010,1110,100,1700,10000000010,13010103,1000000710000,100010,1000,130100,10001,10004,62,5,10,150,10001000120,10000,100000,1000000,10000000,100000000000000100,1070021700020
119111018100000,5,,141001,10,100,1071000,1000,1000,10,1000,2,10,110,30,1000,10,100,100000000,100,104,1000000009,1000000,100000001,100,1000,1001,1002,1000000000000000001000300,10110,100,1000000,100000
1,2,3,6,7,10,11,12,13,100,107,150,151,152,1000,1001,1506,10000,10001,10002,18000,18001,10000000,100000000,100000001,190000000,100000000000,400000000000,1000000000000,103300000000000,100000000000000000
1,2,3,10,100,830,1000,1001,10000,10001,1000000,5000009,10900060000,10000000000000,100006000000000000,1000000000000000000,1000000000000000000000200,10060000003005090000000000,10060003000000000000000000
1,10,100,1000,1070,10000,100000,1000000,10000000,15000000,15000800,1000000007,10000000000,1000008800000,10000000407000,70080006000000,100000000007000,1000000000000000,100000000000000004000000600000000
1,2,3,4,5,6,7,8,9,10,11,12,13,61,62,63,80,81,82,83,84,85,100,120,121,122,130,139,142,900,901,1001,1002,1003,1010,1015,1021,1022,1023,1024,1025,10003,406000,1000000,1100000,10000000,100000000,100000001
10169,102,3,4,5,6,10,1001,10,100,4008,1000000000000000,100,18001,1000,100000,10080,10000000000,1000000000090,10000000000000000000000000,1800000000000000034000200001,109,100000,10000,100010,10010022001
1,150101801,10100,1000,1000,100,10,111,36,702,1000,11,1001,100,1000,10,102000,2,10,11,100,1000,10011,2,3,4,10,100,1001,10000,140000,10004,10000,10001,100000,1000500,11120,101010,100000,10000000,107201
2,3,5,6,1000,10000,100000,100001,100002,100000000,100200000,104007000,1000000000000,4000000000000,4000080000050,11000000000000,11000000000001,100000000090800,1000000000001060,1000000000000000000000000
1,2,3,10,11,12,100,1000,1001,1002,1003,10000,10001,100000,100001,20000000,20000001,104000000,109000000,109000001,2000000700,1000000000000,1000000000020,7000000000607000000,1000000000000500000000000000
1117111100000,40000001,2,1,2,2,6,8,1210,1080010,10,11,100,1012,100,1000,1001,100,10000,10560,10561,100060,10000000,100000,900000,1056300,90000,100008,10000000000,1001001070,10000,10020,10021000300060
111171181,30,,0,,00,2,1,100,190,02,100,150002,1002,100,1000,10002,180,310010,100000010,1000000,1000010,1000,1600,10000,90000,100005,10000000,1000,10500,60000,100900,1000000,100000140,1990001000,10020
1,10700,10701,100000,900000,1060700,10000000,100000000,1000000000,10000000000,103020000005,1000000000000,1000006000020,10000000000000,10000700000000,100000000000000,600000000000000,1000500000700000000
111111,1,001,,2,2,2,100,1000,10,10100001,10,109,2,3,10,100,101,10000,1000000,1000008100000500,100800,100000,1000000000,105000021000,10010,130520000,10000000040,100,1010,2160000070002,4,5,100051002220
1,2,10,100,1003,10000,10008,100000,1000000,100000001,1000000000,10050000000000000,1000000000000000000,1000000000000000005700,10010000000000000704000,10800000000000000000706,600000000000900000000000000
111010,1,21,1,1,2201,10,101,100,1000,1000,2,1000,100,10002,100200,100,10000,10000,10001001,1000000,1000011,1000,100000,1000400,100,1012,100,101,6000,1000000100000,10011,1022,100,10010100,11,120020820
1111111310,,0,0,,4,2,4,2,1,10104,10,100000,10800104008040000000010,100,11,00000000205,100000,1000,101030,15,1,100300,150000,100000000000001010000000,10040000000050,100000000,1000160000002000100020020
111111811,08,,000,0,2,2,30,9,2,19,10,10,1,10,10,1000,11,1001000,1300,1000,10,1000,810209,100500,0,1000002014,100000,10000102,100,10120,1000,1001,10000,7000000,1005001100206009,100000,10500002,1000020
16711,0190,10,1,10,1113,14,10,100,,10,10000000,1000,10000,100000800,10000000000010,100100,1000,10000,70000,106000,1000001,1000002000,1000000000000010150071000,10000200000000000100,1000,100000,10080205
1,10,100,1000,1020,10000,100000,1000000,10000000,100000000,154000000,10800000003,10000000000490000000000,100000006000000000000000000000000,1000000000000400000000000000000700000000000000020000050000000
1,2,3,4,100,101,102,10001,2,12,100,10000,100000,500400000,5004000010000100,30000001,10000000000000,10000700,1001101,1000305,10000,1030000500,10000,10090000000,10002040000100001,6000,1100000,1000100001
1,2,3,10,19,20,100,101,1000,1001,1010,1011,100000,1005000,1005001,100000090,706030080,4000002000,60000000000,1000030003000,10000000000000009,100000000000000009000,1000000000000007004000000000000000004
1,2,3,4,5,10,11,40,41,42,43,44,100,500,1000,3000,3001,3040,100000,100001,107000,107001,1000000,1000001,1100000,10040000,100000000,1000000000,10000005000,1006005000000,1012000000000,3000400000000000050
1,10,1000,105030000,10000000000,10000000001,1000000000000000,1000000700000000000,10000020002000000000000000000,1000000000070000000000000000000000000000,100001000000000001000000000000010080000000000000
11111111100000,03,00,0,000,000,1,21040,2,211010,1000,1200,10000,11,100,101,10001100,1000,100100000,101,102,100010000,100010,10000,100008,120000,120010,128000,1000,1001,100000,1000,1001062,1070,116000
11111111010,,00,,,0,2,2,22,2,2,22,1010,100,10002,100,1400000002,100,101,10000,10001,1000,10010,10000000001,10000070,100,2000,2001,3000022,100000,100000500,10002,1002,101,1000,1001,1006,10000,10001030
1,10,100,1000,10009,10040,10041,15000,100000,1000000,10000000,10060000,100000000,1000000000,100000000009,180000000000,1000100000000,10000000000000,100000000000000,10000000000000007,1000000000050000000
1,2,3,4,5,6,7,10,11,12,13,60,61,62,63,64,180,181,182,260,1000,1001,1002,1003,10000,70000,100001,100002,670000,680000,1000000,1000001,10600400,10600401,100000910,1200000000,1005000000030,60000000600060
11111111100,,1000,100,19,100,1005,10000,10000,100000090,1000000000,10000000000,10700000000700050500000001000000900,10000000000000,100000000001,10,20,210,100040000004900000000000005,10000,100500220240
1,10,100,150,10020,6000003000,10000004000,12000000000,100000000000,1000000000000,60000000000047,10000000000000028,10000000004200000,100000000000000000,10000000000000000004,1000000000000000000090000000
1,10,15,100,1000,10000,10001,106000000,1000000000,1010000000,10000000000,1000000000000,10000000000005,60000007000000,100100000000000,1000002000000000,10000000000000000,10000000000000800000000007000001
2,3,4,5,6,7,8,9,10,11,12,16,17,18,70,71,77,100,101,102,103,1000,15000,15001,15002,15003,100000,1010009,1010010,10000080,8000007000,10600000000,10000000000000000,100000000009000000,10000000400700020000
10101,11,1003,3001401,10,100,10,100,10,100000,10,1000601,10,100,10006,103,1000000010,100,100000,100000,1000,2000,10000,100000,1000000000300600000002010,110000,108,1500000,10400,100007700000001,100020
111111161,,,00,0,2,2100,1007,1000020,100,10000,1001,10300,10301,10302,100000,700009,1000000,1000080,1000000000421000,100004000000460,106000000500,1001,10000,10001230113025000,200000000,1170,100,10000
1,2140,10,10001,10,100,1011,2,12,100000,1000011,8,16,17,10000,100000000000,100,10001,100020,1200,1210000100,1110,1002,100007,108700100700,10060,18000011010100000,100000,161,10000,10001010000000000020
1,2,10,11,1004,10000,100000,1000000,10000000,100000000067,100000000400,100005000000000,900030707000000,1000000080004050,1030000000000000,10060000000003004,10005000000000400000,200000000000010000009000
1,10,100,1000,10000,100000,1000000,10000000,100000000,1000000000,10000000000,100000000000,1000000000000,1600000000900000010,10000000000000000000,100000000000000000013,100000005000000000000800000400000
1,2,10,11,12,13,14,15,130,1000,1001,1002,10000,300000,300001,300002,10000000,100000000,100000001,1040000000,1600000090,1610000000,10000000000,10000000001,100030000510,10000000000000,100000070000000600
1,2,3,4,5,6,7,8,9,10,14,18,19,20,21,22,100,101,110,111,112,1000,1001,1002,8000,10000,16000,25009,29070,100004,100005,1000000,10000000,10000001,100000090,400000000,406800000,410800000,10040000000000000
1,10,15,100,100000,1000000,1090000,10000000,100000000,1073000000000000,1600000000000000,10000040000000000,100009000000000005000009000000,1000000001000000000000003400000,1070000000000000000000000000000
1,10,10000,100000,1000000006,101000000000,1000000000000,10000000000000,10000000000800,100000000000030,100000900000000,1000000000000700000200600000100000000000,10000000000000000,100001208,10000000,0201
100,101,1000,10000,150050,1000000,2000000,10000000,10000007,10010050,10010051,10062000,15008000,100000000000000000000000000000050,10051000000,1000000800006001000000000000,1000000,100001000000000,13010
1,4,100,1000,10000,10002,10008,100000,800000,1000000,1200000,10000000,100000000,1050000002,16000000003,100000000000,106000000000,1000020000000,10000000000000,100000000000000,10700030000000000000000000
1,2,3,4,10,11,12,90,100,101,102,1000,10000,15000,100000,1000000,1007000,100000000,100000900,10000000000,10000000001,1000000090000,10000004000000000,10000000000000000000000,1000000000000000004000000000
11610191,141,,2,2,1,2,2,10,100,100,100,10010,40,14,15,10,110000,10,100,1000,10000000,10100010,100,1010,10000,10020,100200,1000,1000010,100,10000000100,1000000,5000000,1000000001,1020000210,1110,10020
1,10,100,1000,100007,1000000,10000000,100000000,1000000000,10000000000,100000000000,1000000000000,9000000000000,10060000000000,100000000000700,140000600000000,10000000007000606,10000000000000300000000
1,1001,10,100,1000,1000000000,11,100,101,10000000000,180,1000,10000000000000001,19,100,1000,10000,8900000050800000,1070000000000,100000,1000000,10000000000,10000013000000000000000801000000010,10002003
11111111100000000,2,1,27,100,40002,100,1000,10000,100000,1000030,10,100000000000,1000000000,1000000000,9030000,10800000,100000000,1000000000000,100000000000000000000,100,10000,10000,10001003050000200
1,10,100,1000,10000,1000000000,10000000000,80000000000,100090000000,1000000000300,1060000009090,10000000000000,60000000000000,100310000000000,1000000000000000,10000000000000000,10000000000000000000300
10,2,10,11,1000001,10,11,100,10000,10000000000,1000000009001,2,3,4,5,6,7,10,100,101,1000,100000,1000000,100000000700000001,100000000000,100009000000,8000001000000000000,10001000,170,100011,10000220701
1,2,3,4,5,6,10,11,12,20,21,22,23,100,101,102,1600,10003,10500,10501,10502,10700,10701,13000,13001,100960,100961,100965,1000000,9000000,10200000,10200900,10200901,40000000,10000000000,10000000000000000
1,10,100,1000,10000,100000,1000000,10000000,100000000,1000000000,1004300000,1009000000,1701000002,10603070000,100000806306,100803200000,10000000000001,10000700000000,100000000000000,100800000000000000
11131,0107015001,1000,10,108,100080,10010,1000,10000,2,10010,100,1000016,40,41,2,3,4,5,1000,100,10000000,1001,1002,10000,10000300,500,501,100080,3000000,3500000,1000000000021470,1000,1001121000002000
11111101071,2,2,1,2,1,10,1010,1000,1000,11,1000,1000,1000,50,51,10,1110,100000,100,100000,1000000,10000,1000000,100050,100051,208000000,1000,10000020,10000,100010,101,10000,10000100,1000,1001,1010020
1,2,3,4,5,6,12,13,108,300,403,404,459,10000,100000,100001,1000000,10000000,10000000000,400000705000,1000000000070,2000000000000,2000000000001,8630000000030000,1000000060000600000,100000000000000007000
1,16,100,1005,1000000,10000000,100000000,1000000000,4000000000000,5000000000200,10000000000000,10006000000000,100000020000000,1000000050001400,10000000000000000,10000080000000000,100000010000000000000
1111118,,1,1101,,,0,2,1,2,2,10,10,109,1000100012,10,10000020,1000,1000000000,104010,70,100070000,10000010,100,101,600,601,150,1550,100000010006001000,10010,1005,1000000000,100000000,1002,100000002220
9111110111,00,,,,0,50,,121,2,1,230,101,1010,10,10,2,1000012,1100220,100010,100,107,180,1000,10012,10000,1000,11,7000601000000050140,10000021,12000001,407112,100,7000100,100001812,100,1000002010109020
101,101,100,70,711,4,5,6,7,8,10,11,12,100,101,1060,1011,1100010,0,1160001011,100000,1000,1600,10800,110006,10002,16000005000000,1000000,40000000,404000000,61,100,1004,10000000,10000,11000,11001,210201
1,1027,10000,10009,100000,1000000,10000000,100000000,1000000000,10000000000,10000200000,100000000000,1000000000000,1000000000080,1000000000300,1000060001000,10000001800000,1000000000000000000400800000
1,2,10,11,100,110,111,112,113,114,1001,1100,10000,100000,100001,1000330000004,14000011100,3000000,3000001,100000000001000008,100000012,90000,100000000012,116013,1000,1001110,1000000,10001000,21,100001
1111111110,,,00000,0500,2,2,2,210,10,1010,10,10,7010,1010,100,10,,100,100,1000,10,10010300010,11,100,1000,10800000,100000,1010,10000010,11,10107900,170,1000,100000000,100000000,10000000000010,1001000
1,2,10,100,190,1000,1000053,1008000,10000006,100000000,100000090,1000000000,1100000000,10000000000,18960020000,100080000075,10000000000008,100000000000000,1000000000000000,1000000000000000000000000000
1,10,100000,1000040003,106000000000,100000000000000800,1000700000000000009,100000300000000840000000,1000000000000000100000000000,1000000090000000000000000000,100000002000000000000000000000000006000000
1,10,15,100,1000,1001,10000,16000,70005,100000,1000000,10000000,10007000,10000000000000000,10000006000070000,10000080000000000,100000000000000006,100000000000200000,80000000000000000010000000000040500
1,10,100,1000,10000,100000,100600,1000000,1020000,10040000,100000000,1000600044,100000000003000000000,9000000000000000000007,10000000000007000000000,100000000000000000500000,10000200010000000000000000
1,10,100,1000,10008,10300,100000,1000000,10000000,100000000,109000000,1000000000,1300000200,10000000300,10400000000,40000000005,10000000000900,100000000000004,100000080000000,1000000000000600000100000
1,4,5,6,10,100,101,150,151,1000,7000,8000,10000000,70000000,70000001,1010000000,1010000040,10000000000,10000000001,100000220090,100000001000000,10000000800070000,400000000000000000,1000000000000406000
