100
?4?????????????????4????????????????0???????????????????????1??????????????????????????????????????????5????????????????4??????1????????????????????????????????????1????3??????4???????????????2??1???
0 0 0 0 0 0 0 0 0 1 8 6 5 7 9 2 4 6 18 19 20 19 22 23 24 25 26 15 28 29 30 31 32 33 34 35 36 37 38 12 40 41 42 43 11 45 46 47 48 46 50 51 52 53 54 55 56 57 58 59 60 61 6 63 64 65 66 67 68 69 35 71 72 73 21 75 76 77 78 64 80 12 67 83 84 85 86 87 40 89 90 91 92 93 94 95 96 97 98 99 100 101 67 103 59 105 106 107 108 109 110 111 112 113 114 115 116 117 49 119 120 121 122 123 124 125 126 127 128 129 130 131 119 133 134 135 136 137 138 139 140 141 41 143 144 145 146 147 148 149 150 151 152 153 154 155 156 86 158 159 160 161 162 163 126 165 166 167 168 169 170 171 172 173 174 175 176 177 107 79 180 181 182 183 184 185 85 187 188 81 190 191 192 193 17 9 8 3 1
??????????????,?????,????????,????????????????????????6?????6???????????????8????6?1????8??,???????9??????5??????????????????????????????????????????????5???????91???????????????????????????8????????0
0 1 2 3 4 5 6 7 8 9 10 11 12 13 14 15 16 17 18 19 20 21 22 23 24 25 26 27 28 29 30 31 32 33 34 35 36 37 38 39 40 41 42 43 44 45 46 47 48 49 50 51 52 53 54 55 56 57 58 59 60 61 62 63 64 65 66 67 68 69 70 71 72 73 74 75 76 77 78 79 80 81 82 83 84 85 86 87 88 89 90 91 92 93 94 95 96 97 98 99 100 101 102 103 104 105 106 107 108 109 110 111 112 113 114 115 116 117 118 119 120 121 122 123 124 125 126 127 128 129 130 131 132 133 134 135 136 137 138 139 140 141 142 143 144 145 146 147 148 149 150 151 152 153 154 155 156 157 158 159 160 161 162 163 164 165 166 167 168 169 170 171 172 173 174 175 176 177 178 179 180 181 182 183 184 185 186 187 188 189 190 191 192 193 194 195 196 197 198 199
?,????,?????,?????,??,??5?,??,??,?????,???,???,????,??,??,??8,????,?2??4???????,?????????????????,??,??????,???,???8,????,?????,?5????,???????,???4????,???5,???????,??????,?????3???,?????????4???????
0 1 2 3 4 0 6 7 8 9 10 2 12 13 14 15 0 17 18 19 20 21 22 23 7 25 26 27 28 29 30 31 32 33 34 35 0 37 38 39 40 41 42 43 44 45 46 47 48 49 0 51 52 53 54 55 56 57 58 59 60 61 62 63 64 65 66 67 68 69 70 71 72 73 74 75 76 77 78 79 80 81 82 83 84 85 86 87 88 89 90 91 92 93 94 95 56 97 98 99 100 101 102 103 40 105 54 107 108 109 110 111 112 113 114 50 116 117 118 119 120 121 122 123 124 125 126 127 128 129 130 131 132 133 134 135 136 137 138 139 140 141 142 143 144 145 146 147 148 149 32 151 152 153 154 155 156 157 158 159 160 161 41 111 164 165 166 167 168 37 164 171 172 173 174 175 176 62 178 179 180 181 182 183 184 185 186 45 98 189 190 107 41 106 105 51 25 17 6
????,???7?,?????0?,????????,???????0?,?????????,5?????????6???,???5???????????????5???,???????????6????????0??????????,??????????2??????8????????????????9???????9?????????????????3???????????4?????8??
0 1 2 3 4 5 6 7 8 9 10 11 12 13 14 15 16 17 18 19 20 21 22 23 24 25 26 27 28 29 30 31 32 33 34 35 36 37 38 39 40 41 42 43 44 45 46 47 48 49 50 51 52 53 54 55 56 57 58 59 60 61 62 63 64 65 66 67 68 69 70 71 72 73 74 75 76 77 78 79 80 81 82 83 84 85 86 87 88 89 90 91 92 93 94 95 96 97 98 99 100 101 102 103 104 105 106 107 108 109 110 111 112 113 114 115 116 117 118 119 120 121 122 123 124 125 126 127 128 129 130 131 132 133 134 135 136 137 138 139 140 141 142 143 144 145 146 147 148 149 150 151 152 153 154 155 156 157 158 159 160 161 162 163 164 165 166 167 168 169 170 171 172 173 174 175 176 177 178 179 180 181 182 183 184 185 186 187 188 189 190 191 192 193 194 195 196 197 198 199
??????????????????????????3????1??8??????6???????1????????????????????4????????????4??????????????????????9??????????????3??????????????4?0??????????????????????4????????????????2?????????????????????
0 1 2 3 4 5 6 7 8 9 10 11 12 13 14 15 16 17 18 19 20 21 22 23 24 25 26 27 28 29 30 31 32 33 34 35 36 37 38 39 40 41 42 43 44 45 46 47 48 49 50 51 52 53 54 55 56 57 58 59 60 61 62 63 64 65 66 67 68 69 70 71 72 73 74 75 76 77 78 79 80 81 82 83 84 85 86 87 88 89 90 91 92 93 94 95 96 97 98 99 100 101 102 103 104 105 106 107 108 109 110 111 112 113 114 115 116 117 118 119 120 121 122 123 124 125 126 127 128 129 130 131 132 133 134 135 136 137 138 139 140 141 142 143 144 145 146 147 148 149 150 151 152 153 154 155 156 157 158 159 160 161 162 163 164 165 166 167 168 169 170 171 172 173 174 175 176 177 178 179 180 181 182 183 184 185 186 187 188 189 190 191 192 193 194 195 196 197 198 199
?,?,?,?,??,??,??7,??1,???,????,?????,?6???,6????,???7?,????0?,???????,?????????,9????????,???????????,8??8?????1?,?????9??6???,?7??8?????????,2????????????82??3??????,??5?????????????????????????5??0?
0 1 2 3 4 5 6 7 8 9 10 11 12 13 14 15 16 17 18 19 20 21 22 23 24 25 26 27 28 29 30 31 32 33 34 35 36 37 38 39 40 41 42 43 44 45 46 47 48 49 50 51 52 53 54 55 56 57 58 59 60 61 62 63 64 65 66 67 68 69 70 71 72 73 74 75 76 77 78 79 80 81 82 83 84 85 86 87 88 89 90 91 92 93 94 95 96 97 98 99 100 101 102 103 104 105 106 107 108 109 110 111 112 113 114 115 116 117 118 119 120 121 122 123 124 125 126 127 128 129 130 131 132 133 134 135 136 137 138 139 140 141 142 143 144 145 146 147 148 149 150 151 152 153 154 155 156 157 158 159 160 161 162 163 164 165 166 167 168 169 170 171 172 173 174 175 176 177 178 179 180 181 182 183 184 185 186 187 188 189 190 191 192 193 194 195 196 197 198 199
????3???????????????????????????????1???????????????????????????????37?????8????3??????????????,9???????????3?0???????????????????????????????????9????????????????7??????????????48????????????1??????
0 0 0 0 0 0 0 0 0 3 2 1 3 6 5 8 16 2 18 9 20 9 22 5 24 9 26 1 28 7 30 1 32 4 34 2 36 2 38 10 7 41 3 43 4 45 46 2 48 49 1 51 52 4 54 55 1 57 58 59 32 61 62 5 64 65 66 67 8 69 70 71 72 6 74 75 76 77 34 79 80 81 82 83 84 85 86 87 88 36 90 91 92 93 94 95 96 97 98 99 62 101 102 103 104 105 106 107 108 109 110 111 33 113 114 115 116 117 118 119 120 121 122 123 61 125 126 127 128 129 130 131 132 133 134 135 24 67 138 139 140 141 142 98 144 145 146 147 148 149 150 21 152 153 154 155 156 157 158 159 160 161 89 155 30 165 166 167 168 169 170 171 172 173 157 175 176 177 178 46 180 181 182 183 184 185 186 187 188 189 190 76 44 67 69 5 13 28 2
????????????????????????4??????????6???????4??????????????????????????2?????????????5????????9?????????????????90?????????????????????????4????????????????????????4??????????????????????????9???8?????
0 1 2 3 4 5 6 7 8 9 10 11 12 13 14 15 16 17 18 19 20 21 22 23 24 25 26 27 28 29 30 31 32 33 34 35 36 37 38 39 40 41 42 43 44 45 46 47 48 49 50 51 52 53 54 55 56 57 58 59 60 61 62 63 64 65 66 67 68 69 70 71 72 73 74 75 76 77 78 79 80 81 82 83 84 85 86 87 88 89 90 91 92 93 94 95 96 97 98 99 100 101 102 103 104 105 106 107 108 109 110 111 112 113 114 115 116 117 118 119 120 121 122 123 124 125 126 127 128 129 130 131 132 133 134 135 136 137 138 139 140 141 142 143 144 145 146 147 148 149 150 151 152 153 154 155 156 157 158 159 160 161 162 163 164 165 166 167 168 169 170 171 172 173 174 175 176 177 178 179 180 181 182 183 184 185 186 187 188 189 190 191 192 193 194 195 196 197 198 199
1?????????????????????,?????????,??????,???,???,9??,????????,?????,?1???,7??6,?4???????,??????,??????9?,3?8??,?????,????????????,???2??,????8?,?????2?,????????,?71?????,?????,??????,???????,?????????
0 0 0 0 0 0 0 0 0 9 2 3 1 7 14 6 16 3 18 7 20 21 4 23 24 25 3 27 28 29 30 8 32 33 34 35 27 23 38 39 40 41 16 43 44 45 46 47 48 49 50 51 52 53 54 55 44 57 58 59 60 61 62 63 64 25 66 67 68 69 70 14 72 73 74 75 76 77 78 79 80 81 82 61 84 85 86 87 88 89 90 91 92 65 94 95 96 97 98 99 100 2 15 103 104 105 106 107 108 109 110 111 112 113 114 115 116 117 118 119 120 109 74 123 124 31 102 103 128 129 130 131 132 133 134 135 136 137 138 139 140 141 142 143 144 145 146 147 148 25 150 151 152 153 150 52 156 157 158 159 160 161 162 163 164 18 75 167 168 169 170 171 172 173 174 175 176 177 178 179 180 181 182 183 184 185 186 187 150 189 190 191 192 193 17 11 27 27 9
??,??,??,??,???,???4?,?????,??????,?????7?,29??????,????????,?????22?,?3???3????,???????8????,??6???3??????,???????????????,??8?????5???8?????,?????9??????????????,????3????7?6???1?????????????????5??
0 1 2 3 4 5 6 7 8 9 10 11 12 13 14 15 16 17 18 19 20 21 22 23 24 25 26 27 28 29 30 31 32 33 34 35 36 37 38 39 40 41 42 43 44 45 46 47 48 49 50 51 52 53 54 55 56 57 58 59 60 61 62 63 64 65 66 67 68 69 70 71 72 73 74 75 76 77 78 79 80 81 82 83 84 85 86 87 88 89 90 91 92 93 94 95 96 97 98 99 100 101 102 103 104 105 106 107 108 109 110 111 112 113 114 115 116 117 118 119 120 121 122 123 124 125 126 127 128 129 130 131 132 133 134 135 136 137 138 139 140 141 142 143 144 145 146 147 148 149 150 151 152 153 154 155 156 157 158 159 160 161 162 163 164 165 166 167 168 169 170 171 172 173 174 175 176 177 178 179 180 181 182 183 184 185 186 187 188 189 190 191 192 193 194 195 196 197 198 199
??????????????0???????????,????,?????,??????,??,??9?,?9????????,?6??,??4?,???????,?6????,?????,??????,????,?2???,?8??4,?????,???2821?,????,?????,9??0??0,8?????,??7???,???????????,???????????????,????
0 0 0 0 0 0 0 0 0 8 3 3 6 1 7 7 3 5 3 19 5 21 8 23 22 2 26 27 28 29 30 31 32 33 34 35 36 37 38 39 40 41 42 5 44 45 46 47 48 49 50 6 52 53 54 55 8 11 19 40 60 61 46 63 64 65 66 52 68 69 70 71 72 73 74 75 76 77 78 15 56 81 82 83 84 85 4 12 88 89 90 91 90 93 94 95 96 97 87 96 100 101 102 103 104 105 106 107 108 109 110 111 112 113 114 115 116 117 118 119 120 121 122 123 124 125 126 127 128 129 130 42 59 133 134 135 136 137 138 139 140 141 142 143 144 145 146 147 148 149 86 81 152 153 154 155 156 157 143 159 160 161 162 163 164 165 166 167 168 169 170 171 172 173 154 175 176 177 178 179 180 181 182 183 184 20 86 27 188 69 190 191 192 5 194 195 196 197 5
???5?????5??4??8?2?????????????????????????????,???9??,????,?????,?????,8????,??????,??????????,???0,?????????,??????,????????,???,?0??,?28???,???7,????,?????,?????,?????,????2?,??????7?,??,??1??,?6?
0 0 0 0 0 0 0 0 0 2 7 2 8 6 1 5 7 9 1 1 4 2 6 4 2 4 7 2 3 29 6 31 7 33 8 35 36 6 38 39 18 41 38 43 44 36 25 47 48 49 50 51 49 53 54 55 56 57 58 59 60 61 62 63 64 65 66 67 68 69 70 71 72 73 74 75 76 77 78 79 80 81 82 83 84 85 86 87 88 89 90 91 24 46 23 95 96 97 98 99 100 101 102 103 104 7 67 107 108 109 110 111 112 113 114 115 116 117 118 119 120 121 122 123 124 26 126 127 128 129 130 131 132 133 134 135 136 137 138 139 140 22 142 143 144 145 53 147 148 149 150 147 152 153 154 155 156 157 158 159 160 161 162 163 164 165 166 167 168 169 170 171 172 173 174 175 176 177 178 179 180 181 182 183 184 8 186 187 188 189 190 191 192 26 1 195 196 197 198
?,?,?,?,?,?,?,?1,??,??,??,???,??6,5??,???,???,??94,1????,?????,?????,??5??,??????,??5???,?5?????,???????,???????,????????,????????,???3??98,????0????0,?????????????8?4,????????????????????????????????
0 1 2 3 4 5 6 7 8 9 10 11 12 13 14 15 16 17 18 19 20 21 22 23 24 25 26 27 28 29 30 31 32 33 34 35 36 37 38 39 40 41 42 43 44 45 46 47 48 49 50 51 52 53 54 55 56 57 58 59 60 61 62 63 64 65 66 67 68 69 70 71 72 73 74 75 76 77 78 79 80 81 82 83 84 85 86 87 88 89 90 91 92 93 94 95 96 97 98 99 100 101 102 103 104 105 106 107 108 109 110 111 112 113 114 115 116 117 118 119 120 121 122 123 124 125 126 127 128 129 130 131 132 133 134 135 136 137 138 139 140 141 142 143 144 145 146 147 148 149 150 151 152 153 154 155 156 157 158 159 160 161 162 163 164 165 166 167 168 169 170 171 172 173 174 175 176 177 178 179 180 181 182 183 184 185 186 187 188 189 190 191 192 193 194 195 196 197 198 199
?,?,?,?,6,?,?,?,??,??,??,???,7??,?9?,???,7?3?,????,????,?????,?????,??????,??1?8?,???6??,??????,?0????,??????,????????,??????0??,????????4?,??????????,????4????????,?????2??8?????,?????0??????????????
0 1 2 3 4 5 6 7 8 9 10 11 12 13 14 15 16 17 18 19 20 21 22 23 24 25 26 27 28 29 30 31 32 33 34 35 36 37 38 39 40 41 42 43 44 45 46 47 48 49 50 51 52 53 54 55 56 57 58 59 60 61 62 63 64 65 66 67 68 69 70 71 72 73 74 75 76 77 78 79 80 81 82 83 84 85 86 87 88 89 90 91 92 93 94 95 96 97 98 99 100 101 102 103 104 105 106 107 108 109 110 111 112 113 114 115 116 117 118 119 120 121 122 123 124 125 126 127 128 129 130 131 132 133 134 135 136 137 138 139 140 141 142 143 144 145 146 147 148 149 150 151 152 153 154 155 156 157 158 159 160 161 162 163 164 165 166 167 168 169 170 171 172 173 174 175 176 177 178 179 180 181 182 183 184 185 186 187 188 189 190 191 192 193 194 195 196 197 198 199
????????????4???????2??1?77????????????????0????????36????,?????????????03?,????,????,6????,1???86????????,2?????,??2?,??????,??????,?????4????,???????,?????????,????,?????,??????,???,???,??????????5
0 0 0 0 0 0 0 0 0 2 1 4 2 8 2 3 5 8 5 5 6 4 7 1 24 18 7 27 6 29 11 2 32 8 34 9 36 3 38 39 7 41 42 3 44 45 9 47 48 1 50 51 7 53 54 13 56 57 6 59 60 61 9 63 64 65 1 67 68 69 59 71 72 73 12 75 76 77 78 79 80 81 82 83 84 85 86 87 88 89 16 91 92 93 94 95 64 79 92 99 100 29 32 84 85 36 106 107 108 109 110 80 22 15 114 115 116 48 118 119 120 121 122 123 123 125 126 127 128 129 130 1 132 133 134 1 106 5 127 139 140 141 142 143 144 145 146 147 148 149 49 151 152 153 154 155 156 157 118 22 91 161 162 163 164 165 166 167 168 169 170 171 172 173 174 175 176 177 115 179 180 181 182 183 184 185 186 187 188 189 190 191 76 193 194 35 113 1 9
????????????????4????????????2??????????????????3?6??????????6??????,??2????????????????????9??????????1????????????????????????????????????9??????????????????????????????,9????????23???????????8?????
0 1 2 3 4 5 6 7 8 9 10 11 12 13 14 15 16 17 18 19 20 21 22 23 24 25 26 27 28 29 30 31 32 33 34 35 36 37 38 39 40 41 42 43 44 45 46 47 48 49 50 51 52 53 54 55 56 57 58 59 60 61 62 63 64 65 66 67 68 69 70 71 72 73 74 75 76 77 78 79 80 81 82 83 84 85 86 87 88 89 90 91 92 93 94 95 96 97 98 99 100 101 102 103 104 105 106 107 108 109 110 111 112 113 114 115 116 117 118 119 120 121 122 123 124 125 126 127 128 129 130 131 132 133 134 135 136 137 138 139 140 141 142 143 144 145 146 147 148 149 150 151 152 153 154 155 156 157 158 159 160 161 162 163 164 165 166 167 168 169 170 171 172 173 174 175 176 177 178 179 180 181 182 183 184 185 186 187 188 189 190 191 192 193 194 195 196 197 198 199
??,?,?,????,?,??,??????????????????3?,?,?,?,?,?,?,??,??,????????????????????????,??,???,???,???,??0??6??????????,??,??,4??3,4???,?6???,????????3?,6???????3?,??????,???,?4??,????????,?9,???,?35???????
0 0 2 3 4 5 6 7 8 9 0 11 12 13 14 15 16 17 18 0 20 21 22 23 24 25 26 27 28 29 30 31 32 33 34 35 0 37 38 39 40 41 42 43 44 45 46 47 48 49 50 51 52 53 54 55 56 57 0 59 60 61 62 63 64 65 66 67 68 69 70 71 72 73 74 75 76 77 78 79 1 81 82 83 84 85 86 87 88 89 90 91 92 93 94 95 96 97 98 99 100 101 102 103 104 105 106 107 108 109 81 111 112 113 114 115 116 117 118 119 120 121 122 123 124 125 126 127 128 129 130 131 132 133 134 135 136 137 138 139 140 141 142 143 65 140 146 147 148 149 150 129 152 153 154 155 156 157 158 159 160 161 8 163 164 165 166 167 168 169 170 171 172 173 174 175 176 101 76 98 12 181 182 183 184 185 186 187 188 189 190 191 192 112 61 39 11 12 20
???????????????0????????4????????????????????4????????????8?8??????4?????????????????8????8???????2??????????5??????,??????????????????????????????????????????????????3????????9???????????5????????5?
0 0 0 0 0 0 6 4 3 1 0 11 0 13 5 6 1 17 15 0 20 21 11 23 24 5 26 27 2 29 30 6 32 33 34 1 36 37 38 1 40 41 42 13 44 45 46 2 48 49 50 51 20 53 54 55 56 57 1 59 60 61 62 63 32 65 66 67 68 40 70 71 72 73 74 2 76 77 78 79 80 81 82 76 84 85 86 87 88 89 90 91 92 40 94 95 96 97 98 99 100 101 102 93 26 100 8 107 108 109 110 111 112 113 114 52 116 117 118 119 120 121 122 123 15 118 126 127 128 129 130 131 132 133 134 135 136 137 138 139 140 141 142 143 144 145 146 147 148 149 150 151 152 153 154 155 156 157 158 10 107 132 162 163 164 165 166 167 168 169 170 171 172 173 174 175 176 47 117 179 180 181 182 183 184 121 186 187 107 82 47 95 26 7 96 37 3 12 11
?,?,??,???,1??,????,????,??????,??????,3???????,13???????,????0????,??4??1?????,??9?????5????????,????1???????????????,???????????2????????,???8????????4???9??????0,?6???????????????????7385??????????
0 1 2 3 4 5 6 7 8 9 10 11 12 13 14 15 16 17 18 19 20 21 22 23 24 25 26 27 28 29 30 31 32 33 34 35 36 37 38 39 40 41 42 43 44 45 46 47 48 49 50 51 52 53 54 55 56 57 58 59 60 61 62 63 64 65 66 67 68 69 70 71 72 73 74 75 76 77 78 79 80 81 82 83 84 85 86 87 88 89 90 91 92 93 94 95 96 97 98 99 100 101 102 103 104 105 106 107 108 109 110 111 112 113 114 115 116 117 118 119 120 121 122 123 124 125 126 127 128 129 130 131 132 133 134 135 136 137 138 139 140 141 142 143 144 145 146 147 148 149 150 151 152 153 154 155 156 157 158 159 160 161 162 163 164 165 166 167 168 169 170 171 172 173 174 175 176 177 178 179 180 181 182 183 184 185 186 187 188 189 190 191 192 193 194 195 196 197 198 199
?,?,?,1??,???,???,???,???,????,??8?,????,????,??4??,????1?,???6??,?????9,?????3,???????,???????,??????????,???5??????,???????????,?????????????,?????7???6????,?????????2????,?????0???0????????????????
0 1 2 3 4 5 6 7 8 9 10 11 12 13 14 15 16 17 18 19 20 21 22 23 24 25 26 27 28 29 30 31 32 33 34 35 36 37 38 39 40 41 42 43 44 45 46 47 48 49 50 51 52 53 54 55 56 57 58 59 60 61 62 63 64 65 66 67 68 69 70 71 72 73 74 75 76 77 78 79 80 81 82 83 84 85 86 87 88 89 90 91 92 93 94 95 96 97 98 99 100 101 102 103 104 105 106 107 108 109 110 111 112 113 114 115 116 117 118 119 120 121 122 123 124 125 126 127 128 129 130 131 132 133 134 135 136 137 138 139 140 141 142 143 144 145 146 147 148 149 150 151 152 153 154 155 156 157 158 159 160 161 162 163 164 165 166 167 168 169 170 171 172 173 174 175 176 177 178 179 180 181 182 183 184 185 186 187 188 189 190 191 192 193 194 195 196 197 198 199
??3?????8????????????????9????0????,??????????1????????6???5??????????2??7????????????????????????????0??????????????????????????1??2?????3??7??????????4????????90???????0??1????????????,????????5???0
0 1 2 3 4 5 6 7 8 9 10 11 12 13 14 15 16 17 18 19 20 21 22 23 24 25 26 27 28 29 30 31 32 33 34 35 36 37 38 39 40 41 42 43 44 45 46 47 48 49 50 51 52 53 54 55 56 57 58 59 60 61 62 63 64 65 66 67 68 69 70 71 72 73 74 75 76 77 78 79 80 81 82 83 84 85 86 87 88 89 90 91 92 93 94 95 96 97 98 99 100 101 102 103 104 105 106 107 108 109 110 111 112 113 114 115 116 117 118 119 120 121 122 123 124 125 126 127 128 129 130 131 132 133 134 135 136 137 138 139 140 141 142 143 144 145 146 147 148 149 150 151 152 153 154 155 156 157 158 159 160 161 162 163 164 165 166 167 168 169 170 171 172 173 174 175 176 177 178 179 180 181 182 183 184 185 186 187 188 189 190 191 192 193 194 195 196 197 198 199
???8??2?1??2???5?,???,???,?????,?9??,?7????,?????,?????,?????????,???????,???????,????????,?????????,?????????,????????????????,?????,?????????5???????????,???,????,5?????,??,??,?????????????????????
0 0 0 0 0 0 0 0 0 8 6 9 1 1 1 15 6 17 18 19 20 21 22 23 24 25 26 27 28 29 29 31 32 33 34 35 36 37 38 39 40 41 41 43 44 45 46 47 48 49 50 51 52 53 54 55 56 57 58 59 60 61 59 63 64 65 66 67 68 69 70 71 72 73 74 75 76 77 78 79 80 81 82 83 84 85 86 87 88 89 90 91 92 93 94 95 96 97 98 99 100 101 102 103 104 105 106 107 108 109 110 111 112 113 114 115 116 117 118 119 120 34 122 38 124 125 126 127 128 129 130 131 132 133 134 135 136 137 138 139 1 13 62 12 18 145 146 59 148 149 129 151 152 153 146 155 156 157 158 159 160 161 162 163 164 165 166 167 168 169 9 171 172 173 174 175 176 177 178 179 180 27 182 183 182 185 20 187 176 24 10 144 147 20 171 9 15 8 5
????????????????????????????????????????????9????1?7??????????????????????????????????????91??????????????????,?5?8?????????????????????????2????????????????????????3????????0?????????????????2??1???
0 0 0 0 0 0 0 0 0 3 2 1 9 7 3 15 9 17 2 19 20 8 22 23 11 13 15 27 28 29 30 8 32 33 34 19 36 37 38 39 3 1 42 43 44 45 5 47 48 49 49 28 52 53 54 24 56 57 58 59 60 61 62 60 64 65 64 67 24 38 70 71 72 73 74 75 48 77 14 79 80 81 82 9 84 85 86 87 49 52 90 91 92 93 94 95 96 97 98 99 100 101 102 89 15 59 106 107 108 79 110 111 112 113 114 115 116 117 118 119 120 121 106 123 124 31 78 127 128 129 130 131 132 133 134 135 136 137 138 139 140 141 76 143 144 145 146 147 148 149 150 151 152 153 154 155 156 157 158 159 160 161 162 163 164 114 166 167 168 169 170 171 172 173 53 175 176 177 178 179 180 181 182 183 184 185 92 59 188 189 190 36 14 82 44 195 84 4 4
??????????????????3????7????7?????????5??????????????,?????????????4???????????????????????9????????????????????4???2??????????3????????????????????3??????????????????????5?????????????00??????38??0?6
0 1 2 3 4 5 6 7 8 9 10 11 12 13 14 15 16 17 18 19 20 21 22 23 24 25 26 27 28 29 30 31 32 33 34 35 36 37 38 39 40 41 42 43 44 45 46 47 48 49 50 51 52 53 54 55 56 57 58 59 60 61 62 63 64 65 66 67 68 69 70 71 72 73 74 75 76 77 78 79 80 81 82 83 84 85 86 87 88 89 90 91 92 93 94 95 96 97 98 99 100 101 102 103 104 105 106 107 108 109 85 111 112 113 7 115 116 117 118 6 53 121 122 123 124 125 126 23 128 129 130 131 132 133 134 135 136 137 138 139 140 141 142 52 35 145 146 147 148 149 32 32 152 153 154 155 5 5 12 159 33 23 162 163 157 165 166 167 168 160 170 171 172 173 174 169 176 177 178 179 180 181 182 183 184 185 186 176 5 167 190 2 158 158 5 4 1 197 1 0
?,??,??,???,?7?,???,???,???,?9??,??9?,??8?,?????4??,?????????,5????????0,???????5???,??????4?????,??1??7???????,????????37???????,?5?4???????????????,??????????????2?9?????????????????????????????????
0 1 2 3 4 5 6 7 8 9 10 11 12 13 14 15 16 17 18 19 20 21 22 23 24 25 26 27 28 29 30 31 32 33 34 35 36 37 38 39 40 41 42 43 44 45 46 47 48 49 50 51 52 53 54 55 56 57 58 59 60 61 62 63 64 65 66 67 68 69 70 71 72 73 74 75 76 77 78 79 80 81 82 83 84 85 86 87 88 89 90 91 92 93 94 95 96 97 98 99 100 101 102 103 104 105 106 107 108 109 110 111 112 113 114 115 116 117 118 119 120 121 122 123 124 125 126 127 128 129 130 131 132 133 134 135 136 137 138 139 140 141 142 143 144 145 146 147 148 149 150 151 152 153 154 155 156 157 158 159 160 161 162 163 164 165 166 167 168 169 170 171 172 173 174 175 176 177 178 179 180 181 182 183 184 185 186 187 188 189 190 191 192 193 194 195 196 197 198 199
?????9????9????3????????????????????,????,????????1?3?,???,??,??3,?,???,1????,?,?,?,?,?,??,???,???0????,???,??????,????????,?????,???5?,??????,?????13,????9????,??6????,4??,???????2???,???,?????????8
0 0 0 0 0 0 0 0 8 3 8 3 7 7 14 5 16 16 1 19 0 21 22 21 24 6 26 3 28 29 3 31 32 6 34 35 5 37 38 39 8 41 42 43 5 45 46 47 2 49 50 51 52 14 54 55 56 57 21 59 60 61 62 63 64 2 66 67 68 69 70 71 72 73 74 75 66 77 78 79 80 81 82 83 84 85 86 87 88 89 90 91 92 33 94 95 96 97 98 99 100 16 90 103 104 105 106 107 108 109 110 111 7 10 114 115 116 117 118 57 38 61 65 123 124 125 126 127 128 129 130 131 132 133 134 135 136 137 138 139 140 141 142 143 144 145 146 147 148 149 150 151 152 153 154 155 156 157 158 46 160 161 162 163 164 165 42 167 168 169 170 171 46 173 174 175 176 30 124 179 180 181 182 59 184 185 33 25 188 189 190 191 192 193 102 22 5 45 8
?,?,?,??,??,??,??,??,???,2??,???,?1?,???,???4,????,???4,????,?????,?????,?????,2?????,??????,??????,????2?,???????,???????,?9??????,???4????,????????????,???????17?3???,??????8????????,?????7???8?????
0 1 2 3 4 5 6 7 8 9 10 11 12 13 14 15 16 17 18 19 20 21 22 23 24 25 26 27 28 29 30 31 32 33 34 35 36 37 38 39 40 41 42 43 44 45 46 47 48 49 50 51 52 53 54 55 56 57 58 59 60 61 62 63 64 65 66 67 68 69 70 71 72 73 74 75 76 77 78 79 80 81 82 83 84 85 86 87 88 89 90 91 92 93 94 95 96 97 98 99 100 101 102 103 104 105 106 107 108 109 110 111 112 113 114 115 116 117 118 119 120 121 122 123 124 125 126 127 128 129 130 131 132 133 134 135 136 137 138 139 140 141 142 143 144 145 146 147 148 149 150 151 152 153 154 155 156 157 158 159 160 161 162 163 164 165 166 167 168 169 170 171 172 173 174 175 176 177 178 179 180 181 182 183 184 185 186 187 188 189 190 191 192 193 194 195 196 197 198 199
?????????????????,??7??8??????????6???????????,???????????,6???2????????????????2????????9?????????1???????????????1,?????????00????????0????????8??????????????????????8??????????????????0????????????
0 1 2 3 4 5 6 7 8 9 10 11 12 13 14 15 16 17 18 19 20 21 22 23 24 25 26 27 28 29 30 31 32 33 34 35 36 37 38 39 40 41 42 43 44 45 46 47 48 49 50 51 52 53 54 55 56 57 58 59 60 61 62 63 64 65 66 67 68 69 70 71 72 73 74 75 76 77 78 79 80 81 82 83 84 85 86 87 88 89 90 91 92 93 94 95 96 97 98 99 100 101 102 103 104 105 106 107 108 109 110 111 112 113 114 115 116 117 118 119 120 121 122 123 124 125 126 127 128 129 130 131 132 133 134 135 136 137 138 139 140 141 142 143 144 145 146 147 148 149 150 151 152 153 154 155 156 157 158 159 160 161 162 163 164 165 166 167 168 169 170 171 172 173 174 175 176 177 178 179 180 181 182 183 184 185 186 187 188 189 190 191 192 193 194 195 196 197 198 199
???,????????????????????????,?????,?????4??6?0??????????????????????3?????6,?????,?????????????????????1??9????2????????????0????3?????????????????9??2????7??????????7??????????6???5??????????????????
0 1 2 3 4 5 6 7 8 9 10 11 12 13 14 15 16 17 18 19 20 21 22 23 24 25 26 27 28 29 30 31 32 33 34 35 36 37 38 39 40 41 42 43 44 45 46 47 48 49 50 51 52 53 54 55 56 57 58 59 60 61 62 63 64 65 66 67 68 69 70 71 72 73 74 75 76 77 78 79 80 81 82 83 84 85 86 87 88 89 90 91 92 93 94 95 96 97 98 99 100 101 102 103 104 105 106 107 108 109 110 111 112 113 114 115 116 117 118 119 120 121 122 123 124 125 126 127 128 129 130 131 132 133 134 135 136 137 138 139 140 141 142 143 144 145 146 147 148 149 150 151 152 153 154 155 156 157 158 159 160 161 162 163 164 165 166 167 168 169 170 171 172 173 174 175 176 177 178 179 180 181 182 183 184 185 186 187 188 189 190 191 192 193 194 195 196 197 198 199
?????????????????,???????????4???,?,??2?????????,?????????5?????,?,???????,?????????,9???3????????4?4,???????????,???????7?,?????0???,????5????,?1??9????,???????????????????????????,??????????,9?????
0 0 0 3 3 0 6 0 8 9 0 11 12 13 6 15 16 1 18 19 20 0 22 23 24 25 26 6 28 29 30 31 32 11 34 35 36 37 38 0 40 41 42 43 44 45 46 6 48 49 50 51 52 53 54 55 48 57 58 59 60 61 62 63 6 65 66 67 68 69 70 71 72 73 74 75 76 77 78 79 80 81 20 25 84 85 86 87 88 89 49 91 92 77 94 95 96 97 63 11 90 101 102 103 104 105 106 107 108 94 110 111 112 113 114 115 116 117 118 119 120 121 45 123 124 125 126 127 128 129 130 131 121 133 134 135 136 137 138 139 140 141 142 143 144 145 146 147 148 149 150 151 152 153 154 155 156 157 158 159 160 161 162 67 164 121 125 167 168 169 170 171 172 106 174 175 17 86 178 179 180 181 182 183 184 185 186 187 26 47 72 8 192 193 194 16 5 7 3
?7????4?????????????????????5????????,????,??,???????????????,???????????,????,????6,?????,?????,?75???,??????,???????,6??3???,????????,??????????9?,?0??,???,????,????,?8??,?????,?4??????,??,???,75??
0 0 0 0 0 5 0 7 0 9 0 11 12 3 14 0 16 17 18 3 20 21 16 23 24 1 26 27 2 29 30 26 32 33 4 35 36 37 38 39 40 41 7 43 44 45 46 47 48 49 4 51 52 53 54 55 56 57 58 26 18 61 62 63 64 65 66 9 64 69 70 68 5 73 74 75 76 36 78 79 80 81 82 13 84 85 86 87 88 89 90 91 92 93 94 95 96 97 98 99 100 101 102 103 104 105 106 107 108 109 110 111 112 113 114 115 116 117 118 119 120 121 122 123 124 125 126 127 128 129 130 131 132 133 134 135 136 137 138 139 140 141 142 143 95 71 34 36 148 149 150 151 152 36 154 155 156 157 158 159 160 161 162 163 164 165 166 167 168 169 170 171 172 173 174 175 176 177 178 179 180 181 182 183 69 185 16 187 188 189 190 191 192 190 12 195 196 197 3
?,?,?,???,???1,????,??????,???????,?5?0?????,?????????,???????9??,????????????,???6?????????,?????9???52???,7???25???8???????,69??9???9????6????,?4????????????2????????0????????????7?????6????????9???
0 1 2 3 4 5 6 7 8 9 10 11 12 13 14 15 16 17 18 19 20 21 22 23 24 25 26 27 28 29 30 31 32 33 34 35 36 37 38 39 40 41 42 43 44 45 46 47 48 49 50 51 52 53 54 55 56 57 58 59 60 61 62 63 64 65 66 67 68 69 70 71 72 73 74 75 76 77 78 79 80 81 82 83 84 85 86 87 88 89 90 91 92 93 94 95 96 97 98 99 100 101 102 103 104 105 106 107 108 109 110 111 112 113 114 115 116 117 118 119 120 121 122 123 124 125 126 127 128 129 130 131 132 133 134 135 136 137 138 139 140 141 142 143 144 145 146 147 148 149 150 151 152 153 154 155 156 157 158 159 160 161 162 163 164 165 166 167 168 169 170 171 172 173 174 175 176 177 178 179 180 181 182 183 184 185 186 187 188 189 190 191 192 193 194 195 196 197 198 199
?????????????????5???????6?????????????????7????????????????3?????3????????7?????,?????????????3?????????1?????4?6??5?????5?,???????????????????????????????????????????????????????????????7????7?????
0 0 0 0 0 0 0 0 0 2 9 3 1 8 3 8 9 9 2 5 8 6 4 8 2 7 26 18 14 29 16 31 32 33 34 23 36 37 38 39 40 41 42 43 44 27 46 47 48 49 50 51 27 40 54 51 13 57 58 59 60 7 25 40 10 65 66 67 68 69 70 71 72 73 74 75 47 77 78 79 80 81 82 83 84 85 86 4 7 89 90 91 92 58 94 95 96 38 98 99 100 101 102 103 104 105 106 107 108 109 110 111 96 55 17 115 116 117 118 119 120 121 122 123 124 125 126 127 128 82 130 131 132 133 11 104 136 137 138 139 140 141 142 143 144 145 146 147 148 149 150 151 152 153 154 155 156 157 158 159 160 161 162 163 164 165 166 167 168 169 170 171 172 173 174 175 176 177 178 179 180 181 113 183 184 185 186 187 188 189 28 11 59 193 57 30 63 14 5
??9?????8???????5???41?????????????7?0??????????????????????,??????,3??????????????????????????????4??????????9?????????????????????????????????????,??????0???????????????????????????????????????????
0 0 0 0 0 0 3 0 8 0 10 3 12 3 14 2 16 17 4 19 20 2 22 23 0 25 26 27 25 29 30 31 10 33 34 35 19 37 38 39 1 41 42 43 44 12 46 47 48 49 10 51 52 53 54 55 56 57 8 59 60 61 62 63 64 65 2 67 68 69 70 71 72 73 74 1 76 77 78 79 80 81 82 83 84 85 86 87 88 89 90 30 92 93 94 95 96 97 98 99 100 101 102 103 104 105 106 55 108 109 55 111 112 113 114 115 116 117 73 119 120 121 122 123 124 125 63 127 99 63 130 131 132 133 134 135 136 137 138 139 140 141 142 143 144 145 146 147 148 149 150 151 152 153 154 155 156 157 158 25 115 161 162 85 164 165 166 64 12 150 170 171 168 173 174 175 176 177 18 179 180 181 182 183 184 185 186 187 188 189 190 191 9 193 194 195 196 25 5
?,?,?,6,?,??,??,??,??,???,??7,?5?,???,???,????,????,?5?6,?????,?????,?????,?8???,?????,????????,?????????,?????????,?9???????,????????????,4???????????,?????????????,??33???????????,??????????????????
0 1 2 3 4 5 6 7 8 9 10 11 12 13 14 15 16 17 18 19 20 21 22 23 24 25 26 27 28 29 30 31 32 33 34 35 36 37 38 39 40 41 42 43 44 45 46 47 48 49 50 51 52 53 54 55 56 57 58 59 60 61 62 63 64 65 66 67 68 69 70 71 72 73 74 75 76 77 78 79 80 81 82 83 84 85 86 87 88 89 90 91 92 93 94 95 96 97 98 99 100 101 102 103 104 105 106 107 108 109 110 111 112 113 114 115 116 117 118 119 120 121 122 123 124 125 126 127 128 129 130 131 132 133 134 135 136 137 138 139 140 141 142 143 144 145 146 147 148 149 150 151 152 153 154 155 156 157 158 159 160 161 162 163 164 165 166 167 168 169 170 171 172 173 174 175 176 177 178 179 180 181 182 183 184 185 186 187 188 189 190 191 192 193 194 195 196 197 198 199
?,?,?,??,???,83?,????,????,?????,?????,???????,5?????9,??9???6????,??????????????,?????6????????????,???????????????????,??????????????0???????2??,???6??????3??5?9??????????,???????3??????????????????
0 1 2 3 4 5 6 7 8 9 10 11 12 13 14 15 16 17 18 19 20 21 22 23 24 25 26 27 28 29 30 31 32 33 34 35 36 37 38 39 40 41 42 43 44 45 46 47 48 49 50 51 52 53 54 55 56 57 58 59 60 61 62 63 64 65 66 67 68 69 70 71 72 73 74 75 76 77 78 79 80 81 82 83 84 85 86 87 88 89 90 91 92 93 94 95 96 97 98 99 100 101 102 103 104 105 106 107 108 109 110 111 112 113 114 115 116 117 118 119 120 121 122 123 124 125 126 127 128 129 130 131 132 133 134 135 136 137 138 139 140 141 142 143 144 145 146 147 148 149 150 151 152 153 154 155 156 157 158 159 160 161 162 163 164 165 166 167 168 169 170 171 172 173 174 175 176 177 178 179 180 181 182 183 184 185 186 187 188 189 190 191 192 193 194 195 196 197 198 199
????????????????7?????????????????????????????????5????????????8??,?????????7???????????????????88????0?????????4?7????7??8???6??????????????????7??????????????????????????????????????4??????6????????
0 1 2 3 4 5 6 7 8 9 10 11 12 13 14 15 16 17 18 19 20 21 22 23 24 25 26 27 28 29 30 31 32 33 34 35 36 37 38 39 40 41 42 43 44 45 46 47 48 49 50 51 52 53 54 55 56 57 58 59 60 61 62 63 64 65 66 67 68 69 70 71 72 73 74 75 76 77 78 79 80 81 82 83 84 85 86 87 88 89 90 91 92 93 94 95 96 97 98 99 100 101 102 103 104 105 106 107 108 109 110 111 112 113 114 115 116 117 118 119 120 121 122 123 124 125 126 127 128 129 130 131 132 133 134 135 136 137 138 139 140 141 142 143 144 145 146 147 148 149 150 151 152 153 154 155 156 157 158 159 160 161 162 163 164 165 166 167 168 169 170 171 172 173 174 175 176 177 178 179 180 181 182 183 184 185 186 187 188 189 190 191 192 193 194 195 196 197 198 199
?,?,?,?,?,?,?,?,?,??,??,??,??,61,??,??,8?,??,??,??,??,??,???,?2?,???,???,??0,??9,??2,9??,???,???1,?0??,????,??1?,???5,???1,????,????,????,????,????3,4?6???,???????,?1?????,????????,?????????,?????????
0 1 2 3 4 5 6 7 8 9 10 11 12 13 14 15 16 17 18 19 20 21 22 23 24 25 26 27 28 29 30 31 32 33 34 35 36 37 38 39 40 41 42 43 44 45 46 47 48 49 50 51 52 53 54 55 56 57 58 59 60 61 62 63 64 65 66 67 68 69 70 71 72 73 74 75 76 77 78 79 80 81 82 83 84 85 86 87 88 89 90 91 92 93 94 95 96 97 98 99 100 101 102 103 104 105 106 107 108 109 110 111 112 113 114 115 116 117 118 119 120 121 122 123 124 125 126 127 128 129 130 131 132 133 134 135 136 137 138 139 140 141 142 143 144 145 146 147 148 149 150 151 152 153 154 155 156 157 158 159 160 161 162 163 164 165 166 167 168 169 170 171 172 173 174 175 176 177 178 179 180 181 182 183 184 185 186 187 188 189 190 191 192 193 194 195 196 197 198 199
???69???2,?,?,?,?,??,????????????4??8?????????????????,???,?8???,????,??????,???8?,???0???????????????????9?,??????????????????????????,?8???????0???????34???2?????,??9???????,?????,??????,???????????
0 1 0 3 0 5 6 7 0 9 10 11 12 13 14 15 16 17 18 19 20 21 22 23 0 25 26 27 28 29 30 31 32 33 34 35 36 37 38 39 40 41 42 43 44 45 46 47 48 49 50 51 52 9 54 55 56 57 58 59 60 61 60 63 64 65 66 67 68 69 70 71 72 73 74 61 76 77 78 79 80 47 82 83 84 85 86 87 88 89 90 91 92 93 94 95 96 97 98 99 100 101 102 103 104 105 106 107 108 109 110 111 112 113 114 115 116 117 118 119 120 121 122 123 124 125 126 127 128 129 130 131 132 133 134 135 136 137 138 139 140 141 142 143 144 145 146 147 148 149 150 151 152 153 154 155 156 157 158 159 160 161 162 30 164 165 166 167 168 169 170 171 172 58 62 175 176 177 178 179 180 181 182 183 184 185 186 11 188 189 190 191 55 193 194 26 26 5 9 0
???5????8?????????????,????????,??????,36,7??,????,?1,????,???,????,??,??2???,?,??,??,??????????????,?,?,?,??,???,???1,?????,?4????,????4,?????,?????,??????,????5??,?????,??????,??????,?0??????,??7???
0 1 0 3 1 0 6 0 8 9 0 11 12 13 2 15 16 3 18 19 20 21 9 23 24 25 1 27 28 29 30 8 32 33 34 35 36 0 38 39 40 41 42 43 39 45 46 47 48 49 27 51 52 53 54 55 56 0 58 59 60 61 62 63 64 65 66 11 68 69 70 71 72 73 74 75 76 1 78 79 80 81 82 83 84 85 86 87 88 89 90 91 92 93 94 95 96 97 98 0 100 101 102 103 104 105 106 107 108 109 110 111 112 113 114 115 116 117 118 119 120 121 122 123 124 125 126 127 128 129 6 131 132 133 134 121 136 137 138 139 140 141 142 143 144 145 146 147 148 149 150 151 152 153 154 155 156 157 158 159 160 161 162 85 164 165 166 167 122 109 170 171 172 173 26 173 20 177 178 179 180 181 182 183 184 185 186 187 188 189 190 191 11 193 194 195 196 12 8 0
2??,5??,????,?????,??????,??????,??????,1????????,???2?????,??4??7???,?????????????,4??????????????????8?????5?,?1???????????????????????????,??????????9?8???????????????1?6???????????????????????????
0 1 2 3 4 5 6 7 8 9 10 11 12 13 14 15 16 17 18 19 20 21 22 23 24 25 26 27 28 29 30 31 32 33 34 35 36 37 38 39 40 41 42 43 44 45 46 47 48 49 50 51 52 53 54 55 56 57 58 59 60 61 62 63 64 65 66 67 68 69 70 71 72 73 74 75 76 77 78 79 80 81 82 83 84 85 86 87 88 89 90 91 92 93 94 95 96 97 98 99 100 101 102 103 104 105 106 107 108 109 110 111 112 113 114 115 116 117 118 119 120 121 122 123 124 125 126 127 128 129 130 131 132 133 134 135 136 137 138 139 140 141 142 143 144 145 146 147 148 149 150 151 152 153 154 155 156 157 158 159 160 161 162 163 164 165 166 167 168 169 170 171 172 173 174 175 176 177 178 179 180 181 182 183 184 185 186 187 188 189 190 191 192 193 194 195 196 197 198 199
?,?,?,??,??,??,???,????,????,????,????,?????,?????,??????,??????,2???????,????????,1?4??????,??9??????,?????????,2??????7??,?????????????,???????????2?,7???0?????6?7??????,???????????0?5??????????????
0 1 2 3 4 5 6 7 8 9 10 11 12 13 14 15 16 17 18 19 20 21 22 23 24 25 26 27 28 29 30 31 32 33 34 35 36 37 38 39 40 41 42 43 44 45 46 47 48 49 50 51 52 53 54 55 56 57 58 59 60 61 62 63 64 65 66 67 68 69 70 71 72 73 74 75 76 77 78 79 80 81 82 83 84 85 86 87 88 89 90 91 92 93 94 95 96 97 98 99 100 101 102 103 104 105 106 107 108 109 110 111 112 113 114 115 116 117 118 119 120 121 122 123 124 125 126 127 128 129 130 131 132 133 134 135 136 137 138 139 140 141 142 143 144 145 146 147 148 149 150 151 152 153 154 155 156 157 158 159 160 161 162 163 164 165 166 167 168 169 170 171 172 173 174 175 176 177 178 179 180 181 182 183 184 185 186 187 188 189 190 191 192 193 194 195 196 197 198 199
???7??????????4????????????????6????21????80???,??,??,???,????,???,????,????,???,?????,??56?,?????,????6?,????????,??????,9???0?,????3??,9????,?????8,???????????,????????7?,?????,???2?,????????3???6?
0 0 0 0 0 0 0 0 2 4 1 8 6 3 6 5 1 1 6 1 8 0 22 23 5 25 5 27 2 29 1 31 4 33 6 35 36 15 38 4 40 41 5 43 44 23 46 3 48 49 50 51 52 5 54 55 56 57 58 59 60 14 62 63 64 65 66 67 68 69 70 71 72 73 74 75 20 77 78 79 80 81 82 83 84 46 86 87 88 89 90 91 92 93 94 95 96 97 98 99 100 101 102 103 104 105 106 107 108 109 110 111 112 32 114 115 116 117 118 119 39 121 122 123 124 125 126 92 128 129 130 131 132 133 134 71 136 137 138 139 140 141 142 143 144 145 146 147 148 149 150 151 152 153 154 155 156 110 158 159 43 85 162 163 164 165 26 56 87 169 170 171 172 173 174 175 176 177 178 179 180 181 182 183 184 185 186 187 188 189 88 191 192 193 42 86 38 1 2
????7??8??3????????????,???,?9????,???,?5????,????,???,????,?????,?8??3?????,?????????,???????,???????,????,?6??,?????,9????,?????5,????????,????,??5??,6????,???9??,???????,???????4????????????,?????
0 0 0 0 0 0 0 0 0 7 2 6 9 9 6 8 3 4 4 4 20 5 22 8 24 25 26 2 28 29 30 6 2 17 34 35 36 37 38 39 40 41 36 43 32 45 46 47 48 13 50 51 52 53 54 55 56 57 58 59 60 61 62 63 14 65 66 67 68 8 65 60 72 73 74 59 76 77 78 79 80 81 82 41 74 29 86 87 88 89 64 80 92 93 94 95 96 97 98 99 100 53 102 103 104 105 106 107 108 109 110 111 112 113 114 115 116 117 118 119 120 121 122 123 124 125 126 127 128 129 130 131 132 133 134 135 136 137 138 53 140 141 142 143 144 145 146 147 148 149 150 151 152 153 154 155 156 157 158 159 160 161 162 163 164 165 166 167 168 169 170 171 172 173 174 175 176 177 178 179 9 47 182 183 70 16 23 3 23 184 67 191 7 193 194 195 196 10 4
????7??,?????,???????9????????6?7????????????1??????????????????????????????????3?2??????5?????????????????????6????2??????????????????????7?????????????????????????6????????????????0??5?????7????????
0 1 2 3 4 5 6 7 8 9 10 11 12 13 14 15 16 17 18 19 20 21 22 23 24 25 26 27 28 29 30 31 32 33 34 35 36 37 38 39 40 41 42 43 44 45 46 47 48 49 50 51 52 53 54 55 56 57 58 59 60 61 62 63 64 65 66 67 68 69 70 71 72 73 74 75 76 77 78 79 80 81 82 83 84 85 86 87 88 89 90 91 92 93 94 95 96 97 98 99 100 101 102 103 104 105 106 107 108 109 110 111 112 113 114 115 116 117 118 119 120 121 122 123 124 125 126 127 128 129 130 131 132 133 134 135 136 137 138 139 140 141 142 143 144 145 146 147 148 149 150 151 152 153 154 155 156 157 158 159 160 161 162 163 164 165 166 167 168 169 170 171 172 173 174 175 176 177 178 179 180 181 182 183 184 185 186 187 188 189 190 191 192 193 194 195 196 197 198 199
???????????????????,????????,??????0??????????9,?,?,??,???,???,?????,???????,??????8??????5??,???8??,??????,??????????,??5?????????,?????,?3?5?????,?????????4?,???,????,??6?????7????,4??,????5???????
0 0 0 0 0 0 3 0 8 2 8 0 12 1 14 2 16 12 18 2 20 21 22 2 24 25 26 27 3 29 30 31 32 33 16 35 36 37 38 0 40 41 42 43 44 45 46 40 48 49 50 51 52 53 54 55 56 57 58 59 60 61 62 63 64 65 66 34 68 69 70 71 72 73 74 75 76 77 78 79 80 81 82 83 69 85 86 87 88 89 55 91 92 93 94 95 96 97 68 37 26 101 102 103 104 68 106 107 108 109 110 111 112 113 114 115 88 117 118 119 120 121 122 123 124 125 13 59 128 129 130 131 132 133 134 135 3 137 138 139 140 1 14 139 144 67 107 147 148 149 150 151 152 153 154 155 156 157 1 159 160 161 162 163 164 165 166 49 168 169 170 119 172 173 174 175 176 177 67 139 180 41 182 183 184 185 186 187 188 189 5 170 160 193 194 7 16 9 6
??????,???,???3???????????8????????????????????????1???????????????5?????????????,???????????????????,??????????????????57??,???1?0???????????7?4???,??8??????0??????????7?6?6???????????9??????????????
0 1 2 3 4 5 6 7 8 9 10 11 12 13 14 15 16 17 18 19 20 21 22 23 24 25 26 27 28 29 30 31 32 33 34 35 36 37 38 39 40 41 42 43 44 45 46 47 48 49 50 51 52 53 54 55 56 57 58 59 60 61 62 63 64 65 66 67 68 69 70 71 72 73 74 75 76 77 78 79 80 81 82 83 84 85 86 87 88 89 90 91 92 93 94 95 96 97 98 99 100 101 102 103 104 105 106 107 108 109 110 111 112 113 114 115 116 117 118 119 120 121 122 123 124 125 126 127 128 129 130 131 132 133 134 135 136 137 138 139 140 141 142 143 144 145 146 147 148 149 150 151 152 153 154 155 156 157 158 159 160 161 162 163 164 165 166 167 168 169 170 171 172 173 174 175 176 177 178 179 180 181 182 183 184 185 186 187 188 189 190 191 192 193 194 195 196 197 198 199
?????????????????2???????????????????????,?,????,???,?????,??????,???,?????,?????,????????,?????0?,???????,????,??????,????4??,???,??12,???,???,6???,?????????????,????1,????,???,???1????,??,??????8??
0 0 0 1 0 5 3 0 8 9 0 11 12 5 14 1 16 3 18 0 20 21 22 11 24 25 0 27 28 29 30 2 32 33 34 35 3 37 38 39 40 3 42 43 44 45 46 27 48 49 50 51 52 53 54 55 56 9 58 59 60 61 42 23 8 65 66 67 68 69 70 71 72 51 13 75 76 77 78 79 80 81 82 83 84 85 86 84 88 89 90 91 92 93 94 95 96 47 98 99 100 101 102 103 28 72 106 107 108 109 110 111 112 113 114 115 116 80 118 119 120 121 122 123 73 8 126 127 128 129 130 131 132 133 24 135 136 137 138 139 140 141 142 143 144 145 146 147 148 149 150 151 152 153 84 155 156 94 158 159 109 161 162 163 164 165 166 129 168 169 170 171 28 173 174 175 176 177 178 179 180 181 85 183 15 11 186 187 188 189 190 191 60 193 7 105 42 14 3
???????3???????????????????????4????1????????8????4??8?4????????????????????????????5,???0??????????1?3???5??????3????5???????????????????1?????????????4????????5????????????????????????2????????????
0 0 0 0 0 0 0 0 0 1 2 9 8 5 2 5 8 17 3 19 8 21 4 23 2 25 2 27 1 12 30 31 32 33 30 35 36 37 38 39 28 38 42 43 44 45 46 47 16 49 50 51 52 53 54 55 56 57 58 35 56 61 62 63 11 65 66 67 68 69 31 71 72 1 34 75 76 77 78 79 80 58 74 53 14 85 86 87 88 89 26 38 92 93 94 95 96 97 98 99 100 101 102 103 5 105 106 107 108 53 110 111 112 113 114 115 116 117 118 119 120 121 122 123 124 125 126 127 128 129 130 131 132 133 134 130 136 137 138 139 86 141 142 143 119 145 146 147 148 149 150 151 152 153 154 155 156 157 158 159 160 11 30 163 164 165 166 167 168 99 170 171 172 173 174 175 176 177 178 109 172 112 182 183 184 185 186 187 188 189 11 191 192 91 19 6 8 12 5
??????8????8????????????3??9????9???????1???????????,??????????,?3??,????????????,??????,???5????,??????????,??????,????????,???,?????,????,????,?????,7??????,??????????2?6??9,??????,??5?????,???????
0 0 0 0 0 0 0 0 0 3 4 3 8 2 6 4 2 8 1 9 20 1 22 1 24 12 2 27 5 29 9 31 32 3 34 35 2 37 38 12 40 1 42 43 2 45 46 5 48 49 50 5 52 53 54 8 56 57 58 18 60 61 62 15 64 65 66 2 68 69 70 71 72 9 74 75 76 77 78 79 7 81 82 83 80 14 73 41 88 89 90 91 92 93 94 66 76 97 98 99 100 101 102 103 56 67 96 107 108 109 110 111 112 113 114 115 116 117 118 119 120 121 67 22 124 125 126 127 128 129 130 131 10 25 134 135 136 137 138 139 140 141 142 143 144 145 146 147 148 149 150 151 152 153 154 155 108 95 158 159 160 161 162 163 164 165 159 167 168 169 170 171 172 173 33 175 176 177 178 179 180 181 182 183 184 185 186 187 188 106 13 191 192 193 194 195 8 42 5
?67?????9?????????????3?????????????????????????????????????????8????????????????????????????????????7???????6??????????1????????????????????????????15?07??????????2??????????????????????????????8???5
0 0 0 0 0 5 5 0 8 2 3 11 12 13 14 2 16 17 18 19 20 16 22 23 24 25 3 27 28 29 30 31 32 33 1 35 36 37 38 39 40 41 42 43 15 45 46 47 48 49 50 51 52 53 54 55 56 57 58 59 60 61 62 63 64 65 66 67 68 69 70 71 72 73 74 75 76 77 17 33 35 81 82 83 84 85 83 87 88 89 90 91 92 93 94 95 96 97 98 99 100 101 102 103 104 105 106 107 108 109 110 111 112 113 114 115 116 117 118 119 120 121 122 123 124 125 126 127 128 22 67 131 29 133 134 135 136 137 138 70 140 141 142 143 144 145 146 14 148 149 150 151 152 153 34 155 156 157 158 159 160 161 162 163 164 165 166 167 168 169 170 167 172 173 174 46 31 87 178 179 180 181 182 183 184 185 186 187 188 189 81 191 192 193 194 195 196 6 4 0
????????????????2???????????????????????????????????????????54?????????8???????3????????????49??????????,????????6?????????0??????????????,?????????????4?????????????????7???????????????2?????5???????
0 1 2 3 4 5 6 7 8 9 10 11 12 13 14 15 16 17 18 19 20 21 22 23 24 25 26 27 28 29 30 31 32 33 34 35 36 37 38 39 40 41 42 43 44 45 46 47 48 49 50 51 52 53 54 55 56 57 58 59 60 61 62 63 64 65 66 67 68 69 70 71 72 73 74 75 76 77 78 79 80 81 82 83 84 85 86 87 88 89 90 91 92 93 94 95 96 97 98 99 100 101 102 103 104 105 106 107 108 109 110 111 112 113 114 115 116 117 118 119 120 121 122 123 124 125 126 127 128 129 130 131 132 133 134 135 136 137 138 139 140 141 142 143 144 145 146 147 148 149 150 151 152 153 154 155 156 157 158 159 160 161 162 163 164 165 166 167 168 169 170 171 172 173 174 175 176 177 178 179 180 181 182 183 184 185 186 187 188 189 190 191 192 193 194 195 196 197 198 199
?,?,?,?,???,???,???,?????,?,?2,???,?????,??????,5??4?????,??????????????0?,3???????,??????????????,?????7??,???????,????3?5,?????,??3????5??,?0???,???9???????,????2?4??????0???,6???,?1???0?,??????????
0 1 2 3 4 5 6 7 8 9 10 11 12 13 14 15 16 17 18 19 20 21 22 23 0 25 26 27 28 29 30 31 32 33 34 35 36 37 38 39 40 41 42 43 44 45 46 47 48 49 50 51 52 53 54 55 56 57 58 59 60 61 62 63 64 65 66 46 36 69 70 31 72 73 74 75 76 77 78 55 64 81 82 83 84 85 86 87 88 89 90 91 92 93 53 95 53 97 98 99 100 101 102 103 104 105 10 107 108 109 110 66 6 113 14 115 116 117 118 119 76 121 122 123 124 125 126 127 128 129 130 131 132 133 134 64 136 137 73 111 140 141 142 143 144 145 146 147 148 149 150 151 52 153 154 138 106 155 158 159 160 161 162 163 164 165 166 167 43 169 170 143 172 173 109 175 176 177 178 179 180 181 182 183 184 185 186 73 113 189 190 191 192 30 26 195 25 1 25 0
?,2,?,??,?9,??,???,???,????,????,???0,????,??????,???5???,???????,???????9?,7?6?3??8?,4?????2???,6??????????,?????3???3???,????????????????9,?????????????????9???,???????????????7??4?????????????????4
0 1 2 3 4 5 6 7 8 9 10 11 12 13 14 15 16 17 18 19 20 21 22 23 24 25 26 27 28 29 30 31 32 33 34 35 36 37 38 39 40 41 42 43 44 45 46 47 48 49 50 51 52 53 54 55 56 57 58 59 60 61 62 63 64 65 66 67 68 69 70 71 72 73 74 75 76 77 78 79 80 81 82 83 84 85 86 87 88 89 90 91 92 93 94 95 96 97 98 99 100 101 102 103 104 105 106 107 108 109 110 111 112 113 114 115 116 117 118 119 120 121 122 123 124 125 126 127 128 129 130 131 132 133 134 135 136 137 138 139 140 141 142 143 144 145 146 147 148 149 150 151 152 153 154 155 156 157 158 159 160 161 162 163 164 165 166 167 168 169 170 171 172 173 174 175 176 177 178 179 180 181 182 183 184 185 186 187 188 189 190 191 192 193 194 195 196 197 198 199
?,?,?,?,?,??,??,4?,??,??,??,??,???,5??,????,3???,????,??4?,??????,??????,??7???,??????,???????,???????,?1?????,???4????,?????????,??????????,???????5???,???6??5??????,???2?????????,3???4????????????5?
0 1 2 3 4 5 6 7 8 9 10 11 12 13 14 15 16 17 18 19 20 21 22 23 24 25 26 27 28 29 30 31 32 33 34 35 36 37 38 39 40 41 42 43 44 45 46 47 48 49 50 51 52 53 54 55 56 57 58 59 60 61 62 63 64 65 66 67 68 69 70 71 72 73 74 75 76 77 78 79 80 81 82 83 84 85 86 87 88 89 90 91 92 93 94 95 96 97 98 99 100 101 102 103 104 105 106 107 108 109 110 111 112 113 114 115 116 117 118 119 120 121 122 123 124 125 126 127 128 129 130 131 132 133 134 135 136 137 138 139 140 141 142 143 144 145 146 147 148 149 150 151 152 153 154 155 156 157 158 159 160 161 162 163 164 165 166 167 168 169 170 171 172 173 174 175 176 177 178 179 180 181 182 183 184 185 186 187 188 189 190 191 192 193 194 195 196 197 198 199
?,??,????,??5?3????,???????????,???????????,????????????????,???????7???????????,??????2???2??0???????????????,???????????7????????????????????????????,?????1???????????1?????????????1??8?????????????
0 1 2 3 4 5 6 7 8 9 10 11 12 13 14 15 16 17 18 19 20 21 22 23 24 25 26 27 28 29 30 31 32 33 34 35 36 37 38 39 40 41 42 43 44 45 46 47 48 49 50 51 52 53 54 55 56 57 58 59 60 61 62 63 64 65 66 67 68 69 70 71 72 73 74 75 76 77 78 79 80 81 82 83 84 85 86 87 88 89 90 91 92 93 94 95 96 97 98 99 100 101 102 103 104 105 106 107 108 109 110 111 112 113 114 115 116 117 118 119 120 121 122 123 124 125 126 127 128 129 130 131 132 133 134 135 136 137 138 139 140 141 142 143 144 145 146 147 148 149 150 151 152 153 154 155 156 157 158 159 160 161 162 163 164 165 166 167 168 169 170 171 172 173 174 175 176 177 178 179 180 181 182 183 184 185 186 187 188 189 190 191 192 193 194 195 196 197 198 199
????????????????3?????????????????1?4???????????????,?2??,?????,??,???,???,????????,????,?????????,???,???,?????????,??????,?????,?????8,?2????,?????0,??8???,????,????,??????,????,?????6?,??7?,??6???
0 0 0 0 0 0 0 0 0 6 3 6 8 4 8 7 3 5 5 2 8 3 9 9 8 2 7 1 7 6 6 31 4 33 3 35 2 37 6 39 9 41 39 18 44 27 46 3 48 49 50 5 52 53 54 55 38 57 58 59 60 61 3 63 64 65 66 67 68 69 70 71 72 73 74 75 76 77 78 21 67 81 82 83 84 85 86 87 88 89 90 91 92 62 85 95 96 82 98 99 100 101 102 103 104 105 106 107 108 109 110 58 112 113 114 115 116 117 118 119 120 121 32 123 124 125 126 127 128 129 130 131 132 133 134 135 136 137 138 139 140 141 142 143 144 145 146 147 148 149 150 151 152 153 154 155 156 50 158 159 160 161 162 163 164 165 166 167 168 169 170 171 172 80 174 175 176 177 178 179 180 181 182 183 162 15 23 187 188 189 190 35 192 193 194 195 43 17 2
????????????????????????????????????????????????,???,?4????????,???,???,?????,?????,????,?????,??????????1,??????7?,???,2???,????,3??????,??????,??????5??,?????,????,??1,????,????,???6,?????,??????3?
0 0 0 0 0 0 0 0 5 0 10 2 7 10 5 3 10 6 4 5 20 7 22 3 24 13 5 27 6 29 1 31 12 7 34 35 17 37 10 39 40 41 5 43 44 45 46 34 48 49 50 51 52 53 54 55 56 54 58 59 55 61 22 63 64 65 66 67 68 69 70 71 72 73 74 75 66 77 78 79 80 81 70 83 84 85 86 87 88 89 90 91 92 63 94 95 96 97 98 8 77 101 94 8 86 105 106 107 108 109 110 111 15 16 63 15 116 117 118 119 120 121 122 123 124 125 126 127 128 129 130 131 132 133 134 34 24 137 138 139 140 141 137 15 144 145 146 147 148 111 69 151 88 48 154 155 156 157 158 39 160 161 162 163 18 165 166 167 168 169 170 171 172 173 174 175 176 177 178 179 180 181 182 183 184 185 186 187 188 189 190 191 192 193 194 195 5 6 10
1,????????????????9????4???????,?5???????????????????????????????6???????????????????????0?????????????9??8???????????????1????????????????????????????????????????????????????????7????????????5???????
0 1 2 3 4 5 6 7 8 9 10 11 12 13 14 15 16 17 18 19 20 21 22 23 24 25 26 27 28 29 30 31 32 33 34 35 36 37 38 39 40 41 42 43 44 45 46 47 48 49 50 51 52 53 54 55 56 57 58 59 60 61 62 63 64 65 66 67 68 69 70 71 72 73 74 75 76 77 78 79 80 81 82 83 84 85 86 87 88 89 90 91 92 93 94 95 96 97 98 99 100 101 102 103 104 105 106 107 108 109 110 111 112 113 114 115 116 117 118 119 120 121 122 123 124 125 126 127 128 129 130 131 132 133 134 135 136 137 138 139 140 141 142 143 144 145 146 147 148 149 150 151 152 153 154 155 156 157 158 159 160 161 162 163 164 165 166 167 168 169 170 171 172 173 174 175 176 177 178 179 180 181 182 183 184 185 186 187 188 189 190 191 192 193 194 195 196 197 198 199
?,?,?,?,?,?,?,??,??,??,??,6?,??,??,??,??,?8?,???,???,?6?,????,????,????,????,?????,7????,?????1,??????,67????,?8????,???????,???????,??6??4??,????????,??????91?,?2????????,???5???????3?,60??????6???6?
0 1 2 3 4 5 6 7 8 9 10 11 12 13 14 15 16 17 18 19 20 21 22 23 24 25 26 27 28 29 30 31 32 33 34 35 36 37 38 39 40 41 42 43 44 45 46 47 48 49 50 51 52 53 54 55 56 57 58 59 60 61 62 63 64 65 66 67 68 69 70 71 72 73 74 75 76 77 78 79 80 81 82 83 84 85 86 87 88 89 90 91 92 93 94 95 96 97 98 99 100 101 102 103 104 105 106 107 108 109 110 111 112 113 114 115 116 117 118 119 120 121 122 123 124 125 126 127 128 129 130 131 132 133 134 135 136 137 138 139 140 141 142 143 144 145 146 147 148 149 150 151 152 153 154 155 156 157 158 159 160 161 162 163 164 165 166 167 168 169 170 171 172 173 174 175 176 177 178 179 180 181 182 183 184 185 186 187 188 189 190 191 192 193 194 195 196 197 198 199
???????????????????????9????????5????????????????????9???????????????????????????7????????7???5?5??????????????9????0????????????,????????????????2??????????4??????49?????????????5??????????5??????4?
0 0 0 0 0 0 0 0 0 4 9 4 9 13 14 15 16 3 18 19 20 20 22 23 24 25 26 27 28 29 30 31 32 33 34 35 36 37 38 33 40 41 42 43 44 45 46 47 48 49 50 51 52 53 54 55 56 57 58 59 60 61 62 63 64 65 66 67 68 69 70 71 72 73 74 75 76 77 78 79 80 81 82 83 84 85 86 87 88 89 90 91 92 93 94 95 96 97 98 65 100 101 54 103 56 105 106 107 108 109 110 111 112 113 114 115 116 117 118 119 120 121 122 123 124 125 126 66 128 129 130 131 132 133 134 135 136 137 138 139 140 141 1 143 144 145 146 147 148 149 150 38 152 153 154 155 156 157 55 159 160 161 162 163 164 43 166 144 168 169 167 36 172 173 174 175 176 177 178 168 180 181 182 183 184 185 6 187 188 189 148 191 192 143 18 2 12 5 2
??????????5?????2?,6?????3???,???????4?????2?????????????????????????????????????6???????????47??????????0?????28???????????42????????????????????????????????????????????4?????????????????????9???????
0 1 2 3 4 5 6 7 8 9 10 11 12 13 14 15 16 17 18 19 20 21 22 23 24 25 26 27 28 29 30 31 32 33 34 35 36 37 38 39 40 41 42 43 44 45 46 47 48 49 50 51 52 53 54 55 56 57 58 59 60 61 62 63 64 65 66 67 68 69 70 71 72 73 74 75 76 77 78 79 80 81 82 83 84 85 86 87 88 89 90 91 92 93 94 95 96 97 98 99 100 101 102 103 104 105 106 107 108 109 110 111 112 113 114 115 116 117 118 119 120 121 122 123 124 125 126 127 128 129 130 131 132 133 134 135 136 137 138 139 140 141 142 143 144 145 146 147 148 149 150 151 152 153 154 155 156 157 158 159 160 161 162 163 164 165 166 167 168 169 170 171 172 173 174 175 176 177 178 179 180 181 182 183 184 185 186 187 188 189 190 191 192 193 194 195 196 197 198 199
??????5?????????????????????,1?6??????,?????????????1?????????????????????????????????,?????0???????5?6??????7??????????1??????????????????2??????????????????????????????????????????8??????????7?????1
0 1 2 3 4 5 6 7 8 9 10 11 12 13 14 15 16 17 18 19 20 21 22 23 24 25 26 27 28 29 30 31 32 33 34 35 36 37 38 39 40 41 42 43 44 45 46 47 48 49 50 51 52 53 54 55 56 57 58 59 60 61 62 63 64 65 66 67 68 69 70 71 72 73 74 75 76 77 78 79 80 81 82 83 84 85 86 87 88 89 90 91 92 93 94 95 96 97 98 99 100 101 102 103 104 105 106 107 108 109 110 111 112 113 114 115 116 117 118 119 120 121 122 123 124 125 126 127 128 129 130 131 132 133 134 135 136 137 138 139 140 141 142 143 144 145 146 147 148 149 150 151 152 153 154 155 156 157 158 159 160 161 162 163 164 165 166 167 168 169 170 171 172 173 174 175 176 177 178 179 180 181 182 183 184 185 186 187 188 189 190 191 192 193 194 195 196 197 198 199
2,?,?,?,?,?,?,?,??,??,??,?6,??,??,7?,??,?7,???,???,???,???,????,?5???,?????,?????,?????,?????0,??1???9,???????,??????8?,8?????7???,??6????????,?????????????????,???????????9??????,????????4??7???2????
0 1 2 3 4 5 6 7 8 9 10 11 12 13 14 15 16 17 18 19 20 21 22 23 24 25 26 27 28 29 30 31 32 33 34 35 36 37 38 39 40 41 42 43 44 45 46 47 48 49 50 51 52 53 54 55 56 57 58 59 60 61 62 63 64 65 66 67 68 69 70 71 72 73 74 75 76 77 78 79 80 81 82 83 84 85 86 87 88 89 90 91 92 93 94 95 96 97 98 99 100 101 102 103 104 105 106 107 108 109 110 111 112 113 114 115 116 117 118 119 120 121 122 123 124 125 126 127 128 129 130 131 132 133 134 135 136 137 138 139 140 141 142 143 144 145 146 147 148 149 150 151 152 153 154 155 156 157 158 159 160 161 162 163 164 165 166 167 168 169 170 171 172 173 174 175 176 177 178 179 180 181 182 183 184 185 186 187 188 189 190 191 192 193 194 195 196 197 198 199
????????????3?3???4??????????????????????????????????6??????????????6???3???????????????????????????????????2???????????????????????????3??6???????2????1????????8??5??????1?4??,??0??77?????0?????????
0 1 0 3 0 5 6 0 8 9 10 11 0 13 14 15 16 14 18 19 0 21 22 23 24 25 26 27 3 29 30 31 32 33 34 21 36 37 38 39 40 41 42 43 44 21 46 47 48 49 50 51 52 53 54 0 56 57 58 59 60 61 62 63 64 65 66 67 68 8 70 71 72 73 74 75 76 77 78 79 80 81 22 83 84 85 86 87 88 89 90 91 92 93 94 13 96 97 98 7 40 101 102 103 104 105 106 107 108 109 110 111 112 113 114 115 116 117 118 119 120 121 122 123 124 125 126 127 128 129 130 131 132 133 134 135 136 137 138 139 140 141 142 143 144 145 146 145 148 46 150 151 152 153 136 155 156 157 63 159 160 161 162 163 164 165 166 167 168 67 84 171 172 173 174 175 176 177 178 179 180 181 182 183 184 185 186 187 188 189 190 26 13 193 194 195 71 9 1
???????6???????????????,????,???????,???,?????,???1,??3??,?????,?????,???0??,7????9,???????,??0??8?,??????????4?1???,?????4??????46?,??6??????5??,????,?????,?????????????5???,?0???????,????,???,?????
0 0 0 0 0 0 0 0 0 6 4 8 7 9 8 6 5 17 3 19 11 21 9 23 24 25 26 15 28 29 30 31 32 6 10 8 36 37 38 39 40 41 42 43 44 32 46 47 48 49 50 51 52 53 54 55 56 57 58 59 60 61 62 63 64 65 66 67 68 69 70 71 72 73 74 75 76 77 78 79 80 81 82 83 84 85 86 87 88 89 90 91 92 93 94 95 96 97 98 99 100 101 102 103 104 105 106 107 42 109 110 10 48 113 114 91 116 117 118 119 120 121 122 123 124 118 126 127 128 129 130 131 132 133 134 135 136 137 138 139 140 141 4 109 144 145 146 147 148 149 150 151 152 153 154 155 156 157 158 159 160 161 17 60 164 165 161 66 168 169 152 171 172 173 174 175 176 177 178 179 57 55 182 5 184 185 186 12 2 189 190 191 192 193 194 195 196 197 8
????4??????????,???????????,?,?2,??????,???????,8,?6,??,?????,????????????,???,?????,??????,?2??,???0??????,????,????,?????7,??87?0???7??,???6?,?8?????????1?????,??????,???,?????,????????????????????
0 1 2 0 4 5 1 7 8 9 10 11 12 13 0 15 16 17 18 19 20 21 22 23 24 25 0 27 28 29 30 31 32 33 34 35 36 37 38 39 40 41 42 43 44 45 0 47 48 49 50 51 52 53 54 55 56 57 58 59 60 61 62 63 64 65 66 67 68 69 70 71 72 58 74 75 76 77 38 79 80 81 82 83 84 85 86 87 88 89 74 91 92 93 94 95 96 97 98 99 100 84 43 103 104 78 51 107 108 109 50 111 112 113 114 115 89 117 118 119 120 121 122 123 124 125 126 127 128 129 130 30 132 78 131 5 100 137 138 139 140 141 142 143 144 145 146 147 148 149 108 151 9 125 154 155 156 157 158 159 5 161 162 163 164 165 102 52 168 169 170 171 172 173 174 175 176 8 178 179 180 181 182 75 184 185 74 35 115 188 168 181 192 178 51 49 136 7 4
???,?????,???4?????????????????????????????????????????67,?????????4????????5?????????,9???3?7?7???????????????8???4?5????3?????????????????6?????????3??4?????5?????????4????0?2????????????1??????9???
0 1 2 3 4 5 6 7 8 9 10 11 12 13 14 15 16 17 18 19 20 21 22 23 24 25 26 27 28 29 30 31 32 33 34 35 36 37 38 39 40 41 42 43 44 45 46 47 48 49 50 51 52 53 54 55 56 57 58 59 60 61 62 63 64 65 66 67 68 69 70 71 72 73 74 75 76 77 78 79 80 81 82 83 84 85 86 87 88 89 90 91 92 93 94 95 96 97 98 99 100 101 102 103 104 105 106 107 108 109 110 111 112 113 114 115 116 117 118 119 120 121 122 123 124 125 126 127 128 129 130 131 132 133 134 135 136 137 138 139 140 141 142 143 144 145 146 147 148 149 150 151 152 153 154 155 156 157 158 159 160 161 162 163 164 165 166 167 168 169 170 171 172 173 174 175 176 177 178 179 180 181 182 183 184 185 186 187 188 189 190 191 192 193 194 195 196 197 198 199
???????????????????????????????????????????????????????????????????????0?????????????????????????????????6????????9??????1?,?????????????????????????0?????????0????13?????????5????????????8?????4?????
0 1 2 3 4 5 6 7 8 9 10 11 12 13 14 15 16 17 18 19 20 21 22 23 24 25 26 27 28 29 30 31 32 33 34 35 36 37 38 39 40 41 42 43 44 45 46 47 48 49 50 51 52 53 54 55 56 57 58 59 60 61 62 63 64 65 66 67 68 69 70 71 72 73 74 75 76 77 78 79 80 81 82 83 84 85 86 87 88 89 90 91 92 93 94 95 96 97 98 99 100 101 102 103 104 105 106 107 108 109 110 111 112 113 114 115 116 117 118 119 120 121 122 123 124 125 126 127 128 129 130 131 132 133 134 135 136 137 138 139 140 141 142 143 144 145 146 147 148 149 150 151 152 153 154 155 156 157 158 159 160 161 162 163 164 165 166 167 168 169 170 171 172 173 174 175 176 177 178 179 180 181 182 183 184 185 186 187 188 189 190 191 192 193 194 195 196 197 198 199
?,?,??,??,??,??,??,??,?3?,????,????,??0?,?????,3?????,??????,??????,????????,?????????,?????????,??4???????,?6??????9?,??1???????,???????????,???????????,????3????51?,??????????????,???????7???????6??
0 1 2 3 4 5 6 7 8 9 10 11 12 13 14 15 16 17 18 19 20 21 22 23 24 25 26 27 28 29 30 31 32 33 34 35 36 37 38 39 40 41 42 43 44 45 46 47 48 49 50 51 52 53 54 55 56 57 58 59 60 61 62 63 64 65 66 67 68 69 70 71 72 73 74 75 76 77 78 79 80 81 82 83 84 85 86 87 88 89 90 91 92 93 94 95 96 97 98 99 100 101 102 103 104 105 106 107 108 109 110 111 112 113 114 115 116 117 118 119 120 121 122 123 124 125 126 127 128 129 130 131 132 133 134 135 136 137 138 139 140 141 142 143 144 145 146 147 148 149 150 151 152 153 154 155 156 157 158 159 160 161 162 163 164 165 166 167 168 169 170 171 172 173 174 175 176 177 178 179 180 181 182 183 184 185 186 187 188 189 190 191 192 193 194 195 196 197 198 199
?,?,?,?,?,?,?,?,?,??,?4,?8,??,??,??,??,???,???,??0,???,???,????,????,????,8???,?????,?6???,?5??9,?9?7?,?????4,??????,???????,????????,????????,???????9?,4????????,??68?????,??08?????,???4?????????????
0 1 2 3 4 5 6 7 8 9 10 11 12 13 14 15 16 17 18 19 20 21 22 23 24 25 26 27 28 29 30 31 32 33 34 35 36 37 38 39 40 41 42 43 44 45 46 47 48 49 50 51 52 53 54 55 56 57 58 59 60 61 62 63 64 65 66 67 68 69 70 71 72 73 74 75 76 77 78 79 80 81 82 83 84 85 86 87 88 89 90 91 92 93 94 95 96 97 98 99 100 101 102 103 104 105 106 107 108 109 110 111 112 113 114 115 116 117 118 119 120 121 122 123 124 125 126 127 128 129 130 131 132 133 134 135 136 137 138 139 140 141 142 143 144 145 146 147 148 149 150 151 152 153 154 155 156 157 158 159 160 161 162 163 164 165 166 167 168 169 170 171 172 173 174 175 176 177 178 179 180 181 182 183 184 185 186 187 188 189 190 191 192 193 194 195 196 197 198 199
??????5??????????0???????????9??????????????????????????73????????????,?6??????????????,??????4??????????????0?9???????????5?????9??????,?????????1??????????????34????????7????????????????????????????
0 1 2 3 4 5 6 7 8 9 10 11 12 13 14 15 16 17 18 19 20 21 22 23 24 25 26 27 28 29 30 31 32 33 34 35 36 37 38 39 40 41 42 43 44 45 46 47 48 49 50 51 52 53 54 55 56 57 58 59 60 61 62 63 64 65 66 67 68 69 70 71 72 73 74 75 76 77 78 79 80 81 82 83 84 85 86 87 88 89 90 91 92 93 94 95 96 97 98 99 100 101 102 103 104 105 106 107 108 109 110 111 112 113 114 115 116 117 118 119 120 121 122 123 124 125 126 127 128 129 130 131 132 133 134 135 136 137 138 139 140 141 142 143 144 145 146 147 148 149 150 151 152 153 154 155 156 157 158 159 160 161 162 163 164 165 166 167 168 169 170 171 172 173 174 175 176 177 178 179 180 181 182 183 184 185 186 187 188 189 190 191 192 193 194 195 196 197 198 199
???????????????????????????6???1??????????????????????????????????????????????????8????????????????3????????9???????????????0??????7?????2??6?????1???????????,??????????????????????0???8??????????????
0 1 2 3 4 5 6 7 8 9 10 11 12 13 14 15 16 17 18 19 20 21 22 23 24 25 26 27 28 29 30 31 32 33 34 35 36 37 38 39 40 41 42 43 44 45 46 47 48 49 50 51 52 53 54 55 56 57 58 59 60 61 62 63 64 65 66 67 68 69 70 71 72 73 74 75 76 77 78 79 80 81 82 83 84 85 86 87 88 89 90 91 92 93 94 95 96 97 98 99 100 101 102 103 104 105 106 107 108 109 110 111 112 113 114 115 116 117 118 119 120 121 122 123 124 125 126 127 128 129 130 131 132 133 134 135 136 137 138 139 140 27 142 41 144 39 146 147 148 23 150 151 152 153 154 155 156 157 158 159 160 161 162 163 164 165 166 167 168 169 170 171 172 173 15 175 176 177 178 179 180 181 182 2 10 6 186 187 188 189 3 4 3 191 4 1 1 196 1 0
???,???,????,???????5??5?,????????2?0?????????????,???????7????1??5??????????,???62?????5??8???????????0???????????????????????5?,???????????,???????8????6??1????????????,???????,???????????????,?3???
0 1 2 3 4 5 6 7 8 9 10 11 12 13 14 15 16 17 18 19 20 21 22 23 24 25 26 27 28 29 30 31 32 33 34 35 36 37 38 39 40 41 42 43 44 45 46 47 48 49 50 51 52 53 54 55 56 57 58 59 60 61 62 63 64 65 66 67 68 69 70 71 72 73 74 75 76 77 78 79 80 81 82 83 84 85 86 87 88 89 90 91 92 93 94 95 96 97 98 99 100 101 102 103 104 105 106 107 9 109 110 66 112 113 114 115 116 117 118 119 31 121 122 123 124 125 126 16 128 129 130 131 132 133 134 121 136 137 138 139 140 141 142 143 144 145 146 147 148 149 150 151 152 153 154 27 156 157 158 159 160 161 162 163 164 165 14 167 168 169 170 171 172 173 174 175 176 7 178 179 180 181 182 183 8 185 186 187 3 7 3 7 7 1 2 195 196 197 0 199
??4????,???????????????2?????8????????8???????????????2???????????????????????????5??????2??6????????3????????????????6???????????????2?????????????????????????????????????????7???3????0??????????????
0 1 2 3 4 5 6 7 8 9 10 11 12 13 14 15 16 17 18 19 20 21 22 23 24 25 26 27 28 29 30 31 32 33 34 35 36 37 38 39 40 41 42 43 44 45 46 47 48 49 50 51 52 53 54 55 56 57 58 59 60 61 62 63 64 65 66 67 68 69 70 71 72 73 74 75 76 77 78 79 80 81 82 83 84 85 86 87 88 89 90 91 92 93 94 95 96 97 98 99 100 101 102 103 104 105 106 107 108 109 110 111 112 113 114 115 116 117 118 119 120 121 122 123 124 125 126 127 128 129 130 131 132 133 134 135 136 137 138 139 140 141 142 143 144 145 146 147 148 149 150 151 152 153 154 155 156 157 158 159 160 161 162 163 164 165 166 167 168 169 170 171 172 173 174 175 176 177 178 179 180 181 182 183 184 185 186 187 188 189 190 191 192 193 194 195 196 197 198 199
?,?,?,?,??,??,??,9?,???,???,???,????,?????,?5???,??????,???????,?0?7???,?????????,??????9??,???????????,???????????,????????9????,1??????4?????????,???????????????????????,??????????????????4?????????
0 1 2 3 4 5 6 7 8 9 10 11 12 13 14 15 16 17 18 19 20 21 22 23 24 25 26 27 28 29 30 31 32 33 34 35 36 37 38 39 40 41 42 43 44 45 46 47 48 49 50 51 52 53 54 55 56 57 58 59 60 61 62 63 64 65 66 67 68 69 70 71 72 73 74 75 76 77 78 79 80 81 82 83 84 85 86 87 88 89 90 91 92 93 94 95 96 97 98 99 100 101 102 103 104 105 106 107 108 109 110 111 112 113 114 115 116 117 118 119 120 121 122 123 124 125 126 127 128 129 130 131 132 133 134 135 136 137 138 139 140 141 142 143 144 145 146 147 148 149 150 151 152 153 154 155 156 157 158 159 160 161 162 163 164 165 166 167 168 169 170 171 172 173 174 175 176 177 178 179 180 181 182 183 184 185 186 187 188 189 190 191 192 193 194 195 196 197 198 199
??6???9???4??????????????????????????????????4???4????????1?????????????????????????,??1????????????????????,???2?????2????????????????????????????????????????5????????????????????2??????????????????
0 0 0 0 4 0 6 0 8 0 10 0 12 8 14 1 16 4 18 12 20 4 22 3 24 25 2 27 28 29 2 31 32 33 3 35 36 37 2 39 40 41 14 43 44 45 46 1 48 49 50 51 52 1 54 55 56 57 58 59 60 61 62 1 64 65 66 67 68 69 70 71 72 73 74 75 76 77 78 79 80 81 74 83 84 85 86 87 88 89 90 9 92 93 94 95 96 97 98 99 100 19 102 103 104 105 106 107 108 109 110 111 112 113 114 115 116 117 118 119 120 29 122 123 124 125 126 127 128 129 130 131 14 133 134 135 136 137 138 139 140 141 142 143 144 145 146 35 148 120 150 151 152 153 154 155 156 157 158 159 160 161 162 163 164 165 166 167 168 169 170 171 172 173 174 126 58 97 178 179 180 60 106 183 83 39 48 187 188 189 190 18 192 193 194 195 196 13 6
???????????????????7???????????0????????0?????????????????????????????????????????????????????????9????????????????6???????????????????0???7????4????6??????0????????????7???6?6???????????????3????????
0 1 2 3 4 5 6 7 8 9 10 11 12 13 14 15 16 17 18 19 20 21 22 23 24 25 26 27 28 29 30 31 32 33 34 35 36 37 38 39 40 41 42 43 44 45 46 47 48 49 50 51 52 53 54 55 56 57 58 59 60 61 62 63 64 65 66 67 68 69 70 71 72 73 74 75 76 77 78 79 80 81 82 83 84 85 86 87 88 89 90 91 92 93 94 95 96 97 98 99 100 101 102 103 104 105 106 107 108 109 110 111 112 113 114 115 116 117 118 119 120 121 122 123 124 125 126 127 128 129 130 131 132 133 134 135 136 137 138 139 140 141 142 143 144 145 146 147 148 149 150 151 152 153 154 155 156 157 158 159 160 161 162 163 164 165 166 167 168 169 170 171 172 173 174 175 176 177 178 179 180 181 182 183 184 185 186 187 188 189 190 191 192 193 194 195 196 197 198 199
????????????????????????????????,?????????????????????8??????????????????????????9????????????????89??????5?8????????7?????????????????????????????????????,???????3???????????????8???????????????????3
0 1 2 3 4 0 6 7 8 9 10 11 12 13 14 15 16 17 18 19 20 21 22 23 24 25 26 27 28 9 30 31 32 33 34 35 36 37 38 39 40 41 42 43 44 45 46 47 48 49 31 51 52 53 54 55 56 57 58 59 60 61 62 63 64 65 66 67 68 43 70 71 72 73 74 75 76 77 0 79 80 81 82 83 84 85 86 87 88 89 90 91 92 93 94 95 96 97 98 99 100 101 102 103 104 105 106 70 74 91 110 111 21 113 26 115 116 117 118 119 120 121 122 123 124 100 126 127 128 129 130 131 132 133 134 135 136 137 138 139 140 141 142 143 144 145 146 147 148 149 150 151 152 153 47 155 156 157 158 159 160 161 162 37 164 165 166 167 168 104 170 45 114 11 174 42 176 177 178 179 173 53 182 183 184 185 186 187 188 2 190 191 192 193 194 4 80 79 79 0
???????????????????????7?????4????,??0????????????????????????3?????????????????????????0?????????????,9?3???????8?????????????????????????????,?????????????????????????????????????????????3?5???????
0 0 0 0 0 0 0 0 0 7 7 2 1 6 9 7 2 6 18 5 20 4 22 7 24 25 26 27 28 29 30 31 21 20 34 35 36 37 38 39 40 41 42 43 44 45 46 47 48 49 50 51 52 53 54 55 56 57 58 59 60 61 62 63 8 65 66 67 68 69 70 71 72 55 74 34 45 77 78 79 80 81 82 83 84 85 86 87 32 47 90 91 92 93 94 95 96 97 98 80 97 101 102 103 104 105 106 107 108 109 110 111 112 113 114 115 116 117 118 119 120 121 122 123 124 125 126 127 128 129 130 131 132 133 134 135 136 137 138 139 140 141 142 143 144 145 146 147 148 149 150 151 152 153 154 155 156 157 158 159 160 161 162 163 164 24 166 167 168 169 170 171 172 173 174 174 176 177 178 179 180 181 182 183 184 185 186 168 188 70 190 66 192 193 4 7 22 8 2
??????????????????????????????,????????????8???????????????9??????????????????3?????6?????09?9?????????????????6?????????????????31??????????????????????????????????????????????????????????????????3??
0 1 2 3 4 5 6 7 8 9 10 11 12 13 14 15 16 17 18 19 20 21 22 23 24 25 26 27 28 29 30 31 32 33 34 35 36 37 38 39 40 41 42 43 44 45 46 47 48 49 50 51 52 53 54 55 56 57 58 59 60 61 62 63 64 65 66 67 68 69 70 71 72 73 74 75 76 77 78 79 80 81 82 83 84 85 86 87 88 89 90 91 92 93 94 95 96 97 98 99 100 101 102 103 104 105 106 107 108 109 110 111 112 113 114 115 116 117 118 119 120 121 122 123 124 125 126 127 128 129 130 131 132 133 134 135 136 137 138 139 140 141 142 143 144 145 146 147 148 149 150 151 152 153 154 155 156 157 158 159 160 161 162 163 164 165 166 167 168 169 170 171 172 173 174 175 176 177 178 179 180 181 182 183 184 185 186 187 188 189 190 191 192 193 194 195 196 197 198 199
??,?,??,??,???????,??,??,???,?????,??????????0,?????????9???,2,?,?,?,?,?,??,???,???,????,??????,???????,???????0?7????????,????????????,?????9??????,8?????1????????????,?????0??,?7?,?????1,????????7??
0 1 1 3 4 5 6 7 8 9 10 11 12 13 14 15 16 0 18 19 20 21 22 23 24 25 26 27 28 29 30 31 32 33 34 35 36 37 38 39 40 41 42 43 44 45 46 47 48 49 50 51 52 53 54 55 56 57 58 0 60 61 62 63 64 65 66 67 68 69 70 71 72 73 74 75 76 77 78 79 80 81 82 83 84 85 86 87 88 89 90 91 92 93 94 95 96 97 98 99 100 101 102 103 104 105 106 107 108 109 110 111 112 113 50 115 116 117 118 119 120 121 122 123 124 125 126 127 128 129 130 131 132 133 134 135 136 137 138 139 140 141 142 143 144 145 146 147 148 149 150 151 152 153 154 155 156 157 158 159 160 161 95 36 164 165 166 167 168 169 170 171 172 173 174 167 21 177 178 179 180 181 182 183 184 185 8 187 188 189 190 191 24 4 19 19 62 18 60 0
?,?,?,?,?,?,??,??,??,2?,??,??,??,???,???,??2,?6??,????3,??5??,?????,?????,??7??,?????,?3???,?????,???96?,??????,?????5,???????,9??????,??2?????,?????9??,????????,4???????,???????????,1????????????????
0 1 2 3 4 5 6 7 8 9 10 11 12 13 14 15 16 17 18 19 20 21 22 23 24 25 26 27 28 29 30 31 32 33 34 35 36 37 38 39 40 41 42 43 44 45 46 47 48 49 50 51 52 53 54 55 56 57 58 59 60 61 62 63 64 65 66 67 68 69 70 71 72 73 74 75 76 77 78 79 80 81 82 83 84 85 86 87 88 89 90 91 92 93 94 95 96 97 98 99 100 101 102 103 104 105 106 107 108 109 110 111 112 113 114 115 116 117 118 119 120 121 122 123 124 125 126 127 128 129 130 131 132 133 134 135 136 137 138 139 140 141 142 143 144 145 146 147 148 149 150 151 152 153 154 155 156 157 158 159 160 161 162 163 164 165 166 167 168 169 170 171 172 173 174 175 176 177 178 179 180 181 182 183 184 185 186 187 188 189 190 191 192 193 194 195 196 197 198 199
????????????????????????????????????????????????????????????????????43?????????9????????7?1?????2???6?3?7?????????0?8?63?6????8?32???????????????????1??????7????????????????????????????8??????????????
0 1 2 3 4 5 6 7 8 9 10 11 12 13 14 15 16 17 18 19 20 21 22 23 24 25 26 27 28 29 30 31 32 33 34 35 36 37 38 39 40 41 42 43 44 45 46 47 48 49 50 51 52 53 54 55 56 57 58 59 60 61 62 63 64 65 66 67 68 69 70 71 72 73 74 75 76 77 78 79 80 81 82 83 84 85 86 87 88 89 90 91 92 93 94 95 96 97 98 99 100 101 102 103 104 105 106 107 108 109 110 111 112 113 114 115 116 117 118 119 120 121 122 123 124 125 126 127 128 129 130 131 132 133 134 135 136 137 138 139 140 141 142 143 144 145 146 147 148 149 150 151 152 153 154 155 156 157 158 159 160 161 162 163 164 165 166 167 168 169 170 171 172 173 174 175 176 177 178 179 180 181 182 183 184 185 186 187 188 189 190 191 192 193 194 195 196 197 198 199
???3?????7??5??????????????8,????8??????????????????,?,?????,???,??????6,4????,2,?,?,?,????,????????????,????,????,?????,?????3??,5??,???,????8?,3??????,?5?????,????????????147?,????,?????21?????????
0 0 0 1 0 5 1 0 8 2 10 0 12 13 14 0 16 17 18 10 20 12 22 23 1 25 26 27 8 29 30 31 32 12 34 35 36 37 38 0 40 41 42 43 44 45 8 47 48 49 50 51 1 53 54 55 56 57 29 59 60 61 62 63 41 65 66 67 68 69 29 71 72 73 74 75 76 77 3 79 80 81 82 83 84 85 86 87 88 89 3 91 92 93 94 95 96 97 98 99 100 101 102 68 104 105 106 107 108 109 110 111 112 113 114 115 116 117 118 119 120 121 122 123 124 125 126 82 88 129 130 131 132 133 134 135 136 137 138 139 140 141 125 143 144 145 146 147 148 149 150 151 152 153 154 155 156 157 158 159 160 161 162 163 164 165 166 167 168 63 111 171 172 139 174 175 129 177 178 179 180 181 182 183 184 185 186 87 188 70 50 39 35 71 194 6 2 91 3
?????????7?????????????????????????????,????????????,????,5?,?1,??,????,??????,??????????,???????,?????,???????,????5?,??????,2?8??????,????,????????,?????,??????,???,?????,????????,????,????,??1????
0 0 0 0 0 0 5 0 8 5 0 11 12 1 14 3 16 3 18 2 20 6 22 23 11 25 26 18 28 1 30 31 21 33 4 35 36 37 3 39 40 41 2 43 44 45 46 3 48 49 50 51 8 53 54 55 56 6 58 59 60 61 62 2 64 65 66 67 68 0 70 71 72 73 74 75 76 2 78 79 80 81 82 83 84 85 36 86 17 89 90 91 92 93 55 95 44 97 98 99 100 101 102 103 104 105 106 107 108 109 89 111 112 113 114 115 116 117 118 119 120 121 122 123 124 125 126 127 128 129 130 131 132 89 26 135 136 137 138 139 77 141 142 143 144 145 146 35 36 149 150 151 152 153 154 155 156 157 158 159 160 78 162 163 164 165 166 167 168 169 170 146 172 173 174 175 176 177 178 51 78 181 182 183 184 185 186 187 188 189 190 191 192 193 194 195 31 58 6
?,?,?,?,5,?,?2,??,??8,3??,4?3,???,?59,?????,??????,??????,???????,????????,???????????,4?????7?5???,???????????7?,2????????????,?????????????,863????????3????,????????6????6?????,?????????????????7???
0 1 2 3 4 5 6 7 8 9 10 11 12 13 14 15 16 17 18 19 20 21 22 23 24 25 26 27 28 29 30 31 32 33 34 35 36 37 38 39 40 41 42 43 44 45 46 47 48 49 50 51 52 53 54 55 56 57 58 59 60 61 62 63 64 65 66 67 68 69 70 71 72 73 74 75 76 77 78 79 80 81 82 83 84 85 86 87 88 89 90 91 92 93 94 95 96 97 98 99 100 101 102 103 104 105 106 107 108 109 110 111 112 113 114 115 116 117 118 119 120 121 122 123 124 125 126 127 128 129 130 131 132 133 134 135 136 137 138 139 140 141 142 143 144 145 146 147 148 149 150 151 152 153 154 155 156 157 158 159 160 161 162 163 164 165 166 167 168 169 170 171 172 173 174 175 176 177 178 179 180 181 182 183 184 185 186 187 188 189 190 191 192 193 194 195 196 197 198 199
???6????????5????????,????????????????????????0?????4????????0???,5?????????2??????????????????????6?????????????????2????????????????5???14???????????????????????????8??????????????????1?????????????
0 1 2 3 4 5 6 7 8 9 10 11 12 13 14 15 16 17 18 19 20 21 22 23 24 25 26 27 28 29 30 31 32 33 34 35 36 37 38 39 40 41 42 43 44 45 46 47 48 49 50 51 52 53 54 55 56 57 58 59 60 61 62 63 64 65 66 67 68 69 70 71 72 73 74 75 76 77 78 79 80 81 82 83 84 85 86 87 88 89 90 91 92 93 94 95 96 97 98 99 100 101 102 103 104 105 106 107 108 109 110 111 112 113 114 115 116 117 118 119 120 121 122 123 124 125 126 127 128 129 130 131 132 133 134 135 136 137 138 139 140 141 142 143 144 145 146 147 148 149 150 151 152 153 154 155 156 157 158 159 160 161 162 163 164 165 166 167 168 169 170 171 172 173 174 175 176 177 178 179 180 181 182 183 184 185 186 187 188 189 190 191 192 193 194 195 196 197 198 199
??????8?????1???????????????????????9??????????2???????????????????????????????4????7??????7????????????????????1?6????????5????5?,???????????6?????????0??????5?????????????????????,???2?????????????
0 0 0 0 0 0 4 4 1 0 10 0 12 1 0 15 3 6 4 12 20 5 22 12 24 1 26 12 28 29 3 31 32 2 34 35 36 5 38 39 40 41 8 43 44 45 17 47 48 49 50 6 52 53 54 55 56 57 9 33 60 61 62 63 64 65 66 67 68 69 70 71 72 73 51 23 76 77 78 79 80 18 82 83 84 85 57 87 88 89 90 91 92 93 94 95 76 97 98 99 100 101 102 18 104 105 106 107 108 109 110 111 112 113 114 115 116 117 118 119 120 75 122 123 124 125 126 127 128 60 130 131 132 133 134 135 136 137 131 139 140 141 142 143 144 118 146 147 148 149 150 151 152 153 23 155 156 157 158 136 160 161 162 163 164 165 166 167 168 169 55 160 172 173 174 175 176 177 178 179 43 181 182 183 184 185 186 187 188 189 190 191 192 130 32 34 16 11 10
9???????1??????????5????????????3??????????,??,????,???????,?1?????,??????,???,??7,?8?,????,?????,????0,????,??,7???6?????????5??4?,????????,????????,4?7???,???,7??????,?????????,???,????????1???9???
0 0 0 0 0 0 2 0 8 0 10 2 1 8 8 4 10 5 4 8 6 8 5 23 15 22 6 27 3 29 4 31 18 33 8 35 36 0 38 39 40 11 42 5 44 45 46 47 48 5 50 51 52 53 54 55 55 48 16 59 60 61 62 63 14 44 18 67 68 69 70 71 44 73 74 75 76 77 78 79 80 81 82 83 84 85 86 87 88 89 90 91 92 93 94 95 19 97 98 99 100 18 18 103 104 105 106 107 21 109 110 111 112 113 114 84 116 117 95 34 113 121 53 123 124 61 126 127 112 129 130 131 132 133 134 135 76 137 17 48 140 141 142 62 144 24 9 80 148 149 150 151 152 75 154 27 156 157 158 159 160 161 162 163 164 60 166 167 168 169 170 171 172 10 87 175 176 17 178 179 180 181 120 183 184 185 186 187 188 15 37 49 41 48 26 16 30 31 3
???????????,7?,???,4,?,?,?,?,1?,??,??,???,???,??6?,????,?1???????,??6???????,??????,????,?6??,??8??,?1????,????2,?6?????5??????,???????,4???????,??4??????,??,???,???4,?????0??,?????,?1???,????????????
0 1 0 3 4 5 0 7 8 9 10 1 12 13 14 15 16 0 18 19 20 21 22 23 24 25 26 27 28 29 30 31 32 33 34 35 36 37 38 39 40 41 42 43 44 45 46 47 48 45 50 51 52 53 54 55 56 57 58 59 60 32 62 22 61 65 66 67 68 69 70 71 51 73 74 75 76 77 78 79 80 81 28 83 84 85 86 37 88 89 90 91 92 93 94 95 96 97 98 99 100 101 102 103 104 64 106 107 108 109 110 61 112 113 114 115 116 117 118 61 45 90 122 123 116 125 126 127 128 129 130 131 132 133 134 135 136 137 138 139 140 141 142 143 144 145 146 147 148 149 150 151 152 24 154 155 156 157 158 159 160 161 162 163 164 63 166 167 168 169 170 165 39 173 9 175 176 177 178 179 180 181 182 183 184 185 186 187 188 189 190 191 192 7 19 12 196 194 7 0
????27???????????9????????????????????????????????????????????0??????????????????2????????????????????????????????????????????8??1?????????3????????6??01???????????18?????????????????????????4??8?????
0 1 2 3 4 5 6 7 8 9 10 11 12 13 14 15 16 17 18 19 20 21 22 23 24 25 26 27 28 29 30 31 32 33 34 35 36 37 38 39 40 41 42 43 44 45 46 47 48 49 50 51 52 53 54 55 56 57 58 59 60 61 62 63 64 65 66 67 68 69 70 71 72 73 74 75 76 77 78 79 80 81 82 83 84 85 86 87 88 89 90 91 92 93 94 95 96 97 98 99 100 101 102 103 104 105 106 107 108 109 110 111 112 113 114 115 116 117 118 119 120 121 122 123 124 125 126 127 128 129 130 131 132 133 134 135 136 137 138 139 140 141 142 143 144 145 146 147 148 149 150 151 152 153 154 155 156 157 158 159 160 161 162 163 164 165 166 167 168 169 170 171 172 173 174 175 176 177 178 179 180 181 182 183 184 185 186 187 188 189 190 191 192 193 194 195 196 197 198 199
?,?,??,??,???,?1?,???,???,???,???,???1,?1??,?????,??????,??????,????33??????4,?4?????????,3??????,???????,?????????????????8,?????????,9????,????????????,?16???,????,???????,?????0?,????????,??,??????
0 1 2 3 4 5 6 7 8 9 10 11 12 13 14 15 16 17 18 19 20 21 22 23 24 25 26 27 28 29 30 31 32 33 34 35 36 37 38 39 40 41 42 43 44 45 46 47 48 49 50 51 52 53 54 55 56 57 58 59 60 61 62 63 64 65 66 67 68 69 70 71 72 73 74 49 62 77 78 79 80 81 82 83 18 85 86 69 88 89 90 91 92 93 94 95 96 97 98 99 100 101 102 103 104 105 106 107 108 109 110 111 112 113 1 60 116 117 6 79 120 121 122 123 124 125 126 127 128 129 130 131 10 133 134 135 136 54 138 13 140 141 142 143 144 145 45 147 148 149 136 23 152 153 154 155 156 157 27 159 160 161 162 163 164 165 166 167 168 169 85 171 140 173 174 175 176 177 178 179 12 181 182 183 184 185 4 187 5 3 190 191 192 193 194 195 196 1 1 0
????????????????????5???????????????????????????7??????????????????????????????????????3????????,???????????8????????????????????????????????1?79????7????????????????????????????????????????????????0
0 0 0 0 0 0 0 0 0 5 7 1 4 6 8 2 2 4 1 6 9 8 7 7 24 3 26 5 28 3 30 11 32 3 34 35 5 37 38 24 40 8 42 43 1 45 46 8 48 49 13 51 5 53 54 13 56 9 58 59 60 8 62 63 64 8 66 67 68 5 70 71 72 8 74 75 76 77 3 79 80 81 82 83 84 65 86 87 88 89 90 19 92 93 94 95 96 97 98 99 100 101 102 103 104 105 106 107 108 109 110 111 112 56 114 115 116 117 118 95 120 121 122 123 124 40 126 127 128 129 130 131 56 48 134 135 136 137 61 139 140 141 142 143 144 116 146 147 148 149 150 151 152 153 154 155 156 157 158 159 160 33 61 102 164 165 166 167 168 169 170 171 172 173 161 126 130 177 178 179 180 181 182 183 184 87 186 187 188 12 190 191 192 193 194 58 196 6 9
???,????????9?????????0??53????8???????????6??????????????????9??????????????1??????????????????????896??2?????????8?????75??????????????8??????????????????????????????????????????????????????????????
0 1 2 3 4 5 6 7 8 9 10 11 12 13 14 15 16 17 18 19 20 21 22 23 24 25 26 27 28 29 30 31 32 33 34 35 36 37 38 39 40 41 42 43 44 45 46 47 48 49 50 51 52 53 54 55 56 57 58 59 60 61 62 63 64 65 66 67 68 69 70 71 72 73 74 75 76 77 78 79 80 81 82 83 84 85 86 87 88 89 90 91 92 93 94 95 96 97 98 99 100 101 102 103 104 105 106 107 108 109 110 111 112 113 114 115 116 117 118 119 120 121 122 123 124 125 126 127 128 129 130 131 132 133 134 135 136 137 138 139 140 141 142 143 144 145 146 147 148 149 150 151 152 153 154 155 156 157 158 159 160 161 162 163 164 165 166 167 168 169 170 171 172 173 174 175 176 177 178 179 180 181 182 183 184 185 186 187 188 189 190 191 192 193 194 195 196 197 198 199
????,??????,?????4?0?3,??6?????????,???????????????8??,????7?????????????9,??????3????????84???????,????????????????1???????????,????????9????????????????????????????2??????????????????????????6??????
0 1 2 3 4 5 6 7 8 9 10 11 12 13 14 15 16 17 18 19 20 21 22 23 24 25 26 27 28 29 30 31 32 33 34 35 36 37 38 39 40 41 42 43 44 45 46 47 48 49 50 51 52 53 54 55 56 57 58 59 60 61 62 63 64 65 66 67 68 69 70 71 72 73 74 75 76 77 78 79 80 81 82 83 84 85 86 87 88 89 90 91 92 93 94 95 96 97 98 99 100 101 102 103 104 105 106 107 108 109 110 111 112 113 114 115 116 117 118 119 120 121 122 123 124 125 126 127 128 129 130 131 132 133 134 135 136 137 138 139 140 141 142 143 144 145 146 147 148 149 150 151 152 153 154 155 156 157 158 159 160 161 162 163 164 165 166 167 168 169 170 171 172 173 174 175 176 177 178 179 180 181 182 183 184 185 186 187 188 189 190 191 192 193 194 195 196 197 198 199
??????5??????????????,???????6????7???5?????????????????????????????7?????????????????????,???????6????7???????????8????????????????????????????6?????????????2??????8?????????????????1???????????4?5??
0 1 2 3 4 5 6 7 8 9 10 11 12 13 14 15 16 17 18 19 20 21 22 23 24 25 26 27 28 29 30 31 32 33 34 35 36 37 38 39 40 41 42 43 44 45 46 47 48 49 50 51 52 53 54 55 56 57 58 59 60 61 62 63 64 65 66 67 68 69 70 71 72 73 74 75 76 77 78 79 80 81 82 83 84 85 86 87 88 89 90 91 92 93 94 95 96 97 98 99 100 101 102 103 104 105 106 107 108 109 110 111 112 113 114 115 116 117 118 119 120 121 122 123 124 125 126 127 128 129 130 131 132 133 134 135 136 137 138 139 140 141 142 143 144 145 146 147 148 149 150 151 152 153 154 155 156 157 158 159 160 161 162 163 164 165 166 167 168 169 170 171 172 173 174 175 176 177 178 179 180 181 182 183 184 185 186 187 188 189 190 191 192 193 194 195 196 197 198 199
????,?0???????????????????????6?????????????2????????4???????????????????6???44????????????3?????????,9????????????????????7??????????????7????????????????????????0???5???????????2???1????????????????
0 1 2 3 4 5 6 7 8 9 10 11 12 13 14 15 16 17 18 19 20 21 22 23 24 25 26 27 28 29 30 31 32 33 34 35 36 37 38 39 40 41 42 43 44 45 46 47 48 49 50 51 52 53 54 55 56 57 58 59 60 61 62 63 64 65 66 67 68 69 70 71 72 73 74 75 76 77 78 79 80 81 82 83 84 85 86 87 88 89 90 91 92 93 94 95 96 97 98 99 100 101 102 103 104 105 106 107 108 109 110 111 112 113 114 115 116 117 118 119 120 121 122 123 124 125 126 127 128 129 130 131 132 133 134 135 136 137 138 139 140 141 142 143 144 145 146 147 148 149 150 151 152 153 154 155 156 157 158 159 160 161 162 163 164 165 166 167 168 169 170 171 172 173 174 175 176 177 178 179 180 181 182 183 184 185 186 187 188 189 190 191 192 193 194 195 196 197 198 199
??????????????????8???3???????????????????????????????????????9???????????????????3?????2???????????3?????4?????????4?????????5??????????0?9??,??????????????4????????8?????????????????????6?????1?????
0 1 2 3 4 5 6 7 8 9 10 11 12 13 14 15 16 17 18 19 20 21 22 23 24 25 26 27 28 29 30 31 32 33 34 35 36 37 38 39 40 41 42 43 44 45 46 47 48 49 50 51 52 53 54 55 56 57 58 59 60 61 62 63 64 65 66 67 68 69 70 71 72 73 74 75 76 77 78 79 80 81 82 83 84 85 86 87 88 89 90 91 92 93 94 95 96 97 98 99 100 101 102 103 104 105 106 107 108 109 110 111 112 113 114 115 116 117 118 119 120 121 122 123 124 125 126 127 128 129 130 131 132 133 134 135 136 137 138 139 140 141 142 143 144 145 146 147 148 149 150 151 152 153 154 155 156 157 158 159 160 161 162 163 164 165 166 167 168 169 170 171 172 173 174 175 176 177 178 179 180 181 182 183 184 185 186 187 188 189 190 191 192 193 194 195 196 197 198 199
1,4,?,?,??,???,???,?5?,???,????,7???,8???,????????,7???????,??????0?,??1???????,????????4?,???????????,???????????,??????22??9?,????????1??????,????????8???7????,4?????????????????,?????????????4?6???
0 1 2 3 4 5 6 7 8 9 10 11 12 13 14 15 16 17 18 19 20 21 22 23 24 25 26 27 28 29 30 31 32 33 34 35 36 37 38 39 40 41 42 43 44 45 46 47 48 49 50 51 52 53 54 55 56 57 58 59 60 61 62 63 64 65 66 67 68 69 70 71 72 73 74 75 76 77 78 79 80 81 82 83 84 85 86 87 88 89 90 91 92 93 94 95 96 97 98 99 100 101 102 103 104 105 106 107 108 109 110 111 112 113 114 115 116 117 118 119 120 121 122 123 124 125 126 127 128 129 130 131 132 133 134 135 136 137 138 139 140 141 142 143 144 145 146 147 148 149 150 151 152 153 154 155 156 157 158 159 160 161 162 163 164 165 166 167 168 169 170 171 172 173 174 175 176 177 178 179 180 181 182 183 184 185 186 187 188 189 190 191 192 193 194 195 196 197 198 199
