1,2,3,4,5,10,11,70,100,101,1000,1007,10000,10001,100000,1000060,1066300,10000000,10000400,908000000,10000000000,10000000001,10000000000000,1000000020000000,19000100000000000002,10000000200000000700000
1,4,10,100,1000,10000,100000,1007009,10000004,10006008,100000000,10000000000,10004000000,100000007000,1000000000005,10000000000000,100000000000000,100000040000060,1000000600000006,10000000005000000000
1,1000,1000000,10050000,1000000000,10000000000,100000300000000800,108008000000000000,10000000044000005000000,11000000000000100000000000,100000000000030000000000000,130000000060000000008000000000000000
1,10,100,1000,1206,1600,10502,50000,100004,1000000,1000800,10000000,100000000,100000900,1000000000,1300000000,10006000000,100000000000,100060000000,800000000090,1000000000050,1000000000000000003000000
19,100,1000,10000,10009,100000,1000000,10000082,100000000,100000001,10000000003,10000000400,100000000000,1000000000000,1008000000000,3000000000000,10000000000040,30070000000000,10000000000000000000000
1,2,4,5,6,7,10,11,12,13,14,15,16,17,26,100,101,102,1000,1001,1002,1003,10000,13000,105000,105001,1000000,1000001,10000000,10000001,80000000,100000500,1000050010,9000000060,1000000000000,80000000000000
1,2,4,5,6,7,8,19,20,27,40,41,42,43,100,101,102,103,104,105,106,107,900,1000,1001,1002,1800,10000,14000,14001,14002,14003,14004,14080,100001,100002,1000000,10000000,80008000,80008001,80010900,100000000
1,2,3,4,100,1000,10000,100000,1000000,102003000,10203000080,10203000081,1000000000000,100000000000000000000,170000000000000000300070000000,1000000000000000000000000000800000000000000060000000000000090
1,2,3,4,5,6,8,10,11,12,100,101,102,104,105,106,900,1700,1701,1710,1711,10000,10001,100000,100001,600000,600001,1000000,1000001,1600000,1600001,20000000,20000040,2000000001,100000000060,100000000000900
1,10,100,1000,10000,10000000,10000001,10000002,10000003,10800000,10800001,100700040,1000000000,1000000095,1000400000,1020000000,4000080000,10000000000,10000000500,10000900000,1000000000004001000000000
1,2,3,10,11,12,13,14,23,24,25,68,80,100,1000,10000,100000,130000,700000,1000000,10000000,100000000,1000000000,10000000000,10000900000,50000000000,100000000000,100000004000,1000000000000700000080700000
1000,100000,8000000,10800000000,1009000000000000,10000000000000000000000000000,1003007003000000000000000300000,10060000000000000000000090000000,10000000000000000000008000000000000000000040000000080000
1,106,1000,1200,10000,10009,100000,10000000000,100000000000,100100000000,100800000000,1008000000000,100000000000000000007002,100000001000000000000000,100000020000000000000000,1300000000802000000000000
1,10,100,10000,100400,100401,110000,110001,110030,110031,110032,115300,1000000,1000001,6000000,10000000,10000009,10008000,10008800,10020000,100007000,1000000200,1000200000,10000000050,1001000400000040
1,10,100,1000,10000,100000,1000000,1000001,1007000,10000000,100000000,1000000000,7000000000,7000000001,10000080000,100000700000,1000000000000,10000000000000,100000000000000,100830000000005000000000000
1,2,3,4,5,10,11,12,13,14,15,16,17,100,101,1000,10000,10001,10002,10100,80000,80001,80002,100000,1000000,1000001,30000000,30000001,100000000,1010040000,170000000000,10000000000000,100003000000000000000
1,2,3,4,5,6,10,11,40,41,42,43,44,100,101,102,103,900,1000,1001,1080,1081,1082,1083,10500,10501,10540,100000,100001,100020,4000000,4000001,4000002,10000000,10000001,100000900,1000000000,100000000000000
1,2,10,11,100,105,1000,10009,100008,100009,9000000,10000070,10000071,90000000,300000000000,300000000001,1000000000000,10000090000000,1000000000000024,700000000008000000000,1000000002000000300000000050
1,10,70,71,72,73,74,100,170,1004,10000,10001,1000000,10000000,10000000000,130000005030,130040000000,1000000004005,1000500000007,10005000000000,10005200000000,1000000500000000000,1000400000000008000000
1,10,20,100,1000,10000,100000,1000000,1000400,10000000,40007000,100000000,1000000000,1003400000,10000000000,10000000003,10200000060,17110220000,100000000900,1000000000000,5000900000000,100030000000700
1,2,1000,1001,1900000,100000000,100000000000,100000000009000,100000000000012000,10000000000000000000,100001000050000000000000,7060000000000000000000000,100006000000000000020000008000000000000000000000
1,10,105,1000,5000,10000,100000,1000000,10000000,19000060,40000000,100900003,1000000008,10000000000,103000000009,10000500000007,70000000000900,180000000000000,1000000000000000,100000000000003000050100
1,10,100,10000,10003,10500,100001,200000,200001,1000000,10000000000000,80000600020000,100000006400000,100000800000000,100400000000000,100000000002002000,10000000009000005500000,10000000050000000000000
1,2,105,106,107,1000,8070,10000,10001,30000,1000010,100000000000,1000000000000,11003050000000,100600000000000000,1000000001,10000080000001,10002,100031000,20000,80000,1600600,10000000700,1000801000001
1,10,100,1000,4000,10000,1000008,10000090006,10006001000,10000000000000000,100000000000000000,100000000000000050,100000000000900000,800000100000000000,1400000000040000000,10050000009000000000000700000
1,139,1030,10100,100000,190000,1000000,1000008,100000000,100000001,100000002,100000003,100020000,1000000000,1000300000,10000000000,100000000000,500000000010,100000000000037,108005000000000005000000000
1,10,11,12,1000,62000,62001,62002,100000,730000,1000000,10000090,19000000,100000000,1000000000,1100000000000000,100000000500000000,1000000000000000060,10900000000000005000,1000000000000000000000000000
16,80,100,101,102,1000,1001,1002,9000,17000,160000,170000,1000000,10000000,1000000000,1001000000,10000090200,10000090201,10000090202,100000000000,10000000000000,10000050000000,100000000000000000006000
1,10,100,10007,100000,1000005,10000000000,17000000006,10000000000000,18010000000000,100000000000000,1000000000000000,1000000000000600,10000000000000000,10000500000000000,100706000000002000000000060006
1,2,3,4,10,11,12,13,100,150,151,1000,1001,10000,80000,10000020,40000000,100100000,10000001000,10000001008,10000000000000,10000000000001,10100001000000000,20000000000000000,1000000000000000800000000000
1,109,1003,10009,100000,1000000,1000010,10000000,82000000,100000000,100100000,10000000008,10000502500,90000000000,100000400000,100003000000,1000000000000,10000000000000,10000000200000,1020000000000000
1,10,100,1000,10000,10100,100000,10000003,1000000005,10000000000,100000000000,1000000000008,1007000000000,10000000000000,10900000000000,100000600000000,1000005000000000,1000000000030000000000003000000
1,2,3,4,5,10,11,12,380,430,431,432,1100,1101,10000,10001,10002,100000,100001,100002,1000000,1000600,1400030,10280000,10280009,100900090,100900900,120000000,120042000,1000000000,6600000000,100000000000
1,2,3,4,5,6,7,8,9,10,11,12,30,31,32,33,34,35,100,101,102,1000,1001,1002,10000,10001,10002,10030,10031,600300,600302,600303,609000,609001,1000000,7000000,7003000,180000000,10000000000,10000000070000000
1,2,100,1000,10000,300007,300008,1000000,1008000000,10000000000,10000000001,10000000000100000000000,100000000000000000000050,1000000000000000000000000,1000000810000900040100000000000020000340000000006
1,5,10,100,700,1000,1010,10000,100000,1000000,10000000,1000000000,100000000006,174000000008,1000000000000,1800080000000,10900050000000,100000000000003,100000000000050,1000000000000000,1000000006000000
10,11,12,50,51,1020,1080,1081,1082,10000,10001,10002,1000000,1000001,1000002,10000000,10000001,100000000,1000000000,1000000004,180000000005,100000000000000000,5000000000000000900,100000000000000000000
1,2,3,4,5,6,10,60,61,62,100,101,160,161,162,1040,1041,10009,10010,10011,1000000,1000001,10000000,1300000000,1300000001,10100000000,10100000001,88000000600,1000000000000,1003000000000,10000500003000070
1,10,100,1000,10000,10100,1000000,10000000,100000000,10000000004000000000,10000300000000000000,100001000000000000000,1000000005000000000000000800000000009,900000060000000000000000050000000000000000000
1,10,100,1000,10006,100060,1000005,10000000,60000000,10001000000000,1004000000006000,10006000000000000,100000000000000000,1000000000000000000,1000000030000000000,10000800000000000000000000600000000000
1,10,100,1000,1007,100000,100001,100002,100003,19000000,19006030,19006031,19006032,19006033,100000000,101501000,1000000000,1000000500,10000000000,100000000000,100000000070,1000000000070,10000000000000
5,40,100,160,1000,10000,100000,1000000,10000000,10810000,106008000,1000000000,10000000000,1000000000000000,1010000060000000,1010000060000001,100000030000000300,1000000007000000000,10000030000000000000
1,10,100050,1000000,1000003,1070000,10000000,100000000,100000100,1000000005,10000000000,10007001000,30000000030,100000008000,1000000000000,1000000707000,1002000000000,1050000000000,1004010000000000000
1,10,18,100,1000,10000,100000,1000000060,10000000000,10000007000,100000000000,100006000000,1000000000000,10030000090008,1000000000000005000000000000000,180000000000000000010000000000000000000000000007
2,3,4,5,6,7,8,10,11,12,13,14,15,100,190,191,1000,1009,1010,1017,10040,10041,10049,10050,10051,10052,100000,400001,1000000,1000001,1000002,1000004,10000008,1400600000,1400600010,1460000000,100000000000
1,3,106,108,1000,10000,100000,100007,1000000,10000000,100000000000,100005000000,100005400000,100005400001,100005400002,10000000000009,100002907000000000,10000000007000000001000,10000000007000300000000
1,10,11,12,13,100,120,121,122,300,301,302,303,304,1040,1041,1042,10000,100000000000,1000000000000,1000000005000,10000000000000,100000000000000,10000000000000009032,100000000000006400050091000010000000
1,10,1000,10000,100000,900000,1000000,8000000,10000000,19005000,100010000,1020000003,10000070500,100000000000,1000100000002,1000000000007090,1000000000400000,10000000000000000,100000000000000000000000
1,100,1000,10000,10001,10002,10003,100000,100001,100002,100003,100050,100054,100055,100110,102000,102001,102002,300000,300001,300002,10000009,100000000,1000000000,300090000000,190900000900000000050000
4,8,30,160,1000,100006,1000000,10000001,100000000,700200000,100000100045,10000000000004,53000000000000,100000000000000,100000000000002,100006000006000,400000000000000,1000000000000000,1200000000000000
1,10,100,1000,10000,100000,1000000,10000000,10001090,100000000,900040000,4900000000,10000000000,10000000000000600,100000000000000000,100000000090000000,100000050070000000,10050000000000000000000000000
1,2,3,4,5,6,7,8,9,10,11,12,13,14,15,16,17,18,100,101,102,103,110,111,112,113,117,120,900,1000,10000,10300,10301,17000,100040,100041,100042,1750000,1750001,1750002,10000000,10100000,10100070,1000000000
1,2,10,107,108,10000000,100000000,100000001,100034600,10000000000000000000,1020000000000020000080000000800,100000000000000000000000000000000000,10000000900700002000000000000000000000000000000000005000
1,2,3,4,6,7,8,9,10,11,12,30,31,32,33,34,35,36,37,38,39,40,41,100,101,102,103,104,105,106,107,108,1000,1001,1080,8000,10000,10001,10002,10200,100000,190000,190001,198000,198001,2000000,2000001,10000001
1,10,100,1000,10000,100000,10000006,20000000,100000000,106000000,200700000,1000000060,10000000000,10000000063000000000,10000000070003000000,18600000000000000000,100000000000000000000000900000710000000
51,100,10006,100000,100000800000,1000000000000,10000000000000,10000700000000,13000000000000,90000000840000,100000000000000,1000000000100006,10000000000500000,100000000002000006,43000090000000000002000
1,2,10,11,101000,101001,1000000,1000001,1000490,10000000,100000009,100000001000,100000001001,10010000000000,1000006707000000,1002000008000001000000,10100005080000000000000,1700000000000000000000000000
1,10,14,100,1000,10000,100000000006,1000000000000,1000000080000,1000000130000,10000000000000,10004000000000,100000000030000,1000000000030000,10040000300000017,100000000000010010,1000000000000000000510
1,10,11,12,100,101,300,301,302,303,1000,1001,2000,2001,2002,2090,10000,100000,1000000,10000000,17000000,100040000,1000000040,10000000000,100000000000,1000000000000,1000300000000,1000003000000000000000
1,3,4,5,6,10,11,12,13,100,101,300,400,100008,100009,4000500,4000501,4000502,10000000,10000010,100000000,100000010,100000070,1000000000,5900000000,5900000001,10000000000,1000000000070,10000000000000000
1,10,100,1008,100604,103000000,1000000900,10000000000,10000000050,15000000000,100000004000,1400000700000000,100000000000000200,1000000000000000003,10003000000000000500000000,10500300020000000000010000
1,10,1000,1040,10000,1000002,1004000,1100000,100040071,10000000009,100000000000,100000008000,100000009000,1000000000000,1030000000000,10000000000000,10060000000000,10100000000000,300000000000000000800
10,100000,170000,100003005,10000000000,100000000000,100000000001,100000000900000,10870000000000000000000,10870000000000000000001,108000000000000001000000000001,1000400007000060000000000000000000000000
1,2,3,4,5,6,7,8,9,10,11,12,13,14,100,101,102,103,104,105,106,190,1000,1001,1002,10060,10061,100000,100001,100050,900000,1000000,1000080,1000081,10000000,100000000,19000000000,100000000000,109000000000
1,2,5,6,7,10,11,12,13,14,15,16,100,101,102,103,400,401,402,403,404,405,1000,1001,1002,10400,10401,10800,100040,100041,106000,106001,1000000,1000001,1000002,10000400,100000000,100400004,100000000000800
1,10,101,2003,10400,100000,120000,1040000,10000000,100000000,100070000,180000700700,1040000050000,10000000000000,1000000000000009,10000000000000000,10000060000700000,1000000000000000050000000040000000
1,2,3,10,50,100,106,1000,10000,1000002,1000200,40000000,100001000,1050000000000000,1050000000000001,1000000000060000000,10000000000000040010000,1000000001000040007000000,100000090000000000008000000000
1,2,3,4,6,7,100,101,1000,1001,14000000,14000001,14000002,10000000000,100000000000,10000000000000000,100000070000000000,100000000000000100000000000006,10000000100000000000000000000000000000000000000095
1,2,3,4,10,11,12,13,100,109,1000,1001,1050,1051,10000,10040,10041,10042,100000,100001,1000000,10000000,100000000,104000000,104000004,1000000000,100000000000,100000700006,1000000000000,1000000030083000
1,2,10,100,1000,10000,100006,1000000,5700000,6000700,16000000,100000000,100000009,1000000000,10000000000,10000003000,100000000000,1000000000000,1000003000000,1700000900000,1000000000000000009000000090
1,1000,110000,1000000,190000040,1000000000,100010000040,100000000000000000000070,100000000000000405000000,10000040030000003000000000000,100000000000000000000005000000,100000000000000030002000000200000
11160171,7,2,10,100,100,1001,100,10,10000,10,10000,10,15,100,1000,1002400100,1000,10000,1000000,10200600010000,1000110000017200000000,1000000,100000000000,15701010,11,100,10000010,10000,1000000022220
1,10,100,1000,10000,100000,1000019,1030400,1980000,10000500,100004400,1000000000,10002000000000000000,10007000000000000000,100000000000000000000,100800080000003000002,100040200000008000000000000000050
1,2,100,1000,10000,1000000000,10000000007,10010000000000,100000000000000,400000000000000,4000000000000000,10000000000000000,10000000300008600,100000000006611000,1000000000000000300,1000000000000000301
11111191100,00000,0,800,2,26,10010,10047,10000,1000000,1000,10000,100010,100000,120000,120010,10000000,100000,100001,1000600,10006010,10030,1000000000001,10000210000000000,11,100,109,100001,100008270
1,2,10,100,1000,10000,100000,1000000,10000000,100000000,160000007,10000020006,100000000000,100000000500,1000000000007,1000000000076,10000000000000,10000009000020,10050000070000,10000000090000000200000
1111110001,000170,2,107,2,2,2,11,10,10,101,10,110,100,100,1000,100390,20000,10000,10000000,100000,1000012,1005,100600107000,1000000,121,100,1010,1000010,10010000000,100000870000006110,100000500020000
1,103,1000,10000,100000,1000000,10000001,60000000,140000000,1000800000,10000000000,100006000000000000000,1000000000005000000000,100000000000000000000009,10000000000000003550000000003400000000000000000
11,1001,10000,100000,103000,10000007,39000000,110040007,160000000,1000000000,2008000050,10000000000,100000000000,1000000000004,1000000007070,1000500000000,10000000000000,10700000000000,100000000070000
1,2,3,4,5,6,40,41,42,100,101,140,150,151,152,153,1000,1001,10000,10001,10002,10003,100000,400000,400001,700000,700001,1000000,1000001,100000000005,100000050040,1000000090700,10000000083040000000000000
1,10,100,1000,1010,10000,100000,1000000,1000003,10000000,60000000,130000000,1000000000,10000000000,10000507000,10008000001,100003000000,1000000000000,1006080000080,1030000000095,1000800000000000000000
1,10,100,106,1000,1090,10000000,10050200,100001000,1000000000,8000000000,10000000000,10000000003,100000000000,100000800000,1000000000000,1000000080000,10000000000100,10020500000000,1000000000000000000
1,10,100,1000,10000,12000,100000,1000000,10000000,10000090,100000000,1000000000,10000000000,10006000000,100000000000,1100000600000,1400050200000,10000640000000,100000000000000,100000000000000101300010
1,1000,10000,50000,100000003050,1000000100000,1001000000000051,10000000400000000,10200030000000050,100000000000000000008000000000,10000000000000000000000600000002,1000000000000000000000000000700000000
10,36,1000,10000000,104000000000,1000500000000000009000000,10000005000000000000020900,1000008000000000700000000000000000,8000800005000000000000500000000000000,10008000000000000000000040000000000000000
1,2,10,70,71,100,101,504,10000,140000,146007,146008,780000,1000000,100000009,10000070000,100005000004,10080000000000000000,300000000000000000009,1000000000000000000000,10000005000000000000004040000000
1,10,100,1000,10000,100000,1000000,10000003,10000600,100000000,1000000000,1300000000,10000000000,10000000001,100000030000,1000100000000000000,1000600000000000000,50003000000000000050002000000000000000
1,10,11,18,38,109,150,1000,1001,1670,1000090,10000000,1000000000,10000000003,10000000000000,11000000000000,30000000000000000000000,70000000000000000000000,100000000300090004000003000000000000000000000
6,100,500,10000,10001,1000400,10000000000,600000000000,10000000000000000000300000,70000000000000000000000000000000000000000000009,1000000000000000000000000000400000000000000700000000000000000000000000
1,10,100,1000,10000,1080000,6000000,8000000,10000700,100000007,1000000000,10000000000,10000000040,100000000008,300000000000,800000000000,1000000000000,10000000000000,10100000020000,1000000000000000000
1,10,100,1100,10000,10800,100000,1000000,10000000,10040020,100000000,1000000000,100000000000000000000,100000000000000300000,1000000000000000000000,1009000000000000000000,100000000000000000000001000000
1,2,10,11,100,170,171,172,1000,13000,101000,1000000,1000001,1000002,14000000,10000000000,100000000000,10000000400000,130000000000000,100000000000000000,1000000000000040000000,1000000000000000000000000
1,10,100,160,1000,10000,12000,100000,1000000,10000000,1000500000000,1008000700000,10000000000000,100000000000000,10000000000000000050000000000000,100000000000000000000000000000000000000000000000000000
1,10,100,1000,1010,1011,1012,1017,7000,7001,10000,10001,10002,10003,10060,10061,10062,10063,90000,100000,100040,100041,700000000,900000000,1000000130,10000000000,100000900002,300003000500,302000000000
1,2,3,10,1600,100002,600000,1000000,100005000708,1000000000001,19000000000004000000009000,100000000000000000000000500,1000000000000000000000000002,10000900000000000000000000008000000000000000000000200
1,13,100,1004,10000,100000,1000000000000,1000000005000,10000000009000,100000000000000,140003000000000,1000000060000000,10000000000000000,100000000000020509,100000000300000000,1000000800000000000000000
1,2,10,11,12,13,14,100,103,1000,5000,5001,100001,100007,10004000,1000000000,1680000000,10000000000,134090000000860,10000000500000000000000,100800000000000000000000000,100000000008000100710010000000904
1,10,102,1000,100000,1000000,10000000,10100000,100000000,108000800,1006000000,1667000000,10300022000,100000002000,1000000000000,10000000000000,10000000080000,100000000000040,10108000000000000000901000
760,1000000,1000030,1000031,100000000005,1000000000000,1000000000004000,1000000000000000000,1060000000000000000,100000037000000300000000000,1000000000000000000000001000,1009010000001090000000000009000
1,2,3,4,5,10,11,100,101,103,104,1000,1001,50099,50160,91400,100000,100080,100081,100082,100083,1000200,4000000000,4000080000,10000000006,10000000400,103009000000000,103009052000000,1000000000000000200
