111,1,101,1001,100,100010,1001,100,10001,10,10000010,100,1000000000,10000,1000000,1000,1000,10000,1000000000000000000000000000000,100000000,100000,100,1000,10000,100000,10000000000100,10000000,110000
1,10,100,1000,10000,100000,1000000,10000000,100000000,1000000000,10000000000,100000000000,1000000000000,100000000000000000,1000000,10000000000,1000,10000,100000,1000000,10000000,10000000000010,1110201
111111000,,1,21,1,2,10,10,100,10010,1000100,1000,10000,100000,10000000000000,1000000000000000000,10000000000,1000000000002,100000000,10000000000000000,10000000,1000000000010,10000,10001010,10000,1000
1,10,100,1000,10000,100000,1000000,10000000,100000000,1000000000,10000000000,100000000000,1000000000000,10000000000000,100000000000000,1000000000000000,10000000000000000,100000000000000000000000000000
1,10,100,1000,10000,100000,1000000,10000000,100000000,1000000000,10000000000,100000000000,1000000000000,10000000000000,100000000000000,1000000000000000,10000000000000000,100000000000000000000000000000
11111110,0000,,0000,0,21,2,2,2,2,21,2,22,2,10,10,10,10,10,10,10100,1000,10,1101,100,1000,10010,1000,10000,100000,1000000,10000000000000000000000000000000,100010,100,1000,10000,100000,10000120,1102020
1,10,100,1000,10000,100000,1000000,10000000,100000000,1000000000,10000000000,100000000000,1000000000000,10000000000000,100000000000000,1000000000000000,10000000000000000,100000000000000000000000000000
1,21,10,1001,10,100,1011,10,100,1000,10000,1000000000,10000000000,1000000000000000000000000001000,10000000,10000,100000,1000000,10000000,100000000,1000000000,100000000000000000000,10,100,1000000002001
1,10,100,1000,10000,100000,1000000,10000000,100000000,1000000000,10000000000,100000000000,1000000000000,10000000000000,100000000000000,1000000000000000,10000000000000000,100000000000000000000000000000
111111111000,0,000,,210,10,10,10,10,,100,100,10,100000100,1000,100000000100,1000010000,10000000,10000000000,100000,1000000,10000000,100000000,1000000000,10000000000,1000000000000000000000000100000200
11111111100000,0,2,1,1,2,2,100,1000,1000,10,11,10,1000,10,100000000002,10000,10000,1000,10000,1000100000,100000,1000000100000100,10000,100,1000,10000,100000,10000000000,10,100,1000000010,100000002220
1,10,100,1000,10000,100000,1000000,10000000,100000000,1000000000,10000000000,100000000000,1000000000000,10000000000000,100000000000000,1000000000000000,10000000000000000,100000000000000000000000000000
1,10,100,1000,10000,100000,1000000,10000000,100000000,1000000000,10000000000,100000000000,1000000000000,10000000000000,100000000000000,1000000000000000,10000000000000000,100000000000000000000000000000
1,10,100,1000,10000,100000,1000000,10000000,100000000,1000000000,10000000000,100000000000,1000000000000,10000000000000,100000000000000,1000000000000000,10000000000000000,100000000000000000000000000000
1,10,100,1000,10000,100000,1000000,10000000,100000000,1000000000,10000000000,100000000000,1000000000000,10000000000000,100000000000000,1000000000000000,10000000000000000,100000000000000000000000000000
1111111110,,,,2,22,100010,100,10,100,1010,100,1011010000000000,100,,00,10,1,1000,100010,100,1011000001000,10010000000100,1000,1000000000101,10010000,10000000000010,100,10000000100000000,1011110000220
1,10,100,1000,10000,100000,1000000,10000000,100000000,1000000000,10000000000,100000000000,1000000000000,10000000000000,100000000000000,1000000000000000,10000000000000000,100000000000000000000000000000
11111111100,0,,00,0,000001,2,2,2,12,10,100,100,1000,100022000000,100,10,100,10000000200,10,10000,100,100000,1000000000002,10000000,1000,1000000000,10000,1000000000010,100010,100,1000,1000000000202220
1,10,100,1000,10000,100000,1000000,10000000,100000000,1000000000,10000000000,100000000000,1000000000000,10000000000000,100000000000000,1000000000000000,10000000000000000,100000000000000000000000000000
1,101,10,100,10110,1000,100001,10,100,100000,1000000,10000000010,1000000010,100,1000000,1000,100100,10000000,100,10000000010010000000,100000000,1000,1001000,1000001,10000,10000001010000000000011100001
111111111,0,,,00,2,2120,10010,100,1000,100000,100,0,10,100,10000,,10000000,1000,10000,100000,100000000000,1000,10000,100000,1000,100100,1000000000,10000100000100,100000100000000000000,100000000022020
1,1000,1000000000,10000000000,100000000000,1000000000000,10000000000000,100000000000000,1000000000000000,10000000000000000000000000,1000000000000,100000000000000000000000000000000000000000000010,1000
11,1,10,100,10,1001,10,10001,10,1000001,10,100,1000000,10000000000000,1000,100000000,100000,10000000,10000000001000000000000010000000,100000000000000000000,100000010,100,1000,010,110010000110,1000200
1,10,100,1000,10000,100000,1000000,10000000,100000000,1000000000,10000000000,100000000000,1000000000000,10000000000000,100000000000000,1000000000000000,10000000000000000,100000000000000000000000000000
11101,101,21,21,21,10,100,10001,1000,1000,10000,10,11,10,100,10,100,10,1000,10,100,101100,1000,1000000001000000,1000000000000000,10100,10000,100,10000,1000000000000,10000000000,1000000000000010000200
1101,1,221,1001,10001,10,111,10,100,10,100,10,10000,10000010,100,1000,10000,100000,100001,10,100,1000,100000000,1000000000,100000000100000000000,1000,10000,100010,10000000,10000100,1000,1000000100100
1,10,100,10000000000000000000000000000000000000000000000000,100000000,0000000000000000000000000000000000000000000000000000000000000000000000000000000000000000000000000000000000000000010000000011220201
111111111000,000000,00,,00,,0,12,1,1,2,1,210,10,100,10120210,100,10,100,1000,10000,10000000010000002000000000,10000000,1000,1000000,10000000,100000000000000000,100,100000000010,10010,1001002,10000020
1,10,100,1000,10000,100000,1000000,10000000,100000000,1000000000,10000000000,100000000000,1000000000000,10000000000000,100000000000000,1000000000000000,10000000000000000,100000000000000000000000000000
1,10,100,1000,10000,100000,1000000,10000000,100000000,1000000000,10000000000,100000000000,1000000000000,10000000000000,100000000000000,1000000000000000,10000000000000000,100000000000000000000000000000
1,100,1000,1000000,100000000,1000000000,10000000000,100000000000,1000000000000,10000000000000,100000000000000,10000000000000000000000,1000000000000000000000000000000001000000000000000000,1000001002010
11111111,,,12,2,2,101,10,1,1000,10,10,10,11,,10,00,100,1000,10000,10000000,100000000000000000010000000,100000000000000000000010,100000000,00100,1000,10000,1000000000,1000000002100,1000000010000000020
1111111110000,000,2,100010,10,10002100,10,100000,10000,1000000000,1000000,10000000,100000011000000000000000,0000000,100000,100000000001000000,1000000000,100000,1000000,1000000000010,100,10000,1002020
1,10,100,1000,100000000000000000,1000000000000000000,1000000000000000000000000000000000000010000000000000000000000000000000100000000000000000000000000000000000000000000000000000,10000000,1010,10020010
1,10,100,1000,10000,100000,1000000,10000000,100000000,1000000000,10000000000,100000000000,1000000000000,10000000000000,100000000000000,1000000000000000,10000000000000000,100000000000000000000000000000
1,100,1000000,10000000000000,1000000000000000000000000000,10000000000000000000000000000000000000000000000000000000000000,1000000000000000000000000000000000,1000000000000000,1000,1000000000,00001000210
1,10,100,1000,10000,100000,1000000,10000000,100000000,1000000000,10000000000,100000000000,1000000000000,10000000000000,100000000000000,1000000000000000,10000000000000000,100000000000000000000000000000
1,10,100,1000,10000,100000,1000000,10000000,100000000,1000000000,10000000000,100000000000,1000000000000,10000000000000,100000000000000,1000000000000000,10000000000000000,100000000000000000000000000000
1,10,100,1000,10000,100000,1000000,10000000,100000000,1000000000,10000000000,100000000000,1000000000000,10000000000000,100000000000000,1000000000000000,10000000000000000,100000000000000000000000000000
11,21,1001,10,100,1000,100,10000000010,1000,100000000010,100,1000,10000,1000100,10000,10000000000000000000000000000000000000000000101000000,100100000000000000000000,1000000,1000,10000,1000000000000001
1,10,100,1000,10000,100000,1000000,10000000,100000000,1000000000,10000000000,100000000000,1000000000000,10000000000000,100000000000000,1000000000000000,10000000000000000,100000000000000000000000000000
111111111,,,0,,,000000,0,,2,2,2,2,1,2,210,100,101021,1000,10000,100000,10000000000010000000010,100,1000,1000010,100,1000000001000000010010,100,101010,1110,1000000,100000,1000010,100,1000,100000002220
1,10,100,1000,10000,100000,1000000,10000000,100000000,1000000000,10000000000,100000000000,1000000000000,10000000000000,100000000000000,1000000000000000,10000000000000000,100000000000000000000000000000
11110,,21,11,10,10,100,100,1000,10001,10,100010,10210,100,1000,10000,100000,1000000,10000000000000,1000,100000000,1000000000,100000,1000000,100000000,10000100000,100000000010,100,1000,100000010200020
1,10,100,1000,10000,100000000001,10,100,1000,10000,1000000000001,10,100,1000,10000,100000,1000000,10000000,100000000,1000000000,10000000000000,10000001,1000,10000,100000000000001000,100000,10000000001
1,10,100,1000,10000,100000,1000000,10000000,100000000,1000000000,10000000000,100000000000,1000000000000,10000000000000,100000000000000,1000000000000000,10000000000000000,100000000000000000000000000000
99
n = 199
98
n = 200
97
n = 199
96
n = 200
95
n = 200
94
n = 199
93
n = 200
92
n = 200
91
n = 200
90
n = 199
89
n = 199
88
n = 200
87
n = 200
86
n = 200
85
n = 200
84
n = 199
83
n = 200
82
n = 199
81
n = 200
80
n = 200
79
n = 199
78
n = 199
77
n = 199
76
n = 200
75
n = 199
74
n = 199
73
n = 200
72
n = 199
71
n = 200
70
n = 200
69
n = 200
68
n = 199
67
n = 199
66
n = 200
65
n = 200
64
n = 200
63
n = 200
62
n = 200
61
n = 200
60
n = 200
59
n = 200
58
n = 199
57
n = 200
56
n = 199
55
n = 200
54
n = 200
53
n =1111111110,,000,000,00,2,2,21,1,2,210,1010,10,10,101000,0,100002210,100000,100000,1000000000000100000,1000000,10000000,100000000,1000000000000000000000000000000000000,100000001010,100,100000000002000
1,10,100,1000,10000,100000,1000000,10000000,100000000,1000000000,10000000000,100000000000,1000000000000,10000000000000,100000000000000,1000000000000000,10000000000000000,100000000000000000000000000000
1,10,100,1000,10000,100000,1000000,10000000,100000000,1000000000,10000000000,100000000000,1000000000000,10000000000000,100000000000000,1000000000000000,10000000000000000,100000000000000000000000000000
1101,11,10,1,10001,100,10010,100,100000,10,100,100000001,10,100,10000000000,1000,10,10000,1000000000000,100,1000000,10000,1000000000,100,10000000000000000000002010000100,1000,10000000,100000001000220
111111111,0000,0,0,,,2,1,1,21,100200,100,110,100,1000,100000000010000,10010120000000,1000000000,100000,1000000,1000000000000010,100,100000000010000,10,100,10000,1001000000020000,100000100,10000220200
1,10,100,1000,10000,100000,1000000,100000000,100000000000000000000000000000000000000000000000000,1000000000000000,10000000000000,100000000,1000,1000000000000000000000,100000000000000001100000,10020001
111111111000000000000,2,1,2,2,2,2,2,10,1000,100,1000,10000,100000000000,10000,100000,10000000000,1000000,100000000000000000000,10000,100000,1000000,1000000000000000000,10000,10000000000,100,101,10000
1,10,100,1000,10000,100000,1000000,10000000,100000000,1000000000,10000000000,100000000000,1000000000000,10000000000000,100000000000000,1000000000000000,10000000000000000,100000000000000000000000000000
1,10,100,1000,10000,100000,1000000,10000000,100000000,1000000000,10000000000,100000000000,1000000000000,10000000000000,100000000000000,1000000000000000,10000000000000000,100000000000000000000000000000
1,10,100,1000,10000,100000,1000000,10000000,100000000,1000000000,10000000000,100000000000,1000000000000,10000000000000,100000000000000,1000000000000000,10000000000000000,100000000000000000000000000000
1111,21,2,101,1001,100,1000,10,111,10,11,10,100,100000000010,10002000000000,100110,10000000000,1000,100000000,100000,100000000000000,10,100,1000,10000,100000,100000000000,1000000000000,10000000020020
1,10,100,1000,10000,100000,1000000,10000000,100000000,1000000000,10000000000,100000000000,1000000000000,10000000000000,100000000000000,1000000000000000,10000000000000000,100000000000000000000000000000
1,10,100,1000,10000,100000,1000000,10000000,100000000,1000000000,10000000000,100000000000,1000000000000,10000000000000,100000000000000,1000000000000000,10000000000000000,100000000000000000000000000000
1,10,100,1000,10000,100000,1000000,10000000,100000000,1000000000,10000000000,100000000000,1000000000000,10000000000000,100000000000000,1000000000000000,10000000000000000,100000000000000000000000000000
11111111,,,000,000,0,2,2,2,2,122,2,221,21,2,10,10,10,10,10,100,1000,1000,10,100,1000000,1000000,10000,10000000,100010,10000010,1000,100,1000000000100,1000000,100000000,1000000000,10000000020000002220
1111111,100000,2,2,2,2,2,2,10,10,100,1000,10,1000010,100,1000,10,100,1000,0010,11,10000010,100,1000000,1000000,1000000,,1000000,1000,10000,10000010000000000,1000,10000,1000001000,10000000000,10102220
1,10,100,1000,10000,100000,1000000,10000000,100000000,1000000000,10000000000,100000000000,1000000000000,10000000000000,100000000000000,1000000000000000,10000000000000000,100000000000000000000000000000
111111111,,,2202,1000010,100,1000,1000000000100,10100,100000,10000000000000,10000000,100000000,1000000000,100000000000000000000100000000001,100000000000000000000000000,10100000000,10110,1110,11020200
1,10,100,1000,10000,100000,1000000,10000000,100000000,1000000000,10000000000,100000000000,1000000000000,10000000000000,100000000000000,1000000000000000,10000000000000000,100000000000000000000000000000
11111111000,,00010,2,22,2,10,10,100,100,100,100,100100,100,1000,10,11,10,11,10,10000,10,100,1010,100,1000000,100,1000,10000,100000,1000000,10000000,10000000000000000200,10000,10000000000010,100100220
1,21,11,10,11,10,10010,100,1,10,100,10000100000000,1000,100,10000000001000,100000000000,100000000000000,100000,100,1000,100000000000000000000000000000000000000100,1010,1000000000000000,100000010000001
1,10,100,1000,10000,100000,1000000,10000000,10000000000000000000000000000000000000,1000000000000000,1000000000000000000000000000000,100000000000,10000000001000000000000000000,1000000001000,110011,2010
1,10,100,1000,10000,100000,1000000,10000000,100000000,1000000000,10000000000,100000000000,1000000000000,10000000000000,100000000000000,1000000000000000,10000000000000000,100000000000000000000000000000
1,10,100,1000,10000,100000,1000000,10000000,100000000,1000000000,10000000000,100000000000,1000000000000,10000000000000,100000000000000,1000000000000000,10000000000000000,100000000000000000000000000000
1,,1000000000000,100000000000000000000000000,1000000000000000000000000000,10000000000000000000000000000,10000000000000000000000000000000000000000002000000000000000000000000000000000000000010,100000201
1,10,100,1000,10000,100000,1000000,10000000,100000000,1000000000,10000000000,100000000000,1000000000000,10000000000000,100000000000000,1000000000000000,10000000000000000,100000000000000000000000000000
111111110010,,,0000,0,2,2,2,2,2,2,2,2,10,10,10,100,10,11,10,10,10,100,10,100,1010,1000,10011120000000010,100,10100,100,10000010,100010,100,1000,10000,100000,1000000010,100,1011,100,101100011202222220
1,10,100,1000,10000,100000,1000000,10000000,100000000,1000000000,10000000000,100000000000,1000000000000,10000000000000,100000000000000,1000000000000000,10000000000000000,100000000000000000000000000000
1,10,100,1000,10000,100000,1000000,10000000,100000000,1000000000,10000000000,100000000000,1000000000000,10000000000000,100000000000000,1000000000000000,10000000000000000,100000000000000000000000000000
1,10,100,1000,10000,100000,1000000,10000000,100000000,1000000000,10000000000,100000000000,1000000000000,10000000000000,100000000000000,1000000000000000,10000000000000000,100000000000000000000000000000
1,10,11,10,10000001,10,100,1000,10000,100000,1000000000000000000,10000,1000000,100000000000,100000000000010,10000010,100,10000000,1000000000000000100,100000,10000000000000000,10000,100000000000,100001
1,10,100,1000,10000,100000,1000000,10000000,100000000,1000000000,10000000000,100000000000,1000000000000,10000000000000,100000000000000,1000000000000000,10000000000000000,100000000000000000000000000000
1,10,100,1000,10000,100000,1000000,10000000,100000000,1000000000,10000000000,100000000000,1000000000000,10000000000000,100000000000000,1000000000000000,10000000000000000,100000000000000000000000000000
1,10,100,1000,10000,100000,1000000,10000000,100000000,1000000000,10000000000,100000000000,1000000000000,10000000000000,100000000000000,1000000000000000,10000000000000000,100000000000000000000000000000
1,10,100,1000,10000,100000,1000000,10000000,100000000,1000000000,10000000000,100000000000,1000000000000,10000000000000,100000000000000,1000000000000000,10000000000000000,100000000000000000000000000000
1,10,100,1000,10000,100000,1000000,10000000,100000000,1000000000,10000000000,100000000000,1000000000000,10000000000000,100000000000000,1000000000000000,10000000000000000,100000000000000000000000000000
1,10,100,1000,10000,100000,1000000,10000000,100000000,1000000000,10000000000,100000000000,1000000000000,10000000000000,100000000000000,1000000000000000,10000000000000000,100000000000000000000000000000
1,10,100,1000,10000,100000,1000000,10000000,100000000,1000000000,10000000000,100000000000,1000000000000,10000000000000,100000000000000,1000000000000000,10000000000000000,100000000000000000000000000000
1,10,100,1000,10000,100000,1000000,10000000,100000000,1000000000,10000000000,100000000000,1000000000000,10000000000000,100000000000000,1000000000000000,10000000000000000,100000000000000000000000000000
1,10,100,1000,10000,100000,1000000,10000000,100000000,1000000000,10000000000,100000000000,1000000000000,10000000000000,100000000000000,1000000000000000,10000000000000000,100000000000000000000000000000
1,10,100,1000,10000,100000,1000000,10000000,100000000,1000000000,10000000000,100000000000,1000000000000,10000000000000,100000000000000,1000000000000000,10000000000000000,100000000000000000000000000000
1,1000000,10000011,10,100,1000,10000,1000000,10000000,10000001,10,100,1000,10000,100000,1000000,10000000,10000000000000000,100000000000000000000,10000000000000000000000,100010010101011,000000100021001
1,10001,10,100,1000,10000,100000,1000000,10000000,1000000001,10,100,1000,1000000,100000000000,1000000000000,1000000000000000000000000,10000000,100000000000100000000000000,10,10000,1000,100100100000001
1010,2,10,100,10,1000001,10,100,1000,10000,100000,10000001,10,100,1000,10000,100000000,100000000001000000,00,1000000,1000000000010000000000000000000,10000000000000001000000110000000000011000001000100
1111111001010,2,2,2,2,2,2,2,2,22,10,10,10,10,10,100,100,100,10,1,1000,10,100002,100,1000,10000,100000,1000000,1000000000000000000,1000,10000,100000,100000020,100,1000,1000000000,100000000,100001,1000
1,10,100,1000,10000,100000,1000000,10000000,100000000,1000000000,10000000000,100000000000,1000000000000,10000000000000,100000000000000,1000000000000000,10000000000000000,100000000000000000000000000000
1111111,,010,00100,000,,2,2,22,100,0210,10010000,,100,10,100,1000210010,100,1000,100000,1000,1000010,10000000000,10000010,1110000210,100,1000,10000,100000000000,1000,1000000000,1000000,100,1010000200
 199
52
n = 200
51
n = 200
50
n = 199
49
n = 199
48
n = 200
47
n = 199
46
n = 200
45
n = 200
44
n = 200
43
n = 199
42
n = 200
41
n = 200
40
n = 200
39
n = 199
38
n = 199
37
n = 200
36
n = 199
35
n = 200
34
n = 199
33
n = 200
32
n = 200
31
n = 200
30
n = 200
29
n = 200
28
n = 200
27
n = 199
26
n = 200
25
n = 200
24
n = 200
23
n = 200
22
n = 200
21
n = 200
20
n = 200
19
n = 200
18
n = 200
17
n = 200
16
n = 200
15
n = 200
14
n = 200
13
n = 200
12
n = 200
11
n = 200
10
n = 199
9
n = 199
8
n = 200
7
n = 199
6
n 1,10,100,1000,10000,100000,1000000,10000000,100000000,1000000000,10000000000,100000000000,1000000000000,10000000000000,100000000000000,1000000000000000,10000000000000000,100000000000000000000000000000
1,10,100,1000,10000,100000,1000000,10000000,100000000,1000000000,10000000000,100000000000,100000000000000000000000000,100000000,1000000000000000000000000000,100000,1000000000000000,1000001000000000210
1,10,100,1000,10000,100000,1000000,10000000,100000000,1000000000,10000000000,100000000000,1000000000000,10000000000000,100000000000000,1000000000000000,10000000000000000,100000000000000000000000000000
1,10,100,1000,10000,100000,1000000,10000000,100000000,1000000000,10000000000,100000000000,1000000000000,10000000000000,100000000000000,1000000000000000,10000000000000000,100000000000000000000000000000
11111100010,1,,2,21,1,10,10100,100000,100020,10000000100,1000,10000,100000,1000000,10000000,100000000000,1000,10000,100000,1000000,1000000000000000000,10000,100000000,10000,10000,100000000000020,1000
1,10,100,1000,10000,100000,1000000,10000000,100000000,1000000000,10000000000,100000000000,1000000000000,10000000000000,100000000000000000000000000,10000000000000000000000100000000100000100000000000010
1,10,100,1000,10000,100000,1000000,10000000,100000000,1000000000,10000000000,100000000000,1000000000000,10000000000000,100000000000000,1000000000000000,10000000000000000,100000000000000000000000000000
= 200
5
n = 200
4
n = 200
3
n = 200
2
n = 199
1
n = 200
0
n = 200
