1,10,100,1000,10000,100000,1000000,10000000,100000000,1000000000,10000000000,100000000000,1000000000000,10000000000000,100000000000000,1000000000000000,10000000000000000,100000000000000000000000000000
1,10,100,1000,10000,100000,1000000,10000000,100000000,1000000000,10000000000,100000000000,1000000000000,10000000000000,100000000000000,1000000000000000,10000000000000000,100000000000000000000000000000
1,10,100,1000,10000,100000,1000000,10000000,100000000,1000000000,10000000000,100000000000,1000000000000,10000000000000,100000000000000,1000000000000000,10000000000000000,100000000000000000000000000000
1,10,100,1000,10000,100000,1000000,10000000,100000000,1000000000,10000000000,100000000000,1000000000000,10000000000000,100000000000000,1000000000000000,10000000000000000,100000000000000000000000000000
1,10,100,1000,10000,100000,1000000,10000000,100000000,1000000000,10000000000,100000000000,1000000000000,10000000000000,100000000000000,1000000000000000,10000000000000000,100000000000000000000000000000
1,10,100,1000,10000,100000,1000000,10000000,100000000,1000000000,10000000000,100000000000,1000000000000,10000000000000,100000000000000,1000000000000000,10000000000000000,100000000000000000000000000000
1,10,100,1000,10000,100000,1000000,10000000,100000000,1000000000,10000000000,100000000000,1000000000000,10000000000000,100000000000000,1000000000000000,10000000000000000,100000000000000000000000000000
111111111,,0,00,02,100,10110000,1000,10000,1000000,10000000,1000000010,100,1000,100000000000,10000,10001,1000000000000000000000000,1000000000000000010,1000,100,1000,1000000010000000000,100000010,1000
1,10,100,1000,10000,100000,1000000,10000000,100000000,1000000000,10000000000,100000000000,1000000000000,10000000000000,100000000000000,1000000000000000,10000000000000000,100000000000000000000000000000
11111111100000,,2,2,10,100,1000,10000,100000,1000000,100000000000,10000000000,10000000000000000000,1000000,10000000,100000000000000,00000000000,100,1000,10000,100000,1000000,1000000000000000010,11220
1,10,100,1000,10000,100000,1000000,10000000,100000000,1000000000,10000000000,100000000000,1000000000000,10000000000000,100000000000000,1000000000000000,10000000000000000,100000000000000000000000000000
1,10,100,1000,10000,100000,1000000,10000000,100000000,1000000000,10000000000,100000000000,1000000000000,10000000000000,100000000000000,1000000000000000,10000000000000000,100000000000000000000000000000
1,10,100,1000,10000,100000,1000000,10000000,100000000,1000000000,10000000000,100000000000,1000000000000,10000000000000,100000000000000,1000000000000000,10000000000000000,100000000000000000000000000000
1,10,100,1000,10000,100000,1000000,10000000,100000000,1000000000,10000000000,100000000000,1000000000000,10000000000000,100000000000000,1000000000000000,10000000000000000,100000000000000000000000000000
1,10,100,1000,10000,100000,1000000,10000000,100000000,1000000000,10000000000,100000000000,1000000000000,10000000000000,100000000000000,1000000000000000,10000000000000000,100000000000000000000000000000
1,10,100,1000,10000,100000,1000000,10000000,100000000,1000000000,10000000000,100000000000,1000000000000,10000000000000,100000000000000,1000000000000000,10000000000000000,100000000000000000000000000000
1,10,100,1000,10000,100000,1000000,10000000,100000000,1000000000,10000000000,100000000000,1000000000000,10000000000000,100000000000000,1000000000000000,10000000000000000,100000000000000000000000000000
1,10,100,1000,10000,100000,1000000,10000000,100000000,1000000000,10000000000,100000000000,1000000000000,10000000000000,100000000000000,1000000000000000,10000000000000000,100000000000000000000000000000
1,10,100,1000,10000,100000,1000000,10000000,100000000,1000000000,10000000000,100000000000,1000000000000,10000000000000,100000000000000,1000000000000000,10000000000000000,100000000000000000000000000000
1,10,100,1000,10000,100000,1000000,10000000,100000000,1000000000,10000000000,100000000000,1000000000000,10000000000000,100000000000000,1000000000000000,10000000000000000,100000000000000000000000000000
1,10,100,1000,10000,100000,1000000,10000000,100000000,1000000000,10000000000,100000000000,1000000000000,10000000000000,100000000000000,1000000000000000,10000000000000000,100000000000000000000000000000
1,10,100,1000,10000,100000,1000000,10000000,100000000,1000000000,10000000000,100000000000,1000000000000,10000000000000,100000000000000,1000000000000000,10000000000000000,100000000000000000000000000000
1,10,100,1000,10000,100000,1000000,10000000,100000000,1000000000,10000000000,100000000000,1000000000000,10000000000000,100000000000000,1000000000000000,10000000000000000,100000000000000000000000000000
1,10,100,1000,10000,100000,1000000,10000000,100000000,1000000000,10000000000,100000000000,1000000000000,10000000000000,100000000000000,1000000000000000,10000000000000000,100000000000000000000000000000
1,10,100,1000,10000,100000,1000000,10000000,100000000,1000000000,10000000000,100000000000,1000000000000,10000000000000,100000000000000,1000000000000000,10000000000000000,100000000000000000000000000000
1,10,100,1000,10000,100000,1000000,10000000,100000000,1000000000,10000000000,100000000000,1000000000000,10000000000000,100000000000000,1000000000000000,10000000000000000,100000000000000000000000000000
1,10,100,1000,10000,100000,1000000,10000000,100000000,1000000000,10000000000,100000000000,1000000000000,10000000000000,100000000000000,1000000000000000,10000000000000000,100000000000000000000000000000
1,10,100,1000,10000,100000,1000000,10000000,100000000,1000000000,10000000000,100000000000,1000000000000,10000000000000,100000000000000,1000000000000000,10000000000000000,100000000000000000000000000000
1,10,100,1000,10000,100000,1000000,10000000,100000000,1000000000,10000000000,100000000000,1000000000000,10000000000000,100000000000000,1000000000000000,10000000000000000,100000000000000000000000000000
1,10,100,1000,10000,100000,1000000,10000000,100000000,1000000000,10000000000,100000000000,1000000000000,10000000000000,100000000000000,1000000000000000,10000000000000000,100000000000000000000000000000
1,10,100,1000,10000,100000,1000000,10000000,100000000,1000000000,10000000000,100000000000,1000000000000,10000000000000,100000000000000,1000000000000000,10000000000000000,100000000000000000000000000000
1,10,100,1000,10000,100000,1000000,10000000,100000000,1000000000,10000000000,100000000000,1000000000000,10000000000000,100000000000000,1000000000000000,10000000000000000,100000000000000000000000000000
1,10,100,1000,10000,100000,1000000,10000000,100000000,1000000000,10000000000,100000000000,1000000000000,10000000000000,100000000000000,1000000000000000,10000000000000000,100000000000000000000000000000
1,10,100,1000,10000,100000,1000000,10000000,100000000,1000000000,10000000000,100000000000,1000000000000,10000000000000,100000000000000,1000000000000000,10000000000000000,100000000000000000000000000000
1,10,100,1000,10000,100000,1000000,10000000,100000000,1000000000,10000000000,100000000000,1000000000000,10000000000000,100000000000000,1000000000000000,10000000000000000,100000000000000000000000000000
1,10,100,1000,10000,100000,1000000,10000000,100000000,1000000000,10000000000,100000000000,1000000000000,10000000000000,100000000000000,1000000000000000,10000000000000000,100000000000000000000000000000
1,10,100,1000,10000,100000,1000000,10000000,100000000,1000000000,10000000000,100000000000,1000000000000,10000000000000,100000000000000,1000000000000000,10000000000000000,100000000000000000000000000000
1,10,100,1000,10000,100000,1000000,10000000,100000000,1000000000,10000000000,100000000000,1000000000000,10000000000000,100000000000000,1000000000000000,10000000000000000,100000000000000000000000000000
1,10,100,1000,10000,100000,1000000,10000000,100000000,1000000000,10000000000,100000000000,1000000000000,10000000000000,100000000000000,1000000000000000,10000000000000000,100000000000000000000000000000
1,10,100,1000,10000,100000,1000000,10000000,100000000,1000000000,10000000000,100000000000,1000000000000,10000000000000,100000000000000,1000000000000000,10000000000000000,100000000000000000000000000000
1,10,100,1000,10000,100000,1000000,10000000,100000000,1000000000,10000000000,100000000000,1000000000000,10000000000000,100000000000000,1000000000000000,10000000000000000,100000000000000000000000000000
1,10,100,1000,10000,100000,1000000,10000000,100000000,1000000000,10000000000,100000000000,1000000000000,10000000000000,100000000000000,1000000000000000,10000000000000000,100000000000000000000000000000
1,10,100,1000,10000,100000,1000000,10000000,100000000,1000000000,10000000000,100000000000,1000000000000,10000000000000,100000000000000,1000000000000000,10000000000000000,100000000000000000000000000000
1,10,100,1000,10000,100000,1000000,10000000,100000000,1000000000,10000000000,100000000000,1000000000000,10000000000000,100000000000000,1000000000000000,10000000000000000,100000000000000000000000000000
1,10,100,1000,10000,100000,1000000,10000000,100000000,1000000000,10000000000,100000000000,1000000000000,10000000000000,100000000000000,1000000000000000,10000000000000000,100000000000000000000000000000
1,10,100,1000,10000,100000,1000000,10000000,100000000,1000000000,10000000000,100000000000,1000000000000,10000000000000,100000000000000,1000000000000000,10000000000000000,100000000000000000000000000000
99
n = 200
98
n = 200
97
n = 200
96
n = 200
95
n = 200
94
n = 200
93
n = 200
92
n = 199
91
n = 200
90
n = 199
89
n = 200
88
n = 200
87
n = 200
86
n = 200
85
n = 200
84
n = 200
83
n = 200
82
n = 200
81
n = 200
80
n = 200
79
n = 200
78
n = 200
77
n = 200
76
n = 200
75
n = 200
74
n = 200
73
n = 200
72
n = 200
71
n = 200
70
n = 200
69
n = 200
68
n = 200
67
n = 200
66
n = 200
65
n = 200
64
n = 200
63
n = 200
62
n = 200
61
n = 200
60
n = 200
59
n = 200
58
n = 200
57
n = 200
56
n = 200
55
n = 200
54
n = 200
53
n =1,10,100,1000,10000,100000,1000000,10000000,100000000,1000000000,10000000000,100000000000,1000000000000,10000000000000,100000000000000,1000000000000000,10000000000000000,100000000000000000000000000000
1,10,100,1000,10000,100000,1000000,10000000,100000000,1000000000,10000000000,100000000000,1000000000000,10000000000000,100000000000000,1000000000000000,10000000000000000,100000000000000000000000000000
1,10,100,1000,10000,100000,1000000,10000000,100000000,1000000000,10000000000,100000000000,1000000000000,10000000000000,100000000000000,1000000000000000,10000000000000000,100000000000000000000000000000
1,10,100,1000,10000,100000,1000000,10000000,100000000,1000000000,10000000000,100000000000,1000000000000,10000000000000,100000000000000,1000000000000000,10000000000000000,100000000000000000000000000000
1,10,100,1000,10000,100000,1000000,10000000,100000000,1000000000,10000000000,100000000000,1000000000000,10000000000000,100000000000000,1000000000000000,10000000000000000,100000000000000000000000000000
1,10,100,1000,10000,100000,1000000,10000000,100000000,1000000000,10000000000,100000000000,1000000000000,10000000000000,100000000000000,1000000000000000,10000000000000000,100000000000000000000000000000
1,10,100,1000,10000,100000,1000000,10000000,100000000,1000000000,10000000000,100000000000,1000000000000,10000000000000,100000000000000,1000000000000000,10000000000000000,100000000000000000000000000000
1,10,100,1000,10000,100000,1000000,10000000,100000000,1000000000,10000000000,100000000000,1000000000000,10000000000000,100000000000000,1000000000000000,10000000000000000,100000000000000000000000000000
1,10,100,1000,10000,100000,1000000,10000000,100000000,1000000000,10000000000,100000000000,1000000000000,10000000000000,100000000000000,1000000000000000,10000000000000000,100000000000000000000000000000
1,10,100,1000,10000,100000,1000000,10000000,100000000,1000000000,10000000000,100000000000,1000000000000,10000000000000,100000000000000,1000000000000000,10000000000000000,100000000000000000000000000000
1,10,100,1000,10000,100000,1000000,10000000,100000000,1000000000,10000000000,100000000000,1000000000000,10000000000000,100000000000000,1000000000000000,10000000000000000,100000000000000000000000000000
1,10,100,1000,10000,100000,1000000,10000000,100000000,1000000000,10000000000,100000000000,1000000000000,10000000000000,100000000000000,1000000000000000,10000000000000000,100000000000000000000000000000
1,10,100,1000,10000,100000,1000000,10000000,100000000,1000000000,10000000000,100000000000,1000000000000,10000000000000,100000000000000,1000000000000000,10000000000000000,100000000000000000000000000000
1,10,100,1000,10000,100000,1000000,10000000,100000000,1000000000,10000000000,100000000000,1000000000000,10000000000000,100000000000000,1000000000000000,10000000000000000,100000000000000000000000000000
1,10,100,1000,10000,100000,1000000,10000000,100000000,1000000000,10000000000,100000000000,1000000000000,10000000000000,100000000000000,1000000000000000,10000000000000000,100000000000000000000000000000
1,10,100,1000,10000,100000,1000000,10000000,100000000,1000000000,10000000000,100000000000,1000000000000,10000000000000,100000000000000,1000000000000000,10000000000000000,100000000000000000000000000000
1,10,100,1000,10000,100000,1000000,10000000,100000000,1000000000,10000000000,100000000000,1000000000000,10000000000000,100000000000000,1000000000000000,10000000000000000,100000000000000000000000000000
1,10,100,1000,10000,100000,1000000,10000000,100000000,1000000000,10000000000,100000000000,1000000000000,10000000000000,100000000000000,1000000000000000,10000000000000000,100000000000000000000000000000
1,10,100,1000,10000,100000,1000000,10000000,100000000,1000000000,10000000000,100000000000,1000000000000,10000000000000,100000000000000,1000000000000000,10000000000000000,100000000000000000000000000000
1,10,100,1000,10000,100000,1000000,10000000,100000000,1000000000,10000000000,100000000000,1000000000000,10000000000000,100000000000000,1000000000000000,10000000000000000,100000000000000000000000000000
1,10,100,1000,10000,100000,1000000,10000000,100000000,1000000000,10000000000,100000000000,1000000000000,10000000000000,100000000000000,1000000000000000,10000000000000000,100000000000000000000000000000
1,10,100,1000,10000,100000,1000000,10000000,100000000,1000000000,10000000000,100000000000,1000000000000,10000000000000,100000000000000,1000000000000000,10000000000000000,100000000000000000000000000000
1,10,100,1000,10000,100000,1000000,10000000,100000000,1000000000,10000000000,100000000000,1000000000000,10000000000000,100000000000000,1000000000000000,10000000000000000,100000000000000000000000000000
1,10,100,1000,10000,100000,1000000,10000000,100000000,1000000000,10000000000,100000000000,1000000000000,10000000000000,100000000000000,1000000000000000,10000000000000000,100000000000000000000000000000
1,10,100,1000,10000,100000,1000000,10000000,100000000,1000000000,10000000000,100000000000,1000000000000,10000000000000,100000000000000,1000000000000000,10000000000000000,100000000000000000000000000000
1,10,100,1000,10000,100000,1000000,10000000,100000000,1000000000,10000000000,100000000000,1000000000000,10000000000000,100000000000000,1000000000000000,10000000000000000,100000000000000000000000000000
1,10,100,1000,10000,100000,1000000,10000000,100000000,1000000000,10000000000,100000000000,1000000000000,10000000000000,100000000000000,1000000000000000,10000000000000000,100000000000000000000000000000
1,10,100,1000,10000,100000,1000000,10000000,100000000,1000000000,10000000000,100000000000,1000000000000,10000000000000,100000000000000,1000000000000000,10000000000000000,100000000000000000000000000000
1,10,100,1000,10000,100000,1000000,10000000,100000000,1000000000,10000000000,100000000000,1000000000000,10000000000000,100000000000000,1000000000000000,10000000000000000,100000000000000000000000000000
1,10,100,1000,10000,100000,1000000,10000000,100000000,1000000000,10000000000,100000000000,1000000000000,10000000000000,100000000000000,1000000000000000,10000000000000000,100000000000000000000000000000
1,10,100,1000,10000,100000,1000000,10000000,100000000,1000000000,10000000000,100000000000,1000000000000,10000000000000,100000000000000,1000000000000000,10000000000000000,100000000000000000000000000000
1,10,100,1000,10000,100000,1000000,10000000,100000000,1000000000,10000000000,100000000000,1000000000000,10000000000000,100000000000000,1000000000000000,10000000000000000,100000000000000000000000000000
1,10,100,1000,10000,100000,1000000,10000000,100000000,1000000000,10000000000,100000000000,1000000000000,10000000000000,100000000000000,1000000000000000,10000000000000000,100000000000000000000000000000
1,10,100,1000,10000,100000,1000000,10000000,100000000,1000000000,10000000000,100000000000,1000000000000,10000000000000,100000000000000,1000000000000000,10000000000000000,100000000000000000000000000000
1,10,100,1000,10000,100000,1000000,10000000,100000000,1000000000,10000000000,100000000000,1000000000000,10000000000000,100000000000000,1000000000000000,10000000000000000,100000000000000000000000000000
1,10,100,1000,10000,100000,1000000,10000000,100000000,1000000000,10000000000,100000000000,1000000000000,10000000000000,100000000000000,1000000000000000,10000000000000000,100000000000000000000000000000
1,10,100,1000,10000,100000,1000000,10000000,100000000,1000000000,10000000000,100000000000,1000000000000,10000000000000,100000000000000,1000000000000000,10000000000000000,100000000000000000000000000000
1,10,100,1000,10000,100000,1000000,10000000,100000000,1000000000,10000000000,100000000000,1000000000000,10000000000000,100000000000000,1000000000000000,10000000000000000,100000000000000000000000000000
1,10,100,1000,10000,100000,1000000,10000000,100000000,1000000000,10000000000,100000000000,1000000000000,10000000000000,100000000000000,1000000000000000,10000000000000000,100000000000000000000000000000
1,10,100,1000,10000,100000,1000000,10000000,100000000,1000000000,10000000000,100000000000,1000000000000,10000000000000,100000000000000,1000000000000000,10000000000000000,100000000000000000000000000000
1,10,100,1000,10000,100000,1000000,10000000,100000000,1000000000,10000000000,100000000000,1000000000000,10000000000000,100000000000000,1000000000000000,10000000000000000,100000000000000000000000000000
1,10,100,1000,10000,100000,1000000,10000000,100000000,1000000000,10000000000,100000000000,1000000000000,10000000000000,100000000000000,1000000000000000,10000000000000000,100000000000000000000000000000
1,10,100,1000,10000,100000,1000000,10000000,100000000,1000000000,10000000000,100000000000,1000000000000,10000000000000,100000000000000,1000000000000000,10000000000000000,100000000000000000000000000000
1,10,100,1000,10000,100000,1000000,10000000,100000000,1000000000,10000000000,100000000000,1000000000000,10000000000000,100000000000000,1000000000000000,10000000000000000,100000000000000000000000000000
1,10,100,1000,10000,100000,1000000,10000000,100000000,1000000000,10000000000,100000000000,1000000000000,10000000000000,100000000000000,1000000000000000,10000000000000000,100000000000000000000000000000
1,10,100,1000,10000,100000,1000000,10000000,100000000,1000000000,10000000000,100000000000,1000000000000,10000000000000,100000000000000,1000000000000000,10000000000000000,100000000000000000000000000000
1,10,100,1000,10000,100000,1000000,10000000,100000000,1000000000,10000000000,100000000000,1000000000000,10000000000000,100000000000000,1000000000000000,10000000000000000,100000000000000000000000000000
 200
52
n = 200
51
n = 200
50
n = 200
49
n = 200
48
n = 200
47
n = 200
46
n = 200
45
n = 200
44
n = 200
43
n = 200
42
n = 200
41
n = 200
40
n = 200
39
n = 200
38
n = 200
37
n = 200
36
n = 200
35
n = 200
34
n = 200
33
n = 200
32
n = 200
31
n = 200
30
n = 200
29
n = 200
28
n = 200
27
n = 200
26
n = 200
25
n = 200
24
n = 200
23
n = 200
22
n = 200
21
n = 200
20
n = 200
19
n = 200
18
n = 200
17
n = 200
16
n = 200
15
n = 200
14
n = 200
13
n = 200
12
n = 200
11
n = 200
10
n = 200
9
n = 200
8
n = 200
7
n = 200
6
n 1,10,100,1000,10000,100000,1000000,10000000,100000000,1000000000,10000000000,100000000000,1000000000000,10000000000000,100000000000000,1000000000000000,10000000000000000,100000000000000000000000000000
1,10,100,1000,10000,100000,1000000,10000000,100000000,1000000000,10000000000,100000000000,1000000000000,10000000000000,100000000000000,1000000000000000,10000000000000000,100000000000000000000000000000
1,10,100,1000,10000,100000,1000000,10000000,100000000,1000000000,10000000000,100000000000,1000000000000,10000000000000,100000000000000,1000000000000000,10000000000000000,100000000000000000000000000000
1,10,100,1000,10000,100000,1000000,10000000,100000000,1000000000,10000000000,100000000000,1000000000000,10000000000000,100000000000000,1000000000000000,10000000000000000,100000000000000000000000000000
1,10,100,1000,10000,100000,1000000,10000000,100000000,1000000000,10000000000,100000000000,1000000000000,10000000000000,100000000000000,1000000000000000,10000000000000000,100000000000000000000000000000
1,10,100,1000,10000,100000,1000000,10000000,100000000,1000000000,10000000000,100000000000,1000000000000,10000000000000,100000000000000,1000000000000000,10000000000000000,100000000000000000000000000000
1,10,100,1000,10000,100000,1000000,10000000,100000000,1000000000,10000000000,100000000000,1000000000000,10000000000000,100000000000000,1000000000000000,10000000000000000,100000000000000000000000000000
= 200
5
n = 200
4
n = 200
3
n = 200
2
n = 200
1
n = 200
0
n = 200
