711146921004004000,100,51,506,75001456,53481107007,512323,8801006,15093020,8087544,4082,9510,10278,13213,72880545,235120032,10300,91100018,97652,206994,801299646,3338591110,70072,406040204,1561749007
2738416906001897869,80120594017030,230379050904471870,210,6,170,47720,29931,8180,11904,51450,900160320,690009166,215,640,888,707018000,301646003,11350000504,6015,44034,70440,824406,60120275,866,14340
1,4,7,9,23,26,80,145,36220,354256,632387,699096,791775,12916175,3830415845,22016790639,284775504202,5289975649885777306033413270,3948903217767,6644355411190973181641,8140304,842932,95,1249,167808,6264
211183161,006,,5,2,2797,1,2740,166081,12,4,51001000,1000,4001020,5,507160804,2009410,10091,6,8,9,1000,5303,1002,18010303,703080,800300,100760644095,8009202,8542790,100020005001304,0,14,15315308300943
111111111,002230050905,82001,419,2,109000,80628,409303,1900,10000070,78170,2001801705,20000002,8,10,10400,1902006200,29019000290109,3700000,370447019030,1776003,17820073020,36000070,12700,104,3000320
4,9,24,49,53,57,72,343,649,3995,4181,7115,35130,72926,426195,2305210,143484490,1052072247629,69310930145585,2253342965330384,6241468766182876,74721019420627429955594149,6745110833442882619059106692053
2,7,8,16,17,34,37,54,233,255,308,907,970,1977,2450,4314,10070,14108,16393,73056,81156,85335,90510,936678,4889201,8090750,10227445,269082026,483358877,559985773,26255746614,4443070008946,64026816631417
1,4,5,7,8,9,13,32,35,57,82,92,3200,9063,40877,43081,107450,520085,1705039657,14390083009090,781023429,45001,77603,216517,700050,1439105,16013608,4471704070,501,31708,87657,855,577,491451444789,7312363
19182745866621770001026898001315340635,84589,100,764244214029590912402,500,119,5,6,667508740,46589,1463,14926,9218,180409,54,95,503,48032,602283,6776,12002,114573,465060,8067405,132500,667,4659600541
1,2,6,7,8,107,170,2524,2525,20200,28940,78009,113038,115084,21008061,109221420,1005904607,1400022225,3065086082,8706000440600704017400325810090,3201170,3205050960,1004003,380075,105,16059,185220,11301
1,2,3,8,34,900,1009,3705,4000,4100,892002,894002,930100,1000087,1700214,1276401790,35069083298,50400000095,873835745000,1010065202090,8504020000030,1590604250050267016,96100080002000870600003607008701
4158116215,028360,7100,72615,4852,7692881670,593013,713957,163410154,39306,534687,3002040,7412,87597,150604,13073048080,819,7280072,140650589500,1480297,9646333,565204911143527,9017522077501200027065
4,7,8,260,286,3000,47738,124841,7630979,117904004,830600507,1284712609,7480090639,10887863607,4481672220060631115,5079979700700080071223,9860290300403514210217,1805909103113330091336040201491239721657
11181671323829300,870073,219000,755,1023,17790,30010,3000607,73099,200,59950305600,14901,1307,1332539,73009,18530608,522070712300086656,18900,200705702,165607101,730,40100070711,1040,7000139670004084
1,2,3,69,70,100,118,1000,10007,102800,300500,3050100,3053000,3130800,10000302,10000800,1007006204800,8800600492406,100080002098000300,1000000010000900058,500081046500000080000,300000008008008192000010
11111161106,159,1000,80,210208160,30090,1008,1009500003,108000680,100000,11,4880,20040,1100090000,90000100,18000,20070,12,5600,1009,140000030,20600000,9400,780000034,10043,10049080,560503,73505061176
1,2,10,4604,4953,4954,90320,100002,1002003,40860113,90000010,204099009,909070000,1030002032,30740008000,69000689393,1400143000007300,28030000193020008701,7079100000009002000700,15070450089580500082000
6577725371,3654209652,3785,10,26,97,49,92,3477360,839358466,9883,6803198,9,90,7583,712092686735475648997471802388236,6386,85540,117,6802,14424,25053091943978186132446483,476829,154027010,7984621334654
40,126,35054,3007607,1027000775,9000807660057,14900408813600,870599003030268,6565701100230254,1000300036610009559080003207740,770009144725110270160250772046626,1691200001840767300070706380544503670840
1,2,3,4,5,6,7,8,9,10,12,70,76,158,300,1209,1703,1730,10700,15600,1310410,15570000,15577655,16250020,84049001,1012510876,90050000053,100900173500,370050003070,460000001002,4070010066000,475000070000800
1,2,3,8,14,15,109,110,8067,8500,17052,60064,65011,900565,1095310,14030000,49069121,2000006210,2990340601,6095686850,125100205040500,94401200005701000,300006001018000030053005,1607010100106100000190404
8579870,94280992,1059735557,313029888787891273285483686103915437547335216563883,842802645238994640693117863361717128302027118502561094,27003832913318450821208245076913936219622180948902344188907508093
9614821736241280349116319526846915595826,22575,441,930,1426,5408,7004180,840,37269,76,701,653042570060836290,8009,50337,74454206,84004,403736,888094673313,1904578,246,305,419,788,242589266,3355060708
2,59,1794139,5996760234492,265960299032148497488204009,448527233275310044503243080740877759073100650859409955,173340337022002094581106239220901588511445740196564693526460850105959203797200976556000844
1,2,3,4,5,6,7,8,12,13,22,30,33,34,38,39,46,70,80,81,82,90,204,205,600,660,666,1075,5005,5084,5114,5800,6660,60409,100770,1083003080,105300000093,1010100010707,1409740000696,100000041740001600769209090
1,3,4,5,6,7,8,9,15,22,30,249,438,701,2540,3316,10614,40285,188244,680002,772200,4049078,4700870,89386366,1709008303,2210097038,6931061928,10016192000,49202371101,3076600890009,908500801049351907500140
191181511,700170050,0052278101,911530,60011,5,16440,1010026,1018,49270,952777,13030,8400,16000,1100,10048004,4024004,10022,19001,100000233801,99004056,150000,630023,700777,4520000,2196008000041003400
11118110,01000150079,1,96805,5,100110050404,21,10,14,233,501,18,90,5000,50,2,9,991,1002,1053,6,9,10230069,2070,4500,2700020,3300982,28000,200400,1909000,1520,110000,801280,199292476050,10603430008300
1160150705015,7878,10405,10014,905122160,16059800063,9,4770017,4307,10,80,8702,664,1053,72,60900,3800,20005,27037,27900,1476074,1130090,240400307900,90800,136851960000,1200900,982001330,355,900484879
5,160,17530,8000007,1008800011,750024550400,1000700454000,1003000004000900382070,1066010620100000000000000600260120003,5050000000008006000600800071100061000,1904030903440000030040010020070680304000090
1,4,5,6,7,8,9,13,14,60,66,73,74,101,102,103,104,105,115,1000,1001,5000,5601,5602,5703,12000,18000,66040,66041,300000,508000,1500500,10533000,10533020,8090803020,10020010810,1050900200740,1051400201471
51780640270001,19700201945003,9970020,2,80,50093,820,900020,187021,17017,3130119,487501,373,3164300,9007,70650,670200,7239006,1086600,683090,90400,290424,90255,5210,5079,15793,1805210,130604,42,17767
1,2,17,1409,5200,10133,1003001008880,10050000095007930100304,68,7202091370,80040,86056,310700,310701,1004098,8000182,30860000,30943710,80000009,1000000083200090050019,1100062722001,80,70810,40,1200209
61517119,0,10,,8540,,7,01,70030,877,2,10,80600210000019015567,108,50078,10010,150006,10000,6000400,13407,170005018,1485809052090,91000,1006400086,109861,114150,1050059,14368006,60800000,1300000959050
1,2,3,4,5,6,7,8,9,10,21,22,24,29,60,69,80,940,941,1590,1660,2016,2400,5004,5070,5600,10597,49000,49500,49501,453002,456000,3500358,7000040,15070040,100750000,2000800402,50000400600,1004002097209095739
1,100,194,300,301,500,900,3000,3090,10000,10600,5064013,50000070,60910865,61030092,706340749,1214710440,4000000000,100008003502,1000008000000,1000070042052,10000900000506241,56000000000076051002470420
9,66,96,576,897,2352,7049,9120,14370,703079,951329,5708043,8118806,28801304,783937476,997979706,10766044070,71407534010,9003990982078884,502425820476689009,7904188358165569004,929695404525906556484410
71381465,091,734,,0080,9,47986,85090869,5626365,1175,9,107164409830624,3004805,5120022,10200303,303000011,402660094,6200450059,10004277048500609,1062128,577690,204005,212345,3550214,66000505412,10343
1,40,100,190,1212,1253,3000,3377,80000,900002,1000641989,1023918001760,3000622080000007,907530009702600053035,10590181000270500099400,160104065020055004001060,10104770300210870200001000070080010080610
1,3,4,5,6,7,8,9,10,11,60,61,93,294,471,498,1500,3750,4400,30501,40002,40041,40508,40509,100070,178090,179080,759016,824000,2090400,2090404,10000590,10092020,17004000,180002020,11810800006,130000000790
9,39,107,440,500,540,82020,85059,85309,109373,30900006,172007000,620677083,670038323,130040006115,10900006050756,180000838180000005,10850055069005160005,80500806700000800457,13024005830816005704710000
6,7,827,868,4907,9823,707182,1490828,9540311,8597030625,12643673185,2442054650886,6060800132093,6579310005501,41034503455350,500046668416954,918193765130860858,4706304722906917230908228016065138909562
130942372118017,600,18808,2,7,10,652,10,18,19,160,7000,7470,10115,94270001,65903,99416004,210,21100,20,303,100463,8059375212,2100,3808,75052152,12001,20208,17908620,90073,600,2025900009,7967814086300
749111116,,230400307,550804,108,6405,120000220,41,203,375,376,1068,38030,810065,766,800,1400070,107600,1108,100048,1090,1960920,12050,243224365,33000,64001,71970100,600,10009009200050,60740,602014010
4111213800,,,060041,9050901150,4,5,93,1077,10,103040305102030000,10007,10040,908905,100600005150500,100096039,7000,120008,10104,5200000,120000,127000,10000810,4670008,46790008,70038,10039310060079737
4,5,15,32,40,71,75,79,188,588,597,656,1080,1295,755103,1508828,3021518,4306054,64600258,106746070,9220300938,181430025867,201000005460,51071000009599,605023030039900881,8702088920610007000557090499272
1,3,4,6,8,32,35,43,48,50,64,77,79,227,228,299,495,545,908,1951,5406,7464,7485,7930,8703,55169,55208,66516,90587,302509,3347864,1036585280,66051622477,74230740840,104909381925250933,4491043085800058307
2,5,38,47,68,83,163,1050047,86202900,106212535,755120400,744340163073,5080008805202,160082066608060256454,167509002476190024380,172097104800551400723,40532775819554540185112,74770613170000078663320011
1591312035183007,795,880706205900003,22009007810400226437,19910,12,18,1066950,5396387,2,16,34,4378,80,9030,5740354347217,1272,390070,197850,17034,108,11630790,101,990,11901035,10360,33010,84701338380
1,3,5,6,7,8,9,44,48,65,91,93,153,614,660,690,1870,2567,5424,8085,22550,87000,197050,7361039,58800207,201086901,204000620,42500911405,9202012086000,80357472840156,6000040032802050,640507112050027607830
61111514,7,8050,,340080,200,10,1265330,1067,10686,17,1560,1010,8000,10700,10710,1010000000010,105083,105110,1070993,5096050097490015,100,803,804,70003,135000,500800,50080400,165002,2701,278380,112685
19536128897302,1457,395001014018,3200,7458200,10,26195470846,890074,174228400007366003747,10000660900,40330090050896,100,126,15020,4088190,5001500,20790939908601,290016600048,620605001,9550,706413060
1,8,10,183,202,290,600,100000,87260005600,187000703600,259001000000,266000059000,1080991670500400006,400028049082000911071001003000,100600050000001003302490700060049,5000000009000095800000050010076007
2,3,4,9,26,30,70,71,90,148,190,586,610,619,626,1000,2030,2069,2873,10008,10203,10570,90604,1200004,1400000,10000021,50630700,58040020,206001960,400000590,400000924,1000000800,18102000040,1000060906000
1,2,10,80,708,50086,101000,1070000,1700004,90006000,1000000000,105760000060280,19000550060000014010,40080557040750500009,10085506800907004500080,67000124400270060003021,1704000080602000000708000500100
1,2,3,4,5,6,7,11,13,37,40,42,61,66,83,96,108,500,803,1775,23751,38169,45040,164010,902674,957385,4700017,9902889,12596504,300903840,421006836,2080872056,2988300489,4825748330,120072657107,906328920985
1,2,3,4,5,6,7,8,13,21,55,73,84,101,770,800,3019,3090,37318,60231001476770,69022650,884,3006,8007,810589,660,770,35801264,1900,166504724022,111933,145443,705,3013002,350052711302,16030,158851,740790022
1,2,3,6,7,8,9,12,97,229,230,231,233,1005,1362,2023,17010,53005,53600,220093,507070,710500,1037910,30030905,2378086700,2490808006,3020060005,3207470508,25873406094606309220,1089808413008003500016000003
1,5,2027,107500701,20,30,50,300,3,4,5,6,7,8,406,470,100301,3,4,5,6,7,22,40,60,70,71,2800,2710610,2050,1000,601,231610,1509,3020,30235,20600,100,1500,7060,10400,18700212,36206,40,670520000020128706986
329146786890758101147,807,6,61,1391197889377837027,7424,76607922,600138,5152054,19330630,6212683221,8097468940005,8241700745491,274879,951530,9050080,51009046,91323470,462223378,203402613205614803829
1,2,3,4,5,6,11,57,58,806,900,901,14284,14330,170600,870000,1000020,16920800,17647009,120604010,50040030006,1570081666030090,50074502000019007,57828100608480090,1005100011103656040,10022000003480000099
1181116504,603133,15400,366604330200270,3715097,14,49,10,70,81,880,4,40,1005809,2,3,4,10,18,28402,150841607070330809,1200,376,863,108020390010427,1460,9603,141,146737000,95061440,1903,30060102640,290
669,4575,20444405697312492,8,9,54,84,455,6163,5,6,7,8,9,19,76,104,837,5721,7977,8441,61584,100061,258338,2957690,7379808,31595764,40202408,4614594405448,8241433,2463,5066,81306235,69954617,851,333087
647,15910001,370500900,32066303020,2805618020000,19000802100912216,6007708002630608071005,20604005600220003402740035008304,2990985734072708102002370430771000088,153070160100306000507200644810700030508
186407172449430596295258390680,76,6033,3,19,74,4469934141066030959816,72700255,20,800,238625,42765006530930,675784887398480,9529927769607602,5130406911062,5884578583422,63118,250109,33205234014,51419
1,2,3,5,7,10,60,95,102,103,96003,100080,1004700,1004701,10000000,100009030,100013000,4000903000,4006750401,13005620500,20070020008,10703000280000,59802600907713000850591600,100000300000567200060000030
1,10,100,103,1009,8030,8036,10000,60035,815008,893099,1761000,2690800,2943016,5000053,6206006500050,9562500809060,100003760000770,120000054300036,120006000030600,1570714509100014,170040430092390009800
1,4,5,6,7,8,13,50,70,77,100,170,1090,4190,5000,13060,21857,40240,109142,1768050,2607774,43624003,50070010,70026400,2201019490,7806540760,8003500006,10000001900,41630920000,122809050600,466077090202070
1,5,6,7,10,12,71,72,418,429,712,12400,75370,78740,175672,767800,872530,1213580,1214320,1640000,5014891,70792679,820000085,800300941960,146097099400067,577000707102400,1360909188031091,9000906527001760
1,31,62,100070,7000300,7340420,31500002,5003720060,13200007500000,15000000000503100,140002900600402060160,100002070000000200000400000000,140000520000703000900000010020,80040000080080010000600017032000
1,2,10,87,88,100,103,1000,6000,6003,10880,60790,200719850700,103,10044900560,30004,300100,6560,13840923,805500,3900004,800500038903003,5000043,12006440007,173,1303,533001279104,1730,301107000101000005
43,5474,50879,603090,24475926,2783269525,4605434039,54961556472,842999043799345,50610871686270117,246758185290848119119279016,3389148016114600643774085485,791641657458299879336833434002543818295953094
111111111,,0243401480,1,201,100,1002,1083,1830,120000,1016,140101,2850040,2070020000,29108,60008,60009,3000021,600020,1800,56400,40021120,10060,624000,9000130780,100000001,9062,10083600,1000015004220
119,100182686,701100015,1003000000,180000070563,7080000000971,10000000040060,100100500200118,130040152000100,40002020660000076,80010003400750009,10130500037000080054,1510000080310910400780000107600000
1,56,406,415,502,580,1720,5103,7037,8062,15013,140960,480003,500900,2020888,4461060,5290000,90080582,100407009,1630090007,1050007083608,86000004450500,100000900903700,101500000808400,18050443000000000
1,2,3,4,5,6,7,8,9,13,27,33,34,49,50,70,100,134,548,3200,3323,3400,4342,4508,9070,9708,80885,86000,108000,111080,203397,400958,490800,897650,1000600,9902718,90155200,159009607,11010000609,7744909696503
5,53,895,3108,3158,4545003456,1042,9245,872261970004309437092,4000,260995097901860940518862,19377,337356857280,109247644916,506805,786698,480800378007696500694,3917,268404,47,137,1933,388908304096006
1,2,3,4,5,9,20,41,47,48,101,535,759,5140,6230,6250,6400,6401,20000,30037,143082,400100,405692,405693,439004,909570,1025342,1060200,10000254,1775500002,1775521700,10190030023,26000645800,10007090725305
1,7,8,17,18,19,42,43,44,45,78,84,123,154,330,537,590,3025,3029,10003,40090,354400,390430,400670,1000079,20009500,52030000,60098100,75333324000,100081692000,178000018040,170960000009400,243000000008055
1141591,383,2001,64,4042,44,709427505007500,11807500448,107535050341,4,5,6,10,11,403,5,6,12,20,1001,503007,8,18,60,66,80,1100,2108,114602000,115570355,6020003723,7407035030,74143009007,70,3500,107020
721431586441075618492,307,378,211981,19008,53070230,15186,98744,7822951076607752,6074043120035,533896,26370063,16654,721591135510,53120,9705020,37524,143030,43693400,21807059,2231,5128735349329772519
1,2,3,4,5,6,7,9,10,90,94,109,113,123,131,2004,9009,10140,100009,169040,190600,1723600,1724150,80090005,100062002,100064000,400080507,1007000004,7609940100000014,10030000000100000,108059010000030040000
1,3,800,5900,6737,6738,6739,10304004,570070005,102000000000050088,20600000030100403660,100177890070050800000000030001,1234002400003506084705700900086,10070608080950080000058408006008007493003000508300
2,688,33300642,3036513539,6878386361,21716239970,3502990471894,74987401511293,77002814108851,207775723065165682,5921523346559579574,699570841645039104630,3874645339741427481046,19869203273941594904328
1,2,3,4,5,6,7,8,10,19,20,21,90,207,307,1575,1576,1610,2360,2928,9800,15047,42020,43251,52000,52001,576000,760010,1888300,2507000,18007306,80000003,4006804020,4150803603,1010021050007,10044876000084002
1,2,3,47,737,60204,5,7,8,9,10,111,7,18,407,416,418,1500,1503,10506,580204704,200800048355,10580,79050,100400,70165689,82,83,600,1000,10,81,303,30200,100,101,102,1465180746,1000900008300930140000,1032
4,6,7,8,9,20,47,54,64,70,89,90,404,405,501,645,649,1266,1271,1480,4522,4525,16063,16774,80230,130840,620568,923001,1008744,1848390,909855315,1980005604,2200696990,406070720998,160108002582005797120840
14675911048205230570036600100020494004,3020700052073675045,80,36343,5647,644064,6711,11344,231062,300301,9239827,104819,144705,17949720,32108083,47120000,426050690312200147,9210,7615,590,1309,8036596
111121171000008520,2,2,25400160150,3000,2070046,47,48,10243,1575,370020040180020,20007734,235,10308,72200120000008008,10309,908900003,1000808070009,10230180200,308008704000000,11070,111621903,15,2010
1,10,155,1904,18944,101050,105000,1720618,1788351,8090870,9029033,9761027,197872255,1200000310,42015230314,284083828360,1900183065873,600006242945786,646100100098097,9200055697505231,18705072033153097
2,3,4,7,16,17,22,23,300,301,700,800,4000,4700,5057,10703,130070,130140,200630,1030000,8203500,8230020,10908302,109062004,805005210,900000260,1011056033,16030393030,100018025017946,90000208000838000876
11874119220,,60,139509,803,1000,1024,100178507,1058800,1650,49080,590702082,102,5040040,9600,20009,221705,6280000,16105,800300100235073,170040,11048250830000,103209,801800818810336607,707660417000485
1351,17209,1600801,13780800,84040005257,108258000113,150301040820599,8400002040050053,506900100003063750,7040107105602000505,170280005060000004001,63000004001061420100407,30090999009200606703007600212
7251856860419568572443,192,87529,1573,7800660,34033,16053,140873,764339297488,674432,845060,553972049,79,500,525,3134,77600380,134870026,8043909,9582972979442,5071623,70725742,339096001136,6617810360
35806,1101,6,4,755801807,59,9068,1907307,1600,9006,1046,8510,104062,5,90800820803,17039007,190,2200,1600330,10000070,1080300370,107007,9066,60043,67100,100000070009,30000,213901,213908468040000,68240
1,2,3,4,5,10,18,21,22,28,32,39,200,202,206,249,250,2708,5030,5804,14880,23000,23058,23154,70700,100004,4001800,100107710,451000604,804082008,908684070,333408500400,80001000000000,897200095802000900908
1,7,9,89,905,8455,799018231,6184069847803,9908764439358431,44710411327329800109,153547033363056598652,384460497492749662290717,467224692030900741937823244,516252197756982172348461363619371918340005925
1,2,3,4,5,6,7,8,9,22,41,42,45,49,51,66,78,79,226,416,600,607,649,900,2907,6600,6601,8000,9200,104400,1200081,5000289,5102310,1003090909719,300590110903488,3006061560089019,9010760035060006074105630306
24,657,52091022,5930126922861059512249,342963207010322127523770621865,52968410151304846590867822908706912763,2980394132625612434565081393259157208033398,79234902450580017104984977528325448839196104377
720001,111,1001,2,50,1501,2,3,9,10,11,12,8001,2,3,10,12,16,113,10490,37002,1030,107187,20,1592,10854,3706005,161,162,10000,11,90,599,20840,1902,2800,10055,10900,79000,700090036,13000,1006208,21429420
