100
7???46921??4??40?0?????51,5?6,?5??1456,53481107??7,512323,88?1??6,?509302?,8?8??44,4082,951?,?0278,?3213,7288?545,235120032,??3??,911?0?18,97652,2?6994,8?1299646,333859111?,7??72,40604?2?4,?561749?07
0 0 0 0 0 0 0 0 0 9 4 7 3 5 1 1 1 8 7 19 7 21 5 23 3 25 26 27 15 29 30 31 32 12 30 35 36 37 38 39 40 41 42 39 44 45 46 47 20 43 50 51 52 53 54 55 56 57 58 59 60 61 62 63 33 65 66 67 68 69 70 32 12 4 74 75 76 47 30 79 80 21 82 83 84 85 86 87 88 89 90 91 92 93 94 95 96 97 98 99 100 101 102 103 104 105 106 107 108 109 110 49 15 113 114 115 116 117 100 119 120 121 34 123 124 125 126 127 128 129 130 131 132 133 134 126 136 137 138 139 140 141 142 143 144 145 146 147 148 149 150 151 152 153 154 155 156 157 92 78 150 161 162 163 164 165 166 167 40 169 170 70 172 173 174 175 176 177 178 179 180 181 182 183 184 113 49 77 188 189 190 191 192 30 194 195 15 3 7
27384169?60?1897869?80?2?5940?703?,23?3790509?447187?,21?,?,?7?,4772?,29931,818?,?19?4,5145?,9??16?32?,69???9166,215,64?,888,707?18?0?,?01646??3,1135???0504,6?15,44?34,7?44?,824406,6?12?275,8??,?434?
0 0 0 0 0 4 4 0 8 1 3 5 2 13 8 15 4 17 18 2 20 21 0 23 24 25 5 27 28 0 30 31 32 33 4 35 36 37 5 39 40 41 0 43 44 45 46 4 48 49 50 51 5 53 54 55 56 43 58 59 60 61 62 63 64 65 66 67 8 69 70 71 72 66 74 75 76 77 78 79 80 81 82 83 84 85 86 87 88 89 90 91 92 93 94 95 96 97 78 99 17 100 102 103 104 105 106 107 108 57 40 8 112 113 114 115 116 117 118 119 120 121 122 123 124 125 126 127 128 27 117 131 132 1 134 135 136 133 127 139 105 141 142 143 144 145 146 147 148 149 150 151 106 153 154 25 156 157 158 159 160 161 162 163 164 165 166 167 168 169 170 171 172 173 174 175 176 177 178 46 180 181 182 183 184 185 15 4 7 189 190 191 192 193 194 195 196 197 3
1,4,7,9,23,26,8?,145,3622?,354256,632387,699?96,791775,12916175,383?415845,22?16790639,284775504202,5289975649885777306033413270?3948903217767?6644355411190973181641,814?304,842932,95,1249,1678?8,6264
0 1 2 3 4 5 6 7 8 9 10 11 12 13 14 15 16 17 18 19 20 21 22 23 24 25 26 27 28 29 30 31 32 33 34 35 36 37 38 39 40 41 42 43 44 45 46 47 48 49 50 51 52 53 54 55 56 57 58 59 60 61 62 63 64 65 66 67 68 69 70 71 72 73 74 75 76 77 78 79 80 81 82 83 84 85 86 87 88 89 90 91 92 93 94 95 96 97 98 99 100 101 102 103 104 105 106 107 108 109 110 111 112 113 114 115 116 117 118 119 7 31 122 57 124 125 126 127 128 129 130 131 132 133 134 135 42 137 138 139 140 141 142 143 144 145 146 147 148 149 14 151 35 153 154 155 156 7 20 37 160 161 121 4 164 165 166 167 6 169 166 171 172 173 174 175 176 1 11 179 180 181 182 183 184 185 186 167 188 189 190 191 7 178 2 195 196 197 1 0
2???8316????6??5???2797????74???66?81?1?,4?????1???,?????4????2??5?5?7?6?8?4,2??94??????91,6,8,9,????,53?3,???2,18?1?3?3,7?3?8?,8??30?,??076?644?95,8?092?2,?54279?,????2???5???3?4??,?4???3153?83??9?3
0 0 0 0 0 0 0 2 0 9 7 6 1 7 7 15 3 17 3 19 10 3 22 5 24 9 26 0 28 29 6 31 32 5 34 35 7 37 38 39 2 41 42 43 14 45 46 26 48 49 9 51 52 53 54 1 56 57 58 59 17 61 62 63 1 65 66 67 68 69 10 71 72 73 74 75 56 77 78 79 80 81 24 83 84 85 86 87 88 89 4 91 92 93 94 95 96 97 98 99 96 101 102 103 104 10 106 107 108 109 50 111 112 113 114 115 116 117 118 73 120 121 122 123 124 125 126 127 128 129 130 131 132 133 134 135 136 137 138 139 140 141 129 143 144 145 146 147 148 149 150 151 152 153 154 155 156 157 158 159 160 161 162 74 164 165 166 167 168 169 23 143 172 173 174 107 176 177 13 6 25 181 182 183 184 185 186 107 188 189 190 42 92 91 194 30 21 180 4
??????????0?223?05?9?5?82??1?419?????9????8?628,4?93?3,?9??,???0??7?,7817?,2??18?1705,20????0?,8???,??4??,?9?2??62??,?9?19???2901?9,?7?????,??044701903?,?776?03,???2??73?2?,?6????7?,??7??,??4,3??03??
0 0 0 0 0 0 0 0 0 9 3 6 8 5 8 8 2 5 9 8 1 2 2 23 4 25 4 27 8 29 2 31 3 33 3 35 36 5 38 39 40 11 42 43 25 45 46 4 48 49 50 51 30 50 54 55 56 57 58 59 60 61 62 63 64 25 52 59 68 69 70 71 72 73 74 75 76 77 78 79 80 39 67 19 74 85 86 87 88 89 90 91 92 29 94 95 96 97 98 99 100 101 102 103 104 105 106 107 108 109 110 111 102 113 114 92 116 117 118 119 120 121 122 123 108 125 126 127 3 51 123 131 132 133 134 135 136 137 138 139 140 141 142 143 144 145 146 76 148 149 150 151 152 153 154 155 156 157 158 159 160 161 162 163 164 165 166 167 55 169 170 171 172 173 174 175 176 85 65 50 32 181 182 183 184 185 1 187 188 189 190 191 192 193 194 195 31 10 7
4,9,24,49,53,57,72,343,649,3995,4181,7115,35130,72926,426195,2305210,143484490,1052072247629,6931?930145585,2253342965330384,6241468766182876,74721?1942?627429955594149,6745110833442882619059106692053
0 1 2 3 4 5 6 7 8 9 10 11 12 13 14 15 16 17 18 19 20 21 22 23 24 25 26 27 28 29 30 31 32 33 34 35 36 37 38 39 40 41 42 43 44 45 46 47 48 49 50 51 52 53 54 55 56 57 58 59 60 61 62 63 64 65 66 67 68 69 70 71 72 73 74 75 76 77 78 79 80 81 82 83 84 85 86 87 88 89 90 91 92 93 94 95 96 97 98 99 100 101 102 103 104 105 106 107 108 109 110 111 112 113 114 115 116 117 118 119 120 121 122 123 124 125 126 127 128 129 130 131 132 133 134 135 136 137 138 139 140 141 142 143 144 145 146 147 148 149 150 151 152 153 154 155 156 157 158 159 160 161 162 163 164 165 166 167 168 169 170 171 172 173 174 175 176 177 178 179 180 181 182 183 184 185 186 187 188 189 190 191 192 193 194 195 196 197 198 199
2,7,8,16,17,34,37,54,233,255,308,9?7,970,1977,2450,4314,10070,14108,?6393,73?56,?1156,85335,90510,936678,48892?1,809?75?,10227445,269082026,483358877,?59985773,26255746614,4443?700?8946,64?26816631417
0 1 2 3 4 5 6 7 8 9 10 11 12 13 14 15 16 17 18 19 20 21 22 23 24 25 26 27 28 29 30 31 32 33 34 35 36 37 38 39 40 41 42 43 44 45 46 47 48 49 50 51 52 53 54 55 56 57 58 59 60 61 62 63 64 65 66 67 68 69 70 71 72 73 74 75 76 77 78 79 80 81 82 83 84 85 86 87 88 89 90 91 92 93 94 95 96 97 98 99 100 101 102 103 104 105 106 107 108 109 110 111 112 113 114 115 116 117 118 119 120 121 122 123 124 125 126 127 128 129 130 131 132 133 134 135 136 137 138 139 140 141 142 143 144 145 146 147 148 149 150 151 152 153 154 155 156 157 158 159 160 161 162 163 164 165 166 167 168 169 170 171 172 173 174 175 176 177 178 179 180 181 182 183 184 185 186 187 188 189 190 191 192 193 194 195 196 197 198 199
??4?5,7?8,9??3,32,?5,57,82,92,32?0,9063?4?877,?3?81,??7450?52??85,?705039657??4390?83??909??781?23429?45?01,77603,216517,700?5?,?4391?5,?60136?8,44717?407?,5?1,317?8?87657,855,577,49145?444789,7312363
0 1 2 3 4 5 6 7 8 9 10 11 12 13 14 15 16 17 18 19 20 21 22 23 24 25 26 27 28 29 30 31 32 33 34 35 36 37 38 39 40 41 42 43 44 45 46 47 48 49 50 51 52 53 54 55 56 57 58 59 60 61 62 63 64 65 66 67 68 69 70 71 72 73 74 75 76 77 78 79 80 81 82 83 84 85 86 87 88 21 90 91 92 93 94 33 40 97 98 99 100 101 102 103 104 105 106 107 108 109 110 111 112 113 114 115 116 117 118 119 120 121 122 123 124 125 126 127 128 129 130 131 132 133 134 135 136 137 138 139 140 141 142 95 144 145 146 147 148 149 100 100 95 10 154 155 156 157 158 159 160 161 162 163 11 165 166 167 168 6 170 171 172 173 158 175 176 177 178 179 180 181 182 183 1 8 186 8 188 2 188 4 192 193 194 2 196 185 1 0
?9?82745866621770001?2689800131534?635?84589,1??,764244214?2959?9124?2?5?0?119,?,6,6675?874?,46589,1463,14926,9218,?8?4?9,54,95,5?3,48?32,602283,6776,?20?2,?14573,46506?,8?674?5,1325??,667,46596?0541
0 0 0 0 0 0 0 0 8 5 7 8 8 0 14 5 7 2 5 3 2 5 2 6 24 15 1 27 19 3 30 3 32 8 34 35 9 37 1 39 40 7 42 43 4 45 46 47 14 49 50 51 7 53 54 55 2 57 58 59 4 61 62 63 7 65 66 67 68 39 70 71 72 4 74 75 76 77 7 79 80 81 82 83 84 85 86 87 88 89 90 85 92 93 94 95 96 20 98 99 100 101 102 103 104 105 106 107 25 109 110 111 112 113 114 115 116 117 118 119 5 121 122 123 124 125 126 127 128 129 130 131 132 133 134 135 108 137 138 139 140 141 142 127 144 145 146 147 148 149 150 151 152 153 154 155 156 157 158 159 160 161 162 163 164 165 166 167 168 169 170 171 172 173 174 175 35 177 178 179 180 181 182 12 184 185 186 187 188 189 190 191 192 48 4 177 42 7 4
???,6??,8,??7??7??2524,?52??2?20???894??78??9??13?38,??5?84,21??8?61???922142?,???59?46?7,?4???22225?3?65?86?82?87?6???44?6?07?4?174??3??81??9??32?117?,???5?5?96?,???4??3,38??75???5??6?59,?8522?,??3??
0 1 2 3 4 5 6 7 8 9 10 11 12 13 14 15 16 17 18 19 20 21 22 23 24 25 26 27 28 29 30 31 32 33 34 35 36 37 38 39 40 41 42 43 44 45 46 47 48 49 50 51 52 53 54 55 56 57 58 59 60 61 62 63 64 65 66 67 68 69 70 71 72 73 74 75 76 77 78 79 80 81 82 83 84 85 86 87 88 89 90 91 92 93 94 95 96 97 98 99 100 101 102 103 104 105 106 107 108 109 110 111 112 113 114 115 116 117 118 119 120 121 122 123 124 125 126 127 128 129 130 131 132 133 134 23 136 137 138 36 140 141 39 143 144 145 146 147 148 149 150 151 152 153 154 155 156 157 158 6 10 161 162 163 164 165 23 167 168 169 170 171 172 173 174 175 162 160 178 179 180 181 182 183 184 185 186 187 188 189 190 191 192 1 194 195 196 1 1 0
1,2??,8,34?9???10?9,37?5,4?????10??892??2???40?2,93?1??,1????87,?7??214,?2764?179?,35?69?83298?5?4??0??095,873835745?0?,?01??652?2?9??85?4?2?????30??59?6?425??5?267016?961???8???20??87?6????36?7??87?1
0 1 2 3 4 5 6 7 8 9 10 11 12 13 14 15 16 17 18 19 20 21 22 23 24 25 26 27 28 29 30 31 32 33 34 35 36 37 38 39 40 41 42 43 44 45 46 47 48 49 50 51 52 53 54 55 56 57 58 59 60 61 62 63 64 65 66 67 68 69 70 71 72 73 74 75 76 77 78 79 80 81 82 83 84 85 86 87 88 89 90 91 92 93 94 95 96 97 98 99 100 101 102 103 104 105 106 107 108 109 110 111 112 113 114 115 116 117 118 119 120 121 122 123 124 125 126 127 128 129 130 131 132 133 134 135 136 137 138 139 140 141 142 143 144 145 146 147 148 149 150 151 152 153 154 155 156 157 158 159 160 161 162 163 164 165 166 167 168 169 170 171 172 173 174 175 176 177 178 179 180 181 182 183 184 185 186 187 188 189 190 191 192 193 194 195 196 197 198 199
4?58??6215?02836?,7100,?2615,4852,769288167?,593013,??3957,?6341?154,393?6,534687,3??2?40,7412,87597,?5?604,?3?73?48?80,819,728?072,14?65??895?0,?48?297,9646333,5652?4911?43527,9?175220775?12?0?27065
0 0 0 0 0 0 0 0 0 9 1 9 2 1 8 5 16 17 18 19 20 21 22 23 24 25 26 16 28 29 30 31 32 33 34 35 36 37 29 39 40 41 26 21 44 45 46 47 48 49 22 51 52 53 54 55 56 17 58 59 60 61 62 63 12 39 66 67 68 69 70 71 72 73 74 75 76 77 78 79 33 81 82 83 84 85 86 87 3 89 90 91 72 93 94 95 96 97 98 99 100 101 102 103 104 105 106 107 108 109 110 111 112 113 114 61 116 65 10 119 120 121 122 123 124 125 126 127 77 129 130 131 132 133 134 135 136 137 132 139 140 141 142 81 144 145 146 147 148 149 150 151 152 153 154 155 156 157 158 159 160 161 162 163 164 165 166 167 168 4 95 171 172 173 174 175 176 177 178 179 180 181 182 55 184 37 8 4 31 189 10 1 39 193 194 187 89 11 2
4?7,?,260,?86?3??0?47738?124841?763?979,?179?4??4,83?6?05?7,?2847126?9,748009?639,?08878636?7,448167222?060631115,5?7997970?70??8??71223?986029?3??4?351421?217?18?59091?311333??913360402?1491239721657
0 1 2 3 4 5 6 7 8 9 10 11 12 13 14 15 16 17 18 19 20 21 22 23 24 25 26 27 28 29 30 31 32 33 34 35 36 37 38 39 40 41 42 43 44 45 46 47 48 49 50 51 52 53 54 55 56 57 58 59 60 61 62 63 64 65 66 67 68 69 70 71 72 73 74 75 76 77 78 79 80 81 82 83 84 85 86 87 88 89 90 91 92 93 94 95 96 97 98 99 100 101 102 103 104 105 106 107 108 109 110 111 112 113 114 115 116 117 118 119 120 121 122 123 124 125 126 127 128 129 130 131 132 133 134 135 136 137 138 139 140 141 142 143 144 145 146 147 148 149 150 151 152 153 154 155 156 157 158 159 160 161 162 163 164 165 166 167 168 169 170 171 172 173 174 175 176 177 178 179 180 181 182 183 184 185 186 187 188 189 190 191 192 193 194 195 196 197 198 199
??18?67?3238293???870?73,219?00?755,??23,?779?,3??1??300?6?7,73?99,2??,5995?3?56??,149?1,?3?7???32539,73??9,1853?608,522?7?71230?086656??89?0????7057?2,165607??1?73?,4?1??07?711,??40?7???13967??04?84
0 0 0 0 0 0 0 0 0 1 7 7 8 2 2 15 4 17 8 19 20 10 17 16 24 25 26 27 28 29 13 31 32 33 34 35 36 37 38 39 40 41 42 43 44 45 46 47 48 49 50 51 52 53 54 55 56 57 58 7 60 61 62 63 61 65 66 67 68 69 70 71 72 73 40 46 43 77 78 50 80 7 82 83 84 85 82 82 88 89 90 91 92 93 94 95 96 97 61 99 100 101 102 103 104 5 58 107 108 109 110 111 112 113 114 79 116 117 118 119 120 121 122 68 124 82 102 127 128 129 129 44 132 57 134 66 136 137 138 139 140 141 142 143 144 145 146 143 148 149 150 151 152 153 154 155 156 157 18 159 160 161 162 163 164 165 166 167 168 169 170 62 172 49 174 175 73 177 178 179 180 181 182 183 184 185 186 36 188 189 190 26 192 193 17 126 12 9 8
?,?,?,69,??,???,?18,????,?0??7,??28??,3??5??,3?5?1??,??53???,??3?8??,?????3?2,?????8??,???7??62?48??,880?60?4924?6,????8???2?98???3??,?0?0????1????9??058,5???810465??????8?0??,3???????8??8??8192????1?
0 1 2 3 4 5 6 7 8 9 10 11 12 13 14 15 16 17 18 19 20 21 22 23 24 25 26 27 28 29 30 31 32 33 34 35 36 37 38 39 40 41 42 43 44 45 46 47 48 49 50 51 52 53 54 55 56 57 58 59 60 61 62 63 64 65 66 67 68 69 70 71 72 73 74 75 76 77 78 79 80 81 82 83 84 85 86 87 88 89 90 91 92 93 94 95 96 97 98 99 100 101 102 103 104 105 106 107 108 109 110 111 112 113 114 115 116 117 118 119 120 121 122 123 124 125 126 127 128 129 130 131 132 133 134 135 136 137 138 139 140 141 142 143 144 145 146 147 148 149 150 151 152 153 154 155 156 157 158 159 160 161 162 163 164 165 166 167 168 169 170 171 172 173 174 175 176 177 178 179 180 181 182 183 184 185 186 187 188 189 190 191 192 193 194 195 196 197 198 199
?1????6???6,?59,?????8?,21?2?8???,30?9?,???8,??0?5????3,??8???68?,??????,??,488?,?004?,??0??90?0?,9???????,?8???,?007?,?2,56??,???9,?4????03?,2?6?????,94??,78?????34,????3,????9?8?,???5?3,735?5?6?176
0 0 0 0 0 0 0 0 0 5 6 11 12 13 14 15 16 17 18 19 2 15 6 23 24 25 26 11 28 5 16 31 32 33 34 35 36 37 23 39 40 41 42 43 44 45 46 47 48 46 50 51 18 53 29 55 56 57 58 59 60 61 20 29 51 65 66 67 68 69 70 8 72 73 74 75 76 77 50 79 80 81 82 83 84 61 86 87 88 89 90 91 92 67 94 95 96 97 98 99 100 101 102 24 104 105 106 107 108 109 110 28 112 113 114 115 116 2 118 119 120 121 122 123 124 43 126 127 128 129 130 131 132 133 134 135 136 17 138 139 92 141 142 143 144 145 146 147 148 79 150 151 152 153 154 155 156 157 158 159 160 67 162 163 164 165 166 167 168 169 170 171 172 173 174 175 176 153 178 125 180 181 182 183 184 42 186 187 188 189 190 191 41 193 194 24 196 21 9
?,?,?0,4604,?953,???4,9?320,?????2,???2??3,4?86?113,9?????1?,2?4?99??9,9?9?7????,??3???2?32,3?740??8???,69???689393,?4??143?????73??,28?3????193?2???87?1,7?7910??????9??2???70?,?5?7?45??8958?5??082???
0 1 2 3 4 5 6 7 8 9 10 11 12 13 14 15 16 17 18 19 20 21 22 23 24 25 26 27 28 29 30 31 32 33 34 35 36 37 38 39 40 41 42 43 44 45 46 47 48 49 50 51 52 53 54 55 56 57 58 59 60 61 62 63 64 65 66 67 68 69 70 71 72 73 74 75 76 77 78 79 80 81 82 83 84 85 86 87 88 89 90 91 92 93 94 95 96 97 98 99 100 101 102 103 104 105 106 107 108 109 110 111 112 113 114 115 116 117 118 119 120 121 122 123 124 125 126 127 128 129 130 131 132 133 134 135 136 137 138 139 140 141 142 143 144 145 146 147 148 149 150 151 152 153 154 155 156 157 158 159 160 161 162 163 164 165 166 167 168 169 170 171 172 173 174 175 176 177 178 179 180 181 182 183 184 185 186 187 188 189 190 191 192 193 194 195 196 197 198 199
6577725371?3654209652,3785,10,26,97,49,92,3477360,839358466,9883,6803198,9,90,7583,712092686735475648997471802388236,6386,85540,117,6802,14424,25053091943978186132446483,476829,154027010,7984621334654
0 1 0 3 4 0 6 7 8 0 10 11 12 0 14 15 16 0 18 19 20 1 22 23 24 25 18 27 28 29 30 31 32 33 34 14 36 37 38 39 40 41 42 43 44 22 46 47 48 49 50 51 52 53 54 55 56 36 58 59 60 61 62 63 64 65 66 67 68 69 70 36 72 73 74 75 76 77 78 79 80 81 82 83 84 85 86 87 88 89 0 91 92 93 94 95 96 97 98 99 100 101 102 103 104 105 106 107 108 109 110 111 112 113 43 115 116 117 118 119 74 121 122 123 124 73 126 127 128 129 130 131 132 133 134 44 136 137 138 139 140 112 142 143 144 145 146 147 148 149 150 151 152 153 154 155 156 157 158 159 160 161 162 163 164 165 166 142 38 169 170 171 172 173 112 120 176 177 178 179 180 181 101 24 135 124 186 187 188 189 190 4 74 93 126 192 5 7 91 0
40?126?35?54?3??76?7???27???775?90??8?766?057??49??4?88136?0,87?599??3?3?268?65657?11??23?254???003???3661???9559?8??032?7740,77???914472511?27016?250772?46626??6912?0??184?7673??07070638?5445?367?84?
0 1 2 3 4 5 6 7 8 9 10 11 12 13 14 15 16 17 18 19 20 21 22 23 24 25 26 27 28 29 30 31 32 33 34 35 36 37 38 39 40 41 42 43 44 45 46 47 48 49 50 51 52 53 54 55 56 57 58 59 60 61 62 63 64 65 66 67 68 69 70 71 72 73 74 75 76 77 78 79 80 81 82 83 84 85 86 87 88 89 90 91 92 93 94 95 96 97 98 99 100 101 102 103 104 105 106 107 108 109 110 111 112 113 114 115 116 117 118 119 120 121 122 123 124 125 126 127 128 129 130 131 132 133 134 135 136 137 138 139 140 141 142 143 144 145 146 147 148 149 150 151 152 153 154 155 156 157 158 159 160 161 162 163 164 165 166 167 168 169 170 171 172 173 174 175 176 177 178 179 180 181 182 183 184 185 186 187 188 189 190 191 192 193 194 195 196 197 198 199
1?2,??4????,?,?,9?1???2,70??6??58,3???12?9,17?3,??3??1?7??,?56????31?41???557?0??,????7655,?625??2?,84?49??1???1251?876?9??5?????53???09??1735??,37??5?003?7???6??????1??2,4?7??1??66?0??475????7????8??
0 1 2 3 4 5 6 7 8 9 10 11 12 13 14 15 16 17 18 19 20 21 22 23 24 25 26 27 28 29 30 31 32 33 34 35 36 37 38 39 40 41 42 43 44 45 46 47 48 49 50 51 52 53 54 55 56 57 58 59 60 61 62 63 64 65 66 67 68 69 70 71 72 73 74 75 76 77 78 79 80 81 82 83 84 85 86 87 88 89 90 91 92 93 94 95 96 97 98 99 100 101 102 103 104 105 106 107 108 109 110 111 112 113 114 115 116 117 118 119 120 121 122 123 124 125 126 127 128 129 130 131 132 133 134 135 136 137 138 139 140 141 142 143 144 145 146 147 148 149 150 151 152 153 154 155 156 157 158 159 160 161 162 163 164 165 166 167 168 169 170 171 172 173 174 175 176 177 178 179 180 181 182 183 184 185 186 187 188 189 190 191 192 193 194 195 196 197 198 199
?,?,?,8,?4,??,1?9,?1?,8?67,85??,?7?52,6??64,65?11,9??565,??9531?,?4?3????,49?69121,2?????621?,299?34?6?1,6?9568685?,?251??2?5?4?5??,944012????5701???,3??0?6??1?18????3??53??5,?6?7?1?1?01?61?????19?4?4
0 1 2 3 4 5 6 7 8 9 10 11 12 13 14 15 16 17 18 19 20 21 22 23 24 25 26 27 28 29 30 31 32 33 34 35 36 37 38 39 40 41 42 43 44 45 46 47 48 49 50 51 52 53 54 55 56 57 58 59 60 61 62 63 64 65 66 67 68 69 70 71 72 73 74 75 76 77 78 79 80 81 82 83 84 85 86 87 88 89 90 91 92 93 94 95 96 97 98 99 100 101 102 103 104 105 106 107 108 109 110 111 112 113 114 115 116 117 118 119 120 121 122 123 124 125 126 127 128 129 130 131 132 133 134 135 136 137 138 139 140 141 142 143 144 145 146 147 148 149 150 151 152 153 154 155 156 157 158 159 160 161 162 163 164 165 166 167 168 169 170 171 172 173 174 175 176 177 178 179 180 181 182 183 184 185 186 187 188 189 190 191 192 193 194 195 196 197 198 199
8579870,94280992,1059735557,3130298887878912732854836861?3915437547335216563883,8428026452389946406931178633617171283020271185?2561094,2700383291331845082120824507691393621962218?9489?2344188907508093
0 1 2 3 4 5 6 7 8 9 10 11 12 13 14 15 16 17 18 19 20 21 22 23 24 25 26 27 28 29 30 31 32 33 34 35 36 37 38 39 40 41 42 43 44 45 46 47 48 49 50 51 52 53 54 55 56 57 58 59 60 61 62 63 64 65 66 67 68 69 70 71 72 73 74 75 76 77 78 79 80 81 82 83 84 85 86 87 88 89 90 91 92 93 94 95 96 97 98 99 100 101 102 103 104 105 106 107 108 109 110 111 112 113 114 115 116 117 118 119 120 121 122 123 124 125 126 127 128 129 130 131 132 133 134 135 136 137 138 139 140 141 142 143 144 145 146 147 148 149 150 151 152 153 154 155 156 157 158 159 160 161 162 163 164 165 166 167 168 169 170 171 172 173 174 175 176 177 178 179 180 181 182 183 184 185 186 187 188 189 190 191 192 193 194 195 196 197 198 199
96?482173624128?349116319526846915595826,22575,441,930,?426,5408,7??418?,840,37269,76,701,653?4257?06?836290,8??9,5?337,744542?6,84??4,403736,888094673313,19?4578,246,305,419,788,242589266,3355?6?708
0 0 0 0 0 0 0 0 0 3 4 4 6 2 7 3 8 9 7 1 8 8 3 7 9 6 26 6 28 1 30 1 32 9 34 4 36 13 19 39 2 41 42 43 14 2 46 47 48 49 50 51 52 53 54 55 56 57 58 59 60 61 62 63 64 65 66 67 68 27 64 19 72 73 74 75 76 77 78 79 80 6 82 83 84 85 86 87 88 89 90 91 92 93 57 95 71 77 98 99 100 70 59 93 55 105 106 107 108 109 110 111 112 113 114 115 116 117 118 119 120 121 122 123 124 104 100 112 128 129 130 131 132 133 134 135 136 137 138 139 140 141 142 143 144 145 146 147 99 149 61 151 152 104 154 155 156 157 158 159 160 87 162 163 164 165 166 167 168 169 170 171 172 173 174 175 176 177 178 179 180 181 182 100 31 12 25 187 188 189 190 191 192 193 32 26 25 36 8
2,59?1794139,599676?234492,265960299?321484974882?4?09,448527233275310?4450324308?740877759?731?065?859409955,1733403370220?2?945811?623922?9?158851144574?19656469352646085?1059592?379720?97655600?844
0 1 2 3 4 5 6 7 8 9 10 11 12 13 14 15 16 17 18 19 20 21 22 23 24 25 26 27 28 29 30 31 32 33 34 35 36 37 38 39 40 41 42 43 44 45 46 47 48 49 50 51 52 53 54 55 56 57 58 59 60 61 62 63 64 65 66 67 68 69 70 71 72 73 74 75 76 77 78 79 80 81 82 83 84 85 86 87 88 89 90 91 92 93 94 95 96 97 98 99 100 101 102 103 104 105 106 107 108 109 110 111 112 113 114 115 116 117 118 119 120 121 122 123 124 125 126 127 128 129 130 131 132 133 134 135 136 137 138 139 140 141 142 143 144 145 146 147 148 149 150 151 152 153 154 155 156 157 158 159 160 161 162 163 164 165 166 167 168 169 170 171 172 173 174 175 176 177 178 179 180 181 182 183 184 185 186 187 188 189 190 191 192 193 194 195 196 197 198 199
?,??3??,??6??????2?1?,22?3???3,????8,????6,7???0?81????9?,2?4?????6????6?,??6???75,5??5???84,5?14??8????66??604?9,???77???083??3?8?,??53??????93,??1?1???1?707,?4?974????696?????0??4174???16??7692?9?9?
0 1 2 3 4 5 6 7 8 9 10 11 12 13 14 15 16 17 18 19 20 21 22 23 24 25 26 27 28 29 30 31 32 33 34 35 36 37 38 39 40 41 42 43 44 45 46 47 48 49 50 51 52 53 54 55 56 57 58 59 60 61 62 63 64 65 66 67 68 69 70 71 72 73 74 75 76 77 78 79 80 81 82 83 84 85 86 87 88 89 90 91 92 93 94 95 96 97 98 99 100 101 102 103 104 105 106 107 108 109 110 111 112 113 114 115 116 117 118 119 120 121 122 123 124 125 126 127 128 129 130 131 132 133 134 135 136 137 138 139 140 141 142 143 144 145 146 147 148 149 150 151 152 153 154 155 156 157 158 159 160 161 162 163 164 165 166 167 168 169 170 171 172 173 174 175 176 177 178 179 180 181 182 183 184 185 186 187 188 189 190 191 192 193 194 195 196 197 198 199
1,3,4,?,6,7,8,9?15,?2,3?,249,438,701,2540?3316??0614,4?285,188244?68???2,?7220?,4049078,470?870,89386366,17?9?08303,?210097?38,6931061928,10?16192???,492?2371101,3?766??890??9,9?850?8010493519?75??14?
0 1 2 3 4 5 6 7 8 9 10 11 12 13 14 15 16 17 18 19 20 21 22 23 24 25 26 27 28 29 30 31 32 33 34 35 36 37 38 39 40 41 42 43 44 45 46 47 48 49 50 51 52 53 54 55 56 57 58 59 60 61 62 63 64 65 66 67 68 69 70 71 72 73 74 75 76 77 78 79 80 81 82 83 84 85 86 87 88 89 90 91 92 93 94 95 96 97 98 99 100 101 102 103 104 105 106 107 108 109 110 111 112 113 114 115 116 117 118 119 120 121 122 123 124 125 126 127 128 129 130 131 132 133 134 135 136 137 138 139 140 141 142 143 144 145 146 147 148 149 150 151 152 153 154 155 156 157 158 159 160 161 162 163 164 165 166 167 168 169 170 171 172 173 174 175 176 177 178 179 180 181 182 183 184 185 186 187 188 189 190 191 192 193 194 195 196 197 198 199
19??8?5???7??17??5????522781?1?91153??6??1??5??644???????26,??18?4927??952777,?3?3??84??,16??0,????????48??4,4?24??4?10?22,?9??1???0???2338?1?99?04?56,?5????,63??23,?0?777,452????,2196??8??0?4???34??
0 0 0 0 0 0 0 0 0 3 6 2 9 5 7 5 7 4 5 5 4 1 9 7 8 5 3 4 5 2 6 31 7 33 23 5 36 1 38 18 2 41 20 3 44 45 20 47 1 49 50 2 52 53 20 55 56 57 18 59 60 61 62 63 64 65 66 67 68 68 70 71 72 73 74 47 22 77 78 79 80 34 30 83 84 85 86 87 88 89 90 91 92 93 22 95 96 15 43 99 100 101 102 103 104 91 106 107 108 109 110 111 112 113 62 115 116 117 118 119 120 121 122 123 124 125 126 127 128 129 130 131 132 133 134 46 117 137 138 139 140 141 142 143 144 145 146 49 88 54 150 151 152 153 154 155 156 157 158 159 160 161 162 163 164 165 166 167 168 169 170 171 172 173 174 175 176 177 178 179 180 181 182 183 184 185 186 187 99 136 59 51 10 193 194 33 43 14 4
????8??????????5??79????68?5?5???011??5?4?4?21????14,233,5?1,??,9?,50??,5??2?9,991????2???53,6,9,??23??69,2?70,45??,27???2?,33??982,?8???,2??400,1909???,?52?,?1????,8?128?,?99292476?5?,??6?343???83??
0 0 0 0 0 0 0 5 6 1 0 11 4 7 0 15 11 3 1 19 6 21 5 23 4 25 3 27 1 29 2 31 32 7 34 35 19 37 9 39 5 41 42 1 44 45 4 47 48 2 50 51 2 53 54 55 7 57 58 59 19 61 62 14 64 65 11 67 68 69 2 71 72 73 11 75 76 77 15 79 80 81 7 83 84 85 11 87 88 89 90 91 1 93 94 95 96 97 98 99 7 65 56 43 47 105 106 107 108 109 110 111 112 113 114 115 116 117 118 119 120 58 41 123 124 125 126 127 76 22 120 131 132 133 134 135 136 137 138 139 140 141 142 143 144 145 146 147 148 149 150 151 27 153 154 65 115 157 158 159 160 161 162 163 164 165 166 167 168 169 170 171 172 173 174 175 176 177 178 31 98 108 182 101 184 185 186 187 188 5 33 122 5 94 33 79 28 101 1
??6??5?7?5?15?7878???4?5,????4,9?5?2216???6?598???63?9?477???7?43?7????80?87?2,664??0?3?72,6?9?0,38?0,2???5,?7?37,??9??,?476?74??13?09??24?4??3??9??,9?8?0??3685196???0??2??9??,982??133???55,9???84879
0 0 0 3 0 5 2 0 8 0 10 1 12 5 14 10 16 17 2 19 20 2 22 23 5 25 26 27 0 29 30 31 32 33 14 35 36 37 2 39 40 41 42 43 10 45 46 47 48 49 50 0 52 53 54 55 56 57 58 59 25 61 62 63 64 65 66 29 68 69 70 71 72 73 74 75 76 10 78 79 80 27 82 83 84 85 26 87 88 89 90 91 92 93 75 95 96 97 98 99 100 101 102 103 104 105 106 107 108 109 110 111 112 113 114 115 116 117 118 119 120 121 122 123 124 125 125 127 128 129 130 131 132 133 134 135 136 137 138 139 140 141 142 78 115 145 146 147 148 149 150 151 152 153 154 155 156 157 158 159 160 66 145 163 164 44 96 167 168 169 170 171 172 73 174 175 176 177 178 179 180 52 88 183 184 185 186 187 188 189 190 191 192 53 13 40 30 5 10
5,?6?,?753?,8?????7,???88???11?75??2455?4??,?0??7??454???????3?????4???9??382?7?,??66?1?62?1?0???0????????6??26?12???3,5?5?????????8??6???6??8???711???61?????9?4?3?9?344?????3??4??1??2??7?6803?4????9?
0 1 2 3 4 5 6 7 8 9 10 11 12 13 14 15 16 17 18 19 20 21 22 23 24 25 26 27 28 29 30 31 32 33 34 35 36 37 38 39 40 41 42 43 44 45 46 47 48 49 50 51 52 53 54 55 56 57 58 59 60 61 62 63 64 65 66 67 68 69 70 71 72 73 74 75 76 77 78 79 80 81 82 83 84 85 86 87 88 89 90 91 92 93 94 95 96 97 98 99 100 101 102 103 104 105 106 107 108 109 110 111 112 113 114 115 116 117 118 119 120 121 122 123 124 125 126 127 128 129 130 131 132 133 134 135 136 137 138 139 140 141 142 143 144 145 146 147 148 149 150 151 152 153 154 155 156 157 158 159 160 161 162 163 164 165 166 167 168 169 170 171 172 173 174 175 176 177 178 179 180 181 182 183 184 185 186 187 188 189 190 191 192 193 194 195 196 197 198 199
?,4,?,?,?,8,?,?3,??,6?,66,?3,??,??1,???,???,???,???,??5,????,????,5???,?6?1,????,?7?3,?2???,?8??0,66?4?,66???,3????0,5?8???,?5??5??,??533???,??????2?,8?9?8?302?,???2?01?81?,??5?9??2??74?,????4??2?1471
0 1 2 3 4 5 6 7 8 9 10 11 12 13 14 15 16 17 18 19 20 21 22 23 24 25 26 27 28 29 30 31 32 33 34 35 36 37 38 39 40 41 42 43 44 45 46 47 48 49 50 51 52 53 54 55 56 57 58 59 60 61 62 63 64 65 66 67 68 69 70 71 72 73 74 75 76 77 78 79 80 81 82 83 84 85 86 87 88 89 90 91 92 93 94 95 96 97 98 99 100 101 102 103 104 105 106 107 108 109 110 111 112 113 114 115 116 117 118 119 120 121 122 123 124 125 126 127 128 129 130 131 132 133 134 135 136 137 138 139 140 141 142 143 144 145 146 147 148 149 150 151 152 153 154 155 156 157 158 159 160 161 162 163 164 165 166 167 168 169 170 171 172 173 174 175 176 177 178 179 180 181 182 183 184 185 186 187 188 189 190 191 192 193 194 195 196 197 198 199
5178?64?27??0??1970?2?1945?03,9970020,2?8?,5??93,820,????2?,?87?21,?7?17,313?119,4875?1,373,31643?0,90?7,7065?,67?2??,7239??6,10866?0,683090,9?4??,290424,9??55,521?,5?79,?5793,18?521?,?306?4,42,?7767
0 0 0 0 3 1 0 7 0 9 10 9 12 0 14 15 16 14 18 19 1 21 22 2 24 25 14 27 28 1 30 31 32 2 34 35 36 2 38 39 40 41 42 43 44 45 46 40 48 49 50 51 52 53 54 55 45 57 22 27 60 61 62 33 16 34 66 67 68 69 1 22 72 73 74 75 76 77 45 79 80 81 82 83 84 85 24 87 88 89 90 91 92 93 94 95 93 97 98 99 100 101 102 103 104 105 106 107 108 109 110 111 112 113 114 115 116 117 118 119 120 121 122 123 29 125 126 127 128 129 130 131 24 133 134 135 136 103 61 139 140 141 142 143 142 145 146 147 148 149 150 102 152 153 154 155 156 157 62 159 160 161 162 6 164 165 166 167 168 169 170 171 172 173 174 175 176 177 178 179 180 54 182 183 184 185 186 187 33 77 34 191 192 193 194 195 196 21 4
???,?7??4?9,520?,??133????30?1??8880????5?????95??793?1??3?4,68??202?91?7??8??4???6?56?31?70????????????4?98?8???182?3?86???????94371?,8?????09,????????832???9??5??19,11??062722??1?8?,7?81?,4???2????9
0 1 2 3 4 5 6 7 8 9 10 11 12 13 14 15 16 17 18 19 20 21 22 23 24 25 26 27 28 29 30 31 32 33 34 35 36 37 38 39 40 41 42 43 44 45 46 47 48 49 50 51 52 53 54 55 56 57 58 5 60 61 62 63 64 65 24 67 68 69 67 71 72 21 74 75 76 77 78 79 80 81 82 83 84 85 86 87 88 89 90 91 92 93 94 95 96 97 98 99 100 101 102 103 104 105 106 107 108 109 110 111 112 113 114 115 116 117 118 119 120 121 122 123 124 125 126 127 128 129 130 131 132 133 134 135 136 137 138 139 140 141 142 143 144 145 146 147 148 149 150 151 152 85 81 155 156 157 158 159 35 24 162 163 164 74 166 167 168 169 170 171 172 173 4 17 176 177 178 179 66 181 182 183 184 185 186 2 188 189 190 191 192 193 194 195 3 2 1 0
615?7??9???????854???7??1??0?30?877????0?8?6??21??0???9??5567???8,???78????1?,?5????,?????,6???40?,?34?7,?7???5?1?,?4858?905??9?,91???,???64?0??6,??9861,??415?,??5??59,?4368??6,6?8?????,?3?????95??5?
0 0 0 0 0 0 0 0 5 5 1 0 12 2 5 7 12 3 12 5 3 2 1 7 16 1 26 18 8 29 13 7 32 3 34 4 36 8 38 39 3 41 42 8 44 45 4 47 48 1 50 51 52 14 54 55 23 57 58 59 11 61 62 63 3 65 66 67 68 69 9 71 72 73 74 44 25 10 78 79 80 46 17 21 84 85 86 87 88 46 90 91 92 93 94 95 96 56 51 99 100 101 102 18 104 105 106 107 108 101 110 95 112 20 75 115 116 117 118 119 120 121 122 45 36 107 126 58 128 129 130 131 132 133 134 135 136 137 138 139 140 60 10 15 56 145 146 147 148 149 150 151 152 153 154 155 156 157 158 159 160 161 162 163 164 165 166 167 168 169 170 171 172 173 174 175 176 177 178 179 180 181 182 183 184 185 186 187 188 189 190 191 192 193 194 67 31 36 7
1,?,3,4,?,?,?,?,9,??,21,??,?4,?9,60,?9,8?,94?,9??,159?,??6?,2?16,?4??,5??4,5?7?,?6?0,??597,49??0,??5??,?9???,453??2,??6???,35??358,7????4?,?5?7??4?,??075?0??,2???8??4?2,5????4??6??,???4??2?972?9?95739
0 1 2 3 4 5 6 7 8 9 10 11 12 13 14 15 16 17 18 19 20 21 22 23 24 25 26 27 28 29 30 31 32 33 34 35 36 37 38 39 40 41 42 43 44 45 46 47 48 49 50 51 52 53 54 55 56 57 58 59 60 61 62 63 64 65 66 67 68 69 70 71 72 73 74 75 76 77 78 79 80 81 82 83 84 85 86 87 88 89 90 91 92 93 94 95 96 97 98 99 100 101 102 103 104 105 106 107 108 109 110 111 112 113 114 115 116 117 118 119 120 121 122 123 124 125 126 127 128 129 130 131 132 133 134 135 136 137 138 139 140 141 142 143 144 145 146 147 148 149 150 151 152 153 154 155 156 157 158 159 160 161 162 163 164 165 166 167 168 169 170 171 172 173 174 175 176 177 178 179 180 181 182 183 184 185 186 187 188 189 190 191 192 193 194 195 196 197 198 199
???????94,3???????5??,90?,3???,??9?,????????6???5?64?13?5?????7??6?91?865??1?3??92?7?634?749,?21471?44?,4????0??????????8??35?2???????8?0??????????70?42?52??????9?????5?6241,56??????????76?51??247?42?
0 1 2 3 4 5 6 7 8 9 10 11 12 13 14 15 16 17 18 19 20 21 22 23 24 25 26 27 28 29 30 31 32 33 34 35 36 37 38 39 40 41 42 43 44 45 46 47 48 49 50 51 52 53 54 55 56 57 58 59 60 61 62 63 64 65 66 67 68 69 70 71 72 73 74 75 76 77 78 79 80 81 82 83 84 85 86 87 88 89 90 91 92 93 94 95 96 97 98 99 100 101 102 103 104 105 106 107 108 109 110 111 112 113 114 115 116 117 118 119 120 121 122 123 124 125 126 127 128 129 130 131 132 133 134 135 136 137 138 139 140 141 142 143 144 145 146 147 148 149 150 151 152 153 154 155 156 157 158 159 160 161 162 163 164 165 166 167 168 169 170 171 172 173 174 175 176 177 178 179 180 181 182 183 184 185 186 187 188 189 190 191 192 193 194 195 196 197 198 199
9,66,96,576,897,2352,7?49,912?,14370,7?3079,951329,5708043?8118806,288?13?4,783937476,997979706?10766?44?7?,71407534010,9003990982078884,5?242582?476689009,7904188358165569004,9296954045259?6556484410
0 1 2 3 4 5 6 7 8 9 10 11 12 13 14 15 16 17 18 19 20 21 22 23 24 25 26 27 28 29 30 31 32 33 34 35 36 37 38 39 40 41 42 43 44 45 46 47 48 49 50 51 52 53 54 55 56 57 58 59 60 61 62 63 64 65 66 67 68 69 70 71 72 73 74 75 76 77 78 79 80 81 82 83 84 85 86 87 88 89 90 91 92 93 94 95 96 97 98 99 100 101 102 103 104 105 106 107 108 109 110 111 112 113 114 115 116 117 118 119 120 121 122 123 124 125 126 127 128 129 130 131 132 133 134 135 136 137 138 139 140 141 142 143 144 145 146 147 148 149 150 151 152 153 154 155 156 157 158 159 160 161 162 163 164 165 166 167 168 169 170 171 172 173 174 175 176 177 178 179 180 181 182 183 184 185 186 187 188 189 190 191 192 193 194 195 196 197 198 199
7?38?465??91?734????8??9?47986?85?9?869?5626365,?175,9,?07?644?9830624,3??48?5,512??22,??2??3?3,3?30???11,?0266??94,62??45??59,10??4277?485??6?9,??62128,577690,2?4??5,?12345,355?214,66?0?5?5412,???43
0 0 0 0 0 0 0 0 5 2 2 0 12 5 3 6 4 2 4 1 8 3 1 23 8 25 8 27 1 29 8 31 27 12 34 35 6 37 38 3 40 41 18 43 9 45 46 34 48 49 50 51 8 53 54 55 56 57 13 59 60 61 62 8 64 65 66 67 68 67 70 71 72 73 74 75 76 77 78 79 80 81 82 83 84 85 86 87 88 89 90 91 92 93 94 95 96 97 98 99 100 101 102 103 104 105 106 107 108 109 110 111 112 113 114 115 116 117 118 119 120 121 122 123 124 125 126 127 128 129 130 131 132 133 134 135 136 137 9 112 140 141 67 17 144 145 146 147 148 114 47 30 152 153 154 155 156 157 46 159 160 161 162 163 164 165 166 167 168 169 170 171 172 173 174 175 176 177 178 179 180 181 182 183 184 185 186 187 188 156 190 26 34 193 194 195 196 27 7
?,4?,???,?9?,?212,??53,3???,?377,8????,9????2,????641989,??23918??176?,3???622?8??????7,9?753???97?2600053?35,1?59?181???27?5???994??,16?1?4?65?2??55??4?01?6?,101?477?3??21?87?2????1????7??8??1??8?610
0 1 2 3 4 5 6 7 8 9 10 11 12 13 14 15 16 17 18 19 20 21 22 23 24 25 26 27 28 29 30 31 32 33 34 35 36 37 38 39 40 41 42 43 44 45 46 47 48 49 50 51 52 53 54 55 56 57 58 59 60 61 62 63 64 65 66 67 68 69 70 71 72 73 74 75 76 77 78 79 80 81 82 83 84 85 86 87 88 89 90 91 92 93 94 95 96 97 98 99 100 101 102 103 104 105 106 107 108 109 110 111 112 113 114 115 116 117 118 119 120 121 122 123 124 125 126 127 128 129 130 131 132 133 134 135 136 137 138 139 140 141 142 143 144 145 146 147 148 149 150 151 152 153 154 155 156 157 158 159 160 161 162 163 164 165 166 167 168 169 170 171 172 173 174 175 176 177 178 179 180 181 182 183 184 185 186 187 188 189 190 191 192 193 194 195 196 197 198 199
?,3,?,?,?,?,?,?,1?,??,6?,??,93,294,471,498,?5??,375?,?4??,3?5?1,4???2,??041,??5?8,?????,????7?,?78?9?,???08?,759?16,?24???,2?9?40?,??????4,?????59?,???9202?,?7??4???,18???2?2?,1181?8????6,?3???????79?
0 1 2 3 4 5 6 7 8 9 10 11 12 13 14 15 16 17 18 19 20 21 22 23 24 25 26 27 28 29 30 31 32 33 34 35 36 37 38 39 40 41 42 43 44 45 46 47 48 49 50 51 52 53 54 55 56 57 58 59 60 61 62 63 64 65 66 67 68 69 70 71 72 73 74 75 76 77 78 79 80 81 82 83 84 85 86 87 88 89 90 91 92 93 94 95 96 97 98 99 100 101 102 103 104 105 106 107 108 109 110 111 112 113 114 115 116 117 118 119 120 121 122 123 124 125 126 127 128 129 130 131 132 133 134 135 136 137 138 139 140 141 142 143 144 145 146 147 148 149 150 151 152 153 154 155 156 157 158 159 160 161 162 163 164 165 166 167 168 169 170 171 172 173 174 175 176 177 178 179 180 181 182 183 184 185 186 187 188 189 190 191 192 193 194 195 196 197 198 199
9,39???7,44??5????4??82?2?,85?59,??3?9,??9373,3?9???06,?72?07?0??62?677?83?67?038323??3??4???6115???9????6?5?756??8????83818?0????5,??85??55?69??516???5?8?5??8?67?0???8??457??3?24??583?816??57?471????
0 1 2 3 4 5 6 7 8 9 10 11 12 13 14 15 16 17 18 19 20 21 22 23 24 25 26 27 28 29 30 31 32 33 34 35 36 37 38 39 40 41 42 43 44 45 46 47 48 49 50 51 52 53 54 55 56 57 58 59 60 61 62 63 64 65 66 67 68 69 70 71 72 73 74 75 76 77 78 79 80 81 82 83 84 85 86 87 88 89 90 91 92 93 94 95 96 97 98 99 100 101 102 103 104 105 106 107 108 109 110 111 112 113 114 115 116 117 118 119 120 121 122 123 124 125 126 127 128 129 130 131 132 133 134 135 136 137 138 139 140 141 142 143 144 145 146 147 148 149 150 151 152 153 154 155 156 157 158 159 160 161 162 163 164 165 166 167 168 169 170 171 172 173 174 175 176 177 178 179 180 181 182 183 184 185 186 187 188 189 190 191 192 193 194 195 196 197 198 199
6,7?827,?68,49?7,9823,7?7182,1490828,954?311?8597?30625??2643673185,244205465?886,606?80?132093,?57931?0?55?1,41?3450345535?,50?046668416954,91819376513086?858,47?63?47229?691723?9?8228?16?651389?9562
0 1 2 3 4 5 6 7 8 9 10 11 12 13 14 15 16 17 18 19 20 21 22 23 24 25 26 27 28 29 30 31 32 33 34 35 36 37 38 39 40 41 42 43 44 45 46 47 48 49 50 51 52 53 54 55 56 57 58 59 60 61 62 63 64 65 66 67 68 69 70 71 72 73 74 75 76 77 78 79 80 81 82 83 84 85 86 87 88 89 90 91 92 93 94 95 96 97 98 99 100 101 102 103 104 105 106 107 108 109 110 111 112 113 114 115 116 117 118 119 120 121 122 123 124 125 126 127 128 129 130 131 132 133 134 135 136 137 138 139 140 141 142 143 144 145 146 147 148 149 150 151 152 153 154 155 156 157 158 159 160 161 162 163 164 165 166 167 168 169 170 171 172 173 174 175 176 177 178 179 180 181 182 183 184 185 186 187 188 189 190 191 192 193 194 195 196 197 198 199
?3?942372118??7?6?0,?88?8,?,7,??,652,1?,?8,?9,?6?,7???,?47?,?0115,94270???,659?3,99416??4,21?,?????,?0,3?3,?0?463,8?59375??2,21??,38?8,75?5??52,?2??1,?02?8,179?862?,9??73,6??,2?259????9,?9678?4?863??
0 1 2 0 4 5 0 7 8 0 10 11 12 0 14 15 16 17 18 4 20 21 22 23 24 1 26 27 28 29 30 31 32 33 34 0 36 37 38 39 40 41 42 43 44 45 46 47 48 49 50 51 52 53 54 55 56 57 58 59 60 61 62 63 64 65 66 67 68 69 70 56 72 73 74 75 76 77 78 79 80 81 82 83 84 85 85 45 29 89 90 91 92 93 94 95 96 6 31 99 100 101 102 103 104 105 106 107 108 109 110 15 35 113 114 115 116 71 84 119 112 103 122 96 124 125 126 127 128 129 130 131 132 133 134 135 136 137 138 130 140 141 142 143 144 145 146 147 148 149 150 151 152 153 154 155 156 157 158 159 160 161 134 106 164 165 166 167 168 10 170 171 172 24 174 175 176 177 178 179 180 181 25 32 172 185 186 187 41 31 121 28 192 172 4 17 11 1 14
749?????6??23?4?0307??5?804???8?64?5,?2????22?,41,2?3,375,3??,1?68,38?3?,81??6?,766,8??,?4???7?,??76?0,?1?8,?00?48,??9?,196?9??,?2?5?,24322?365,33???,64??1,?197?1??,6??,????9??92???5?,6?74?,6?2014?1?
0 0 0 0 0 0 0 0 8 6 5 7 0 13 5 8 7 2 18 9 2 21 4 23 2 25 26 6 28 29 30 6 32 33 34 35 4 37 38 39 40 41 42 20 1 38 46 47 48 49 50 51 52 53 54 55 56 57 58 59 60 61 62 63 64 65 66 67 68 69 70 24 72 73 74 75 76 16 21 79 80 81 82 83 84 85 86 87 88 89 90 91 23 65 49 95 96 97 98 99 40 6 102 103 104 98 106 107 108 109 110 111 112 11 114 115 116 117 118 119 120 121 122 123 124 32 112 127 128 129 130 131 132 133 134 135 136 137 138 62 140 141 20 143 144 145 146 147 148 149 150 151 152 153 154 155 156 157 158 159 160 82 102 141 164 165 166 167 168 169 170 171 172 157 174 175 176 59 178 179 125 125 82 183 184 185 186 187 46 189 190 191 192 38 33 10 102 16 7
4???2?38??????6??41?9?5?9?1?5??4??,93,??77,??,??3?4?3?51???3????,1???7,???4?,9?89?5,1??6????515?5??,????96?39,7???,?2???8,??1?4,52?????,?2????,??7???,?????81?,467???8,???9??08,7??38,?????3???6??79737
0 0 0 0 0 0 0 0 2 8 2 4 8 4 3 15 5 17 13 8 20 7 22 23 8 25 26 11 28 29 4 31 32 33 17 35 36 1 38 39 40 41 3 43 44 45 46 47 48 25 48 37 21 28 17 49 51 12 3 49 42 48 2 26 64 65 66 67 68 69 70 71 72 73 74 75 76 77 78 79 80 81 70 83 84 85 86 87 88 89 90 69 48 77 94 95 96 97 98 99 100 101 102 103 104 105 106 107 13 109 110 111 112 113 114 115 116 117 118 119 49 121 122 123 124 125 126 127 128 129 130 131 132 131 134 135 136 137 138 139 140 141 142 143 144 145 146 147 148 149 150 151 152 153 154 155 156 90 158 159 160 161 162 163 164 165 166 167 168 169 170 171 172 173 4 175 176 177 54 68 180 181 182 183 184 185 186 42 46 189 190 110 192 193 194 45 19 22 6
4,5,?5,32,40,71,?5,?9,?88,588,597,?56,??80,?295,7551?3,?5?8828,3?21518,43?6054,646??258,?06746?7?,92203??938,18143??25867,201???00546?,51?71?????9599,6?5?23?3??399?0881,8702?8892?61???7000557?9?499272
0 1 2 3 4 5 6 7 8 9 10 11 12 13 14 15 16 17 18 19 20 21 22 23 24 25 26 27 28 29 30 31 32 33 34 35 36 37 38 39 40 41 42 43 44 45 46 47 48 49 50 51 52 53 54 55 56 57 58 59 60 61 62 63 64 65 66 67 68 69 70 71 72 73 74 75 76 77 78 79 80 81 82 83 84 85 86 87 88 89 90 91 92 93 94 95 96 97 98 99 100 101 102 103 104 105 106 107 108 109 110 111 112 113 114 115 116 117 118 119 120 121 122 123 124 125 126 127 128 129 130 131 132 133 134 135 136 137 138 139 140 141 142 143 144 145 146 147 148 149 150 151 152 153 154 155 156 157 158 159 160 161 162 163 164 165 166 167 168 169 170 171 172 173 174 175 176 177 178 179 180 181 182 183 184 185 186 187 188 189 190 191 192 193 194 195 196 197 198 199
1,3,4,6?8,32,35,43,48?5?,64?77??9,227,22?,299,495,?45,908,1951,54?6,7464,7485?793?,8703,55169?55?08,66516,9?587?3025?9,3347864,1?36585280,66?51622477,7423074?840,?0490938192525?933,4491?43?858???583?7
0 1 2 3 4 5 6 7 8 9 10 11 12 13 14 15 16 17 18 19 20 21 22 23 24 25 26 27 28 29 30 31 32 33 34 35 36 37 38 39 40 41 42 43 44 45 46 47 48 49 50 51 52 53 54 55 56 57 58 59 60 61 62 63 64 65 66 67 68 69 70 71 72 73 74 75 76 77 78 79 80 81 82 83 84 85 86 87 88 89 90 91 92 93 94 95 96 97 98 99 100 101 102 103 104 105 106 107 108 109 110 111 112 113 114 115 116 117 118 119 120 121 122 123 124 125 126 127 128 129 130 131 132 133 134 135 136 137 138 139 140 141 142 143 144 145 146 147 148 149 150 151 152 153 154 155 156 157 158 159 160 161 162 163 164 165 166 167 168 169 170 171 172 173 174 175 176 177 178 179 180 181 182 183 184 185 186 187 188 189 190 191 192 193 194 195 196 197 198 199
2,5,38,?7,68,83?163?1?5??47,8620290?,??6212535,75512?40?,744340163?73,5080?088052?2??6??82?66608?6?256454???75?90?247619??2438?,1?2?971?480?5514??723,4?53277581955454?185112?74770613170??0?78663320?11
0 1 2 3 4 5 6 7 8 9 10 11 12 13 14 15 16 17 18 19 20 21 22 23 24 25 26 27 28 29 30 31 32 33 34 35 36 37 38 39 40 41 42 43 44 45 46 47 48 49 50 51 52 53 54 55 56 57 58 59 60 61 62 63 64 65 66 67 68 69 70 71 72 73 74 75 76 77 78 79 80 81 82 83 84 85 86 87 88 89 90 91 92 93 94 95 96 97 98 99 100 101 102 103 104 105 106 107 108 109 110 111 112 113 114 115 116 117 118 119 120 121 122 123 124 125 126 127 128 129 130 131 132 133 134 135 136 137 138 139 140 141 142 143 144 145 146 147 148 149 150 151 152 153 154 155 156 157 158 159 160 161 162 163 164 165 166 167 168 169 170 171 172 173 174 175 176 177 178 179 180 181 182 183 184 185 186 187 188 189 190 191 192 193 194 195 196 197 198 199
159?3?2035?83??7?795?8807062059?0??3??2?09??78104??226437??991??12,?8,??66950,5396387????6?34??378?8?,?03?,?74?354347217,1272,39??7?,19785?,?7?34??08,??63079?,??1,99?,?19?1?35,?????,33?1??847?133838?
0 0 0 0 0 0 3 4 5 4 0 11 2 5 1 0 16 17 11 19 6 21 2 23 4 25 0 27 28 13 2 31 2 33 34 4 36 37 5 39 40 5 42 43 21 45 3 47 48 49 7 51 52 27 54 55 56 4 58 59 60 61 62 27 64 65 66 67 68 11 70 71 72 73 74 2 76 77 78 79 80 81 82 83 84 1 86 87 88 89 90 91 92 93 94 95 91 97 98 99 100 101 102 103 38 85 106 107 108 109 110 111 112 113 114 87 78 117 118 47 120 121 122 123 124 125 126 127 128 129 66 18 132 133 134 135 136 137 22 139 140 141 142 143 4 145 146 147 148 149 150 151 152 72 154 86 131 148 158 159 160 161 162 163 164 165 166 167 168 169 170 163 172 173 174 175 176 177 178 179 30 181 182 183 184 185 186 187 188 189 190 191 192 149 34 24 7 8 3
1,3,5,6,7,8,9,44?48,65,91?93,153,614,66?,69??187?,?567,5424,8085,2255??87??0,?97?5?,7361?39,588??2?7?2?1?86901,??4???62?,425??9114?5?9202?12?86???,8?35747284?156?6?00040?328?2?5?,6405?7112?5??276?783?
0 1 2 3 4 5 6 7 8 9 10 11 12 13 14 15 16 17 18 19 20 21 22 23 24 25 26 27 28 29 30 31 32 33 34 35 36 37 38 39 40 41 42 43 44 45 46 47 48 49 50 51 52 53 54 55 56 57 58 59 60 61 62 63 64 65 66 67 68 69 70 71 72 73 74 75 76 77 78 79 80 81 82 83 84 85 86 87 88 89 90 91 92 93 94 95 96 97 98 99 100 101 102 103 104 105 106 107 108 109 110 111 112 113 114 115 116 117 118 119 120 121 122 123 124 125 126 127 128 129 130 131 132 133 134 135 136 137 138 139 140 141 142 143 144 145 146 147 148 149 150 151 152 153 154 155 156 157 158 159 160 161 162 163 164 165 166 167 168 169 170 171 172 173 174 175 176 177 178 179 180 181 182 183 184 185 186 187 188 189 190 191 192 193 194 195 196 197 198 199
6????514?7?8?5???34??8??????????26533?,1?67,1???6,??,?56?,??1?,8???,??7??,????0,?01????0???1?,??5?83,????1?,??7?993,5096?5??9749????,???,803,8??,70??3,?35???,5??8??,5??8?4??,?650?2,27?1,??83??,???6?5
0 0 0 0 0 0 0 0 5 0 10 7 6 2 5 4 8 5 18 7 20 6 22 2 24 10 26 3 28 29 10 31 32 4 34 35 16 14 38 39 40 41 42 43 44 45 46 47 3 49 50 51 52 53 54 55 52 57 58 59 60 61 62 63 64 65 66 67 68 69 70 71 72 73 74 75 76 77 78 79 80 81 82 83 84 85 86 71 88 7 70 91 92 93 94 95 96 97 98 99 100 101 102 103 104 105 106 107 108 109 110 111 112 113 114 115 116 117 118 119 120 121 122 122 1 114 19 70 128 129 17 17 132 133 134 135 136 137 138 139 140 141 142 143 144 145 146 147 148 32 150 151 152 153 154 155 99 157 158 159 160 161 162 163 164 165 166 167 168 169 170 79 22 173 174 175 176 177 131 13 180 181 182 183 184 185 186 187 188 189 31 173 20 193 194 9 26 11 8
?9536?288973?2?1457?395001?14?18?32???74582??,???2619547?84?,89?074,1742284????7366??3747,??0??66?9??,4?33??9??5?896,1??,?26,15?2?,4?8819?,5??15??,2?7909399?86??,290??66???48,6206?5??1,?55?,7?6413?6?
0 0 0 0 0 0 0 0 1 1 0 11 6 6 3 2 8 11 7 6 2 8 2 5 24 4 26 26 11 29 8 31 7 33 8 35 36 2 38 39 8 41 42 43 44 5 46 47 48 49 50 5 52 53 54 55 56 57 58 15 60 61 62 63 64 65 59 67 68 69 70 71 72 73 74 75 76 77 78 68 80 81 82 83 84 85 86 87 88 89 90 91 92 93 94 95 96 97 98 99 100 101 102 103 104 105 106 107 108 109 110 111 112 79 3 8 116 117 118 119 120 121 122 123 124 125 126 127 128 55 130 131 132 133 134 135 136 137 138 139 140 141 142 143 144 145 146 147 148 149 150 151 152 153 154 85 156 157 158 122 160 161 162 163 164 165 139 167 168 169 170 171 172 173 174 175 176 177 178 179 180 181 182 16 184 185 186 187 31 189 190 191 192 193 116 29 42 20 4
?,8,??,?83,2?2?29?,6?????????,8726???56?0,?87???7036??,?59??1??0???,??6?0??59???,??8?99167?5??4????6,4???28?49?82???911071??1??3???,???6???5??????1??33?249?7??06??49,5????????9????958?0????5??1??76?07
0 1 2 3 4 5 6 7 8 9 10 11 12 13 14 15 16 17 18 19 20 21 22 23 24 25 26 27 28 29 30 31 32 33 34 35 36 37 38 39 40 41 42 43 44 45 46 47 48 49 50 51 52 53 54 55 56 57 58 59 60 61 62 63 64 65 66 67 68 69 70 71 72 73 74 75 76 77 78 79 80 81 82 83 84 85 86 87 88 89 90 91 92 93 94 95 96 97 98 99 100 101 102 103 104 105 106 107 108 109 110 111 112 113 114 115 116 117 118 119 120 121 122 123 124 125 126 127 128 129 130 131 132 133 134 135 136 137 138 139 140 141 142 143 144 145 146 147 148 149 150 151 152 153 154 155 156 157 158 159 160 161 162 163 164 165 166 167 168 169 170 171 172 173 174 175 176 177 178 179 180 181 182 183 184 185 186 187 188 189 190 191 192 193 194 195 196 197 198 199
2,???,9?26?3?,7?,???9???48,?9??586,?1????9???6,????,2?3?,2?69,?873,????8,??2?3,??570,9?6?4??2????4??4????????????21,5?63?7????8?4??2??2?6??196?,4?????59??4????0924????????8???181?2????4?,1????6?9?6???
0 1 2 3 4 5 6 7 8 9 10 11 12 13 14 15 16 17 18 19 20 21 22 23 24 25 26 27 28 29 30 31 32 33 34 35 36 37 38 39 40 41 42 43 44 45 46 47 48 49 50 51 52 53 54 55 56 57 58 59 60 61 62 63 64 65 66 67 68 69 70 71 72 73 74 75 76 77 78 79 80 81 82 83 84 85 86 87 88 89 90 91 92 93 94 95 96 97 98 99 100 101 102 103 104 105 106 107 108 109 110 111 112 113 114 115 116 117 118 119 120 121 122 123 124 125 126 127 128 129 130 131 132 133 134 135 136 137 138 139 140 141 142 143 144 145 146 147 148 149 150 151 152 153 154 155 156 157 158 159 160 161 162 163 164 165 166 167 168 169 170 171 172 173 174 175 176 177 178 179 180 181 182 183 184 185 186 187 188 189 190 191 192 193 194 195 196 197 198 199
?,?,??,8?,7?8,5??86,??1??0,?07????,?7????4,9??06???,??????????,??576?????6?28?,19???55??60????14?1?,4??8?557?4?75?5????9,?0?855?68??9?7??45???8?,67???1244??27??6???3?21,17?4????8?602??????7?8???5??1??
0 1 2 3 4 5 6 7 8 9 10 11 12 13 14 15 16 17 18 19 20 21 22 23 24 25 26 27 28 29 30 31 32 33 34 35 36 37 38 39 40 41 42 43 44 45 46 47 48 49 50 51 52 53 54 55 56 57 58 59 60 61 62 63 64 65 66 67 68 69 70 71 72 73 74 75 76 77 78 79 80 81 82 83 84 85 86 87 88 89 90 91 92 93 94 95 96 97 98 99 100 101 102 103 104 105 106 107 108 109 110 111 112 113 114 115 116 117 118 119 120 121 122 123 124 125 126 127 128 129 130 131 132 133 134 135 136 137 138 139 140 141 142 143 144 145 146 147 148 149 150 151 152 153 154 155 156 157 158 159 160 161 162 163 164 165 166 167 168 169 170 171 172 173 174 175 176 177 178 179 180 181 182 183 184 185 186 187 188 189 190 191 192 193 194 195 196 197 198 199
1,2,3,4,5,6,7,11,13,37,4?,?2,61,66,83,96,??8,5?0,8?3,?775,23751,38169,45?4?,?64?10,9?2674,957385,47???17,99?2889,125965?4,30?90384?,421006836,2?8?872?56,29883?0489,482574833?,?2??72657107,9?632892?985
0 1 2 3 4 5 6 7 8 9 10 11 12 13 14 15 16 17 18 19 20 21 22 23 24 25 26 27 28 29 30 31 32 33 34 35 36 37 38 39 40 41 42 43 44 45 46 47 48 49 50 51 52 53 54 55 56 57 58 59 60 61 62 63 64 65 66 67 68 69 70 71 72 73 74 75 76 77 78 79 80 81 82 83 84 85 86 87 88 89 90 91 92 93 94 95 96 97 98 99 100 101 102 103 104 105 106 107 108 109 110 111 112 113 114 115 116 117 118 119 120 121 122 123 124 125 126 127 128 129 130 131 132 133 134 135 136 137 138 139 140 141 142 143 144 145 146 147 148 149 150 151 152 153 154 155 156 157 158 159 160 161 162 163 164 165 166 167 168 169 170 171 172 173 174 175 176 177 178 179 180 181 182 183 184 185 186 187 188 189 190 191 192 193 194 195 196 197 198 199
?,2,3,4?5,6??,?,13,?1,55?73,84,1?1,770,80?,3?19,??90??7318,6?231?01476770,69???650,884,3??6?8??7,81?589?66?,77?,358?1264,?9??,?665?4724?2?,?11?33,?45443,7?5?3?13??2,?5??527113?2,16?30?158851,74?79?022
0 1 2 3 4 5 6 7 8 9 10 11 12 13 14 15 16 17 18 19 20 21 22 23 24 25 26 27 28 29 30 31 32 33 34 35 36 37 38 39 40 41 42 43 44 45 46 47 48 49 50 51 52 53 54 55 56 57 58 59 60 61 62 63 64 65 66 67 68 31 70 71 11 73 74 75 71 22 78 55 80 15 82 83 84 85 86 87 88 89 90 91 92 93 94 95 96 97 98 99 100 101 73 103 104 105 106 107 108 109 110 111 112 113 114 115 35 117 118 119 120 121 122 123 124 125 126 127 128 129 130 66 15 39 134 135 136 78 138 139 140 141 87 143 144 145 146 147 148 149 15 24 152 153 154 155 156 157 158 159 160 113 162 163 164 165 166 167 168 144 115 17 116 113 174 175 7 177 178 179 180 10 182 183 184 185 186 180 180 5 190 191 192 5 3 4 3 1 1 0
?,2,?,6,7,?,?,?2,97,229,2?0,???,??3,???5,?362,?023,?7?1?,53??5,5?60?,22??93,5?707?,71?5??,??3791?,3??309?5,2378?867??,?49?8?8??6,?02??6???5,?2?747?5?8,258734?60946?63?922?,??898?84130?80?35???16????03
0 1 2 3 4 5 6 7 8 9 10 11 12 13 14 15 16 17 18 19 20 21 22 23 24 25 26 27 28 29 30 31 32 33 34 35 36 37 38 39 40 41 42 43 44 45 46 47 48 49 50 51 52 53 54 55 56 57 58 59 60 61 62 63 64 65 66 67 68 69 70 71 72 73 74 75 76 77 78 79 80 81 82 83 84 85 86 87 88 89 90 91 92 93 94 95 96 97 98 99 100 101 102 103 104 105 106 107 108 109 110 111 112 113 114 115 116 117 118 119 120 121 122 123 124 125 126 127 128 129 130 131 132 133 134 135 136 137 138 139 140 141 142 143 144 145 146 147 148 149 150 151 152 153 154 155 156 157 158 159 160 161 162 163 164 165 166 167 168 169 170 171 172 173 174 175 176 177 178 179 180 181 182 183 184 185 186 187 188 189 190 191 192 193 194 195 196 197 198 199
??5?2?27?1?750?7??,2?,?0,5?,3??,3,4,5,?,?,?,4?6,?7?,???3??,3,?,?,?,7,22,4?,6?,7?,7?,280?,???????,2?5?,????,???,2316??,?5?9,3?2?,??235,?????,???,?5??,7?60,??4??,?87????2,?62??,4??67?52?????2??287??986
0 1 2 3 4 5 0 7 8 9 10 11 12 13 14 15 16 0 18 19 20 21 22 23 24 25 26 27 28 29 30 7 32 33 34 35 36 37 38 39 40 41 42 43 44 45 46 47 48 49 50 51 52 53 54 55 56 0 58 59 60 61 62 63 64 65 66 67 68 69 70 71 72 73 74 75 76 77 78 79 80 81 82 83 84 85 86 8 88 89 90 91 76 4 42 95 96 97 98 99 76 101 102 103 104 77 106 107 108 109 110 111 112 113 114 40 116 117 118 119 120 91 122 123 124 125 126 127 128 129 130 131 21 133 134 135 136 64 66 139 140 141 142 143 144 145 146 147 148 149 150 151 152 153 154 155 156 157 158 159 160 161 162 163 164 130 166 131 168 169 170 171 172 4 174 175 176 177 178 179 180 118 182 183 127 5 27 13 40 189 65 191 36 34 194 4 58 59 58
329146786890758101147,807,6,61,139?197889377837?27,7424,766?7922,600138,5152054,1933?630?6212683221,8?9746894?0?5,824170?745491,274879,951530,9?5?08?,51??9046,9132347?,462223378,2?34026132?5614803829
0 0 0 0 0 0 0 0 1 3 1 11 2 13 10 7 16 17 3 19 20 7 22 23 24 4 26 27 28 29 30 31 32 33 0 35 36 37 38 39 40 41 42 43 44 45 14 43 48 16 50 51 52 53 40 55 56 57 58 59 60 61 62 21 64 65 66 67 68 69 70 71 72 73 74 75 76 77 78 79 80 81 82 83 84 85 86 87 21 89 90 91 92 93 58 95 96 97 98 99 100 101 102 103 104 105 106 59 108 109 110 40 64 113 114 115 116 117 118 119 120 46 75 123 124 125 8 127 128 129 130 7 39 70 134 135 136 137 138 139 140 141 142 143 144 145 146 147 148 149 150 151 152 153 154 155 156 157 158 159 160 161 162 163 164 165 166 167 168 169 170 171 172 173 174 175 176 177 178 179 180 181 182 183 184 185 186 187 41 50 92 191 64 129 194 26 37 16 3
1,2,3,?,?,?,?1,57,?8,8?6,9??,???,14284,???3?,?7?6??,87????,?????2?,?692?8??,??647??9,?2?6?4?1?,5??4??3?0?6,157??8166603??9?,5??745?2??0?19?07,?78281??6?848??9?,???51???111?3656?40,?0?22?????348?????99
0 1 2 3 4 5 6 7 8 9 10 11 12 13 14 15 16 17 18 19 20 21 22 23 24 25 26 27 28 29 30 31 32 33 34 35 36 37 38 39 40 41 42 43 44 45 46 47 48 49 50 51 52 53 54 55 56 57 58 59 60 61 62 63 64 65 66 67 68 69 70 71 72 73 74 75 76 77 78 79 80 81 82 83 84 85 86 87 88 89 90 91 92 93 94 95 96 97 98 99 100 101 102 103 104 105 106 107 108 109 110 111 112 113 114 115 116 117 118 119 120 121 122 123 124 125 126 127 128 129 130 131 132 133 134 135 136 137 138 139 140 141 142 143 144 145 146 147 148 149 150 151 152 153 154 155 156 157 158 159 160 161 162 163 164 165 166 167 168 169 170 171 172 173 174 175 176 177 178 179 180 181 182 183 184 185 186 187 188 189 190 191 192 193 194 195 196 197 198 199
??8???65?4?603?33??54?0?3666?433?2??270?3715?97,?4,49,1?,7?,81,88?,?,4?,1?058?9,?,?,?,??,?8,?84?2,?5?84160707?33?8?9,?2?0,376,863,??8?2039??1?427,?46?,96?3,?41,146737???,95?6144?,?9?3,3?06?1?264??2?0
0 0 0 0 0 0 6 4 1 6 1 11 4 13 0 15 16 2 18 19 15 21 22 15 24 25 15 27 28 29 0 31 32 33 34 14 36 4 38 39 40 41 6 43 44 45 46 3 48 49 50 51 52 15 54 55 56 57 58 59 60 61 62 63 64 65 31 67 68 69 70 71 72 73 74 75 76 77 78 4 80 81 82 83 84 85 86 87 88 89 90 91 92 93 3 95 96 97 98 99 100 101 102 103 104 105 106 107 108 109 110 111 13 102 42 90 43 117 118 119 56 121 122 123 124 125 126 127 128 129 130 131 132 133 107 21 119 100 138 139 127 141 46 132 144 145 146 147 148 149 150 151 152 153 154 113 156 157 158 159 160 161 162 163 98 165 166 167 168 169 170 171 172 173 174 127 176 113 178 179 180 181 182 183 184 185 186 187 188 34 101 191 8 39 68 3 5 196 1
669,4575,20444405697312492,8,9,54,84,455,6163,5,6,7,8,9,19,76,104,837,5721,7977,8441,61584,100061,258338,2957690,7379808,31595764,402024?8,4614594405448,8241433,2463,5066,813?6235,69954617,851,333087
0 1 0 3 4 5 6 0 8 9 10 11 12 13 0 15 16 17 18 19 20 21 22 23 24 0 26 27 28 29 30 31 32 33 34 35 36 37 38 39 40 41 42 43 0 45 46 47 48 49 50 51 52 53 54 55 56 57 58 59 60 61 62 63 64 65 66 67 68 69 70 71 72 73 74 75 76 77 78 79 80 81 82 83 84 85 86 87 88 89 90 91 92 93 94 95 96 97 98 99 100 101 102 103 104 105 106 107 108 109 110 111 112 113 114 115 116 117 118 119 120 121 122 123 124 125 126 127 128 129 130 131 132 133 134 135 136 137 138 139 140 141 142 143 144 145 146 147 37 149 150 14 152 153 154 155 156 157 158 43 160 161 162 163 164 165 166 167 168 169 170 171 172 173 174 155 176 177 178 179 180 181 182 183 184 185 186 28 188 189 190 191 192 193 194 195 196 8 45
647,?591??01,37?5??90?,32?663?3?2?,28?5618?2????,?9??08?21?0912216,6??77?8??263?6?8?71??5,2?6?4??56??22???34?274??35??83?4,299?9857340727?81?2??237?43?771??0?88,153?7?16?1??3?6???5?72??64481?7???3?5?8
0 1 2 3 4 5 6 7 8 9 10 11 12 13 14 15 16 17 18 19 20 21 22 23 24 25 26 27 28 29 30 31 32 33 34 35 36 37 38 39 40 41 42 43 44 45 46 47 48 49 50 51 52 53 54 55 56 57 58 59 60 61 62 63 64 65 66 67 68 69 70 71 72 73 74 75 76 77 78 79 80 81 82 83 84 85 86 87 88 89 90 91 92 93 94 95 96 97 98 99 100 101 102 103 104 105 106 107 108 109 110 111 112 113 114 115 116 117 118 119 120 121 122 123 124 125 126 127 128 129 130 131 132 133 134 135 136 137 138 139 140 141 142 143 144 145 146 147 148 149 150 151 152 153 154 155 156 157 158 159 160 161 162 163 164 165 166 167 168 169 170 171 172 173 174 175 176 177 178 179 180 181 182 183 184 185 186 187 188 189 190 191 192 193 194 195 196 197 198 199
1864?717244943?59629525839?68?,76,6033,3,19,74?4469934141066?3?959816?727??255,2?,8?0,238625,4276500653?93?,67578488739848?,95299277696076?2,5130406911?62?5884578583422,63118,2501?9,332?5234014?51419
0 0 0 0 4 0 6 1 0 9 10 8 12 0 14 15 16 3 18 19 0 21 22 23 1 25 26 27 28 14 30 31 32 33 34 35 36 37 1 39 40 41 42 43 44 45 46 47 48 49 4 51 52 53 54 55 56 57 58 59 60 61 62 1 64 65 66 67 68 69 70 71 72 73 74 75 76 39 78 79 80 81 82 83 84 85 86 87 88 89 15 61 92 93 94 95 96 97 98 99 100 101 102 103 104 105 106 107 108 109 110 111 112 113 114 115 116 117 118 119 120 121 16 123 124 125 126 127 97 129 130 131 132 133 134 135 136 137 49 9 140 141 142 115 144 145 146 147 148 149 75 151 152 153 154 155 156 157 158 159 160 161 162 163 164 165 69 24 168 169 170 171 172 173 174 175 176 177 178 179 180 181 182 183 184 185 186 187 41 189 11 36 15 193 194 195 196 9 6
1,?,?,5,7,??,6?,95,??2,???,96??3,??0?8?,???47?0,???????,?????0??,?????9?3?,?????3???,4???9?3??0,???675?4?1,?3??562?5??,2??70?2???8,??7?30??28????,598026??9?7713???8505916??,??????3?????5672???6?????3?
0 1 2 3 4 5 6 7 8 9 10 11 12 13 14 15 16 17 18 19 20 21 22 23 24 25 26 27 28 29 30 31 32 33 34 35 36 37 38 39 40 41 42 43 44 45 46 47 48 49 50 51 52 53 54 55 56 57 58 59 60 61 62 63 64 65 66 67 68 69 70 71 72 73 74 75 76 77 78 79 80 81 82 83 84 85 86 87 88 89 90 91 92 93 94 95 96 97 98 99 100 101 102 103 104 105 106 107 108 109 110 111 112 113 114 115 116 117 118 119 120 121 122 123 124 125 126 127 128 129 130 131 132 133 134 135 136 137 138 139 140 141 142 143 144 145 146 147 148 149 150 151 152 153 154 155 156 157 158 159 160 161 162 163 164 165 166 167 168 169 170 171 172 173 174 175 176 177 178 179 180 181 182 183 184 185 186 187 188 189 190 191 192 193 194 195 196 197 198 199
???0?1??,??3??0?9,8?3?,???6,??????6??35,8150?8??93?99?17610?0??69?8??,?943?16,5??0?53?62?6??65??05?,95625??8?9?6?,???0?376????77?,?2?????543???36??2???6????3?6????57?7145?91???14??70?4?43?092390??98??
0 1 2 3 4 5 6 7 8 9 10 11 12 13 14 15 16 17 18 19 20 21 22 23 24 25 26 27 28 29 30 31 32 33 34 35 36 37 38 39 40 41 42 43 44 45 46 47 48 49 50 51 52 53 54 55 56 57 58 59 60 61 62 63 64 65 66 67 68 69 70 71 72 73 74 75 76 77 78 79 80 81 82 83 84 85 86 87 88 89 90 91 92 93 94 95 96 97 98 99 100 101 102 103 104 105 106 107 108 109 110 111 112 113 114 115 116 117 118 119 120 121 122 123 124 125 126 127 128 129 130 131 132 133 134 135 136 137 138 139 140 141 142 143 144 145 146 147 148 149 150 151 152 153 154 155 156 157 158 159 160 161 162 163 164 165 166 167 168 169 170 171 172 173 174 175 176 177 178 179 180 181 182 183 184 185 186 187 188 189 190 191 192 193 194 195 196 197 198 199
?,4,?,?,7,8,13,5?,7?,77,1??,?70,1?9?,419?,5???,13?60,21857,4?24?,??9142,?76805?,?6?7774,43624??3,5?07??1?,7??264?0,22?1?1949?,78?654?76?,?0?35????6,10?????19??,4163?92????,?228?9?5?6??,466?77?9?2?207?
0 1 2 3 4 5 6 7 8 9 10 11 12 13 14 15 16 17 18 19 20 21 22 23 24 25 26 27 28 29 30 31 32 33 34 35 36 37 38 39 40 41 42 43 44 45 46 47 48 49 50 51 52 53 54 55 56 57 58 59 60 61 62 63 64 65 66 67 68 69 70 71 72 73 74 75 76 77 78 79 80 81 82 83 84 85 86 87 88 89 90 91 92 93 94 95 96 97 98 99 100 101 102 103 104 105 106 107 108 109 110 111 112 113 114 115 116 117 118 119 120 121 122 123 124 125 126 127 128 129 130 131 132 133 134 135 136 137 138 139 140 141 142 143 144 145 146 147 148 149 150 151 152 153 154 155 156 157 158 159 160 161 162 163 164 165 166 167 168 169 170 171 172 173 174 175 176 177 178 179 180 181 182 183 184 185 186 187 188 189 190 191 192 193 194 195 196 197 198 199
??5?6,?,????2,71,?2?418,?29?712??24???75370,?874??175672?7678???87253?,?21358???2??32???64?0???5?14891?7?792679,82?????85,8??3??94196???46?970994???67?577???7?71?24?0??3609?9188?31?91,9?0?9?6527??176?
0 1 2 3 4 5 6 7 8 9 10 11 12 13 14 15 16 17 18 19 20 21 22 23 24 25 26 27 28 29 30 31 32 33 34 35 36 37 38 39 40 41 42 43 44 45 46 47 48 49 50 51 52 53 54 55 56 57 58 59 60 61 62 63 64 65 66 67 68 69 70 71 72 73 74 75 76 77 78 79 80 81 82 83 84 85 86 87 88 89 90 91 92 93 94 95 96 97 98 99 100 101 102 103 104 105 106 107 108 109 110 111 112 113 114 115 116 117 118 119 120 121 122 123 124 125 126 127 128 129 130 131 132 133 134 135 136 137 138 139 140 141 142 143 144 145 146 147 148 149 150 151 152 153 154 155 156 157 158 159 160 161 162 163 164 165 166 167 168 169 170 171 172 173 174 175 176 177 178 179 180 181 182 183 184 185 186 187 188 189 190 191 192 193 194 195 196 197 198 199
?,31?62,????7?,7???3??,734?42?,315????2,5??372??6?,?32????75?????,?5?????????5?31??,?4???290?6??4?2?6?16?,1????2?7???????2?0???4????0???,?4????52????7?3???9??????1??2?,8??4?????8??8??1?0??6???17?32???
0 1 2 3 4 5 6 7 8 9 10 11 12 13 14 15 16 17 18 19 20 21 22 23 24 25 26 27 28 29 30 31 32 33 34 35 36 37 38 39 40 41 42 43 44 45 46 47 48 49 50 51 52 53 54 55 56 57 58 59 60 61 62 63 64 65 66 67 68 69 70 71 72 73 74 75 76 77 78 79 80 81 82 83 84 85 86 87 88 89 90 91 92 93 94 95 96 97 98 99 100 101 102 103 104 105 106 107 108 109 110 111 112 113 114 115 116 117 118 119 120 121 122 123 124 125 126 127 128 129 130 131 132 133 134 135 136 137 138 139 140 141 142 143 144 145 146 147 148 149 150 151 152 153 154 155 156 157 158 159 160 161 162 163 164 165 166 167 168 169 170 171 172 173 174 175 176 177 178 179 180 181 182 183 184 185 186 187 188 189 190 191 192 193 194 195 196 197 198 199
???,??,87,???1??,??3,????,6???????3???88?,6?790?2??7198507?????3,???449??56?,30??4,??01????56?,?384??23?8?55??,39?0??4?8??5?0?389?3??3?5????43??2??644???7,?73??3?3,533???279?????73?,3?1107?0??????0??5
0 1 2 3 4 5 6 7 8 9 10 11 12 13 14 15 16 17 18 19 20 21 22 23 24 25 26 27 28 29 30 31 32 33 34 35 36 37 38 39 40 41 42 43 44 45 46 47 48 49 50 51 52 53 54 55 56 33 58 5 60 61 62 63 64 65 66 67 68 44 70 71 72 32 74 75 76 77 78 79 80 81 82 83 84 85 86 87 29 89 90 91 92 93 94 95 96 97 98 99 13 101 72 103 104 105 106 107 108 109 110 111 112 113 114 115 116 117 118 119 120 121 122 123 124 125 10 127 128 98 130 45 132 133 134 135 136 137 138 139 140 141 142 143 144 145 146 147 148 149 150 127 152 19 154 155 156 157 158 159 160 161 162 163 164 165 166 167 12 61 170 6 172 65 174 175 176 177 178 179 180 181 182 183 184 185 186 172 6 62 190 2 192 2 194 195 3 1 1 0
43,5474,50879,60309?,24475926,2783269525,46?5434?39,54961556472,842999043799345,50610871686270117,246758185290848119119279016,338914801611460?643774085485,7916416574582998793368334340?2543818295953094
0 1 2 3 4 5 6 7 8 9 10 11 12 13 14 15 16 17 18 19 20 21 22 23 24 25 26 27 28 29 30 31 32 33 34 35 36 37 38 39 40 41 42 43 44 45 46 47 48 49 50 51 52 53 54 55 56 57 58 59 60 61 62 63 64 65 66 67 68 69 70 71 72 73 74 75 76 77 78 79 80 81 82 83 84 85 86 87 88 89 90 91 92 93 94 95 96 97 98 99 100 101 102 103 104 105 106 107 108 109 110 111 112 113 114 115 116 117 118 119 120 121 122 123 124 125 126 127 128 129 130 131 132 133 134 135 136 137 138 139 140 141 142 143 144 145 146 147 148 149 150 151 152 153 154 155 156 157 158 159 160 161 162 163 164 165 166 167 168 169 170 171 172 173 174 175 176 177 178 179 180 181 182 183 184 185 186 187 188 189 190 191 192 193 194 195 196 197 198 199
????????????2434?148??1?2?1,????????,?083,?830,?2??0?,??16,?4????,285??4?,2?70?2????,?91?8,6???8,?????,3????21,6???2?,?8??,564??,4??2112?,???6?,624?0?,9???13?78?,?0???????,9?6?,??0836?0,??????5??4???
0 0 0 0 0 0 0 0 0 2 2 6 9 8 9 4 5 8 2 9 2 9 7 6 1 8 23 7 28 29 30 9 32 33 34 11 36 37 38 39 40 41 42 43 44 45 46 47 48 49 50 51 30 53 54 55 56 15 58 59 60 61 54 63 64 16 66 67 44 69 55 71 69 73 74 75 76 77 78 47 80 81 82 83 84 85 86 87 88 89 90 91 92 93 94 95 96 97 98 99 100 101 102 103 104 105 106 107 108 12 110 111 112 113 114 55 116 117 118 119 120 121 122 123 124 125 126 127 128 129 130 131 132 133 134 39 136 137 138 139 140 141 142 143 144 145 146 147 148 68 150 151 152 153 36 131 156 157 158 126 160 161 162 163 164 165 166 167 36 63 170 171 172 173 174 22 176 177 178 179 180 170 28 183 155 185 186 187 188 189 190 56 60 193 185 34 10 24 7
?19?1??182686?7?11???15????3????????8?????7?563?7?8???????971??????????4??6????01??5??2??118??3??4?152???1???4???2?2?66?????76?8??1???34??75???9???13?5???37???08??54??51?????8?31?91?4??78????1?76?????
0 1 2 3 4 5 6 7 8 9 10 11 12 13 14 15 16 17 18 19 20 21 22 23 24 25 26 27 28 29 30 31 32 33 34 35 36 37 38 39 40 41 42 43 44 45 46 47 48 49 50 51 52 53 54 55 56 57 58 59 60 61 62 63 64 65 66 67 68 69 70 71 72 73 74 75 76 77 78 79 80 81 82 83 84 85 86 87 88 89 90 91 92 93 94 95 96 97 98 99 100 101 102 103 104 105 106 107 108 109 110 111 112 113 114 115 116 117 118 119 120 121 122 123 124 125 126 127 128 129 130 131 132 133 134 135 136 137 138 139 140 141 142 143 144 145 146 147 148 149 150 151 152 153 154 155 156 157 158 159 160 161 162 163 164 165 166 167 168 169 170 171 172 173 174 175 176 177 178 179 180 181 182 183 184 185 186 187 188 189 190 191 192 193 194 195 196 197 198 199
1,56?4?6???5??02,?80??72??51?3,7?37?8?62??5013,?4?96?,48???3,?0?9??,2?2?888?4461?6?,?29?0??,9??8?582????407??9??63??9???7???5???7?83608,86?0???445?5??,??????9??9?370?,1?15?????8?84???18?5?443?????????
0 1 2 3 4 5 6 7 8 9 10 11 12 13 14 15 16 17 18 19 20 21 22 23 24 25 26 27 28 29 30 31 32 33 34 35 36 37 38 39 40 41 42 43 44 45 46 47 48 49 50 51 52 53 54 55 56 57 58 59 60 61 62 63 64 65 66 67 68 69 70 71 72 73 74 75 76 77 78 79 80 81 82 83 84 85 86 87 88 89 90 91 92 93 94 95 96 97 98 99 100 101 102 103 104 105 106 107 108 109 110 111 112 113 114 115 116 117 118 119 120 121 122 123 124 125 126 127 128 129 130 131 132 133 134 135 136 137 138 139 140 141 142 143 144 145 146 147 148 149 150 151 152 153 154 155 156 157 158 159 160 161 162 163 164 165 166 167 168 169 170 171 172 173 174 175 176 177 178 179 180 181 182 183 184 185 186 187 188 189 190 191 192 193 194 195 196 197 198 199
1,2,3,?,?,6,?,?,9,13,27,?3,3?,49,?0,7?,1??,?34,548,3200,3323,??0?,?342,?5?8,9?7?,97?8,8?885,86???,??8?0?,??1?8?,2?3397,4??958,?9?8??,89765?,????6??,99?2718,9?1552??,?59??96?7,?1?1????6?9,77449?96965?3
0 1 2 3 4 5 6 7 8 9 10 11 12 13 14 15 16 17 18 19 20 21 22 23 24 25 26 27 28 29 30 31 32 33 34 35 36 37 38 39 40 41 42 43 44 45 46 47 48 49 50 51 52 53 54 55 56 57 58 59 60 61 62 63 64 65 66 67 68 69 70 71 72 73 74 75 76 77 78 79 80 81 82 83 84 85 86 87 88 89 90 91 92 93 94 95 96 97 98 99 100 101 102 103 104 105 106 107 108 109 110 111 112 113 114 115 116 117 118 119 120 121 122 123 124 125 126 127 128 129 130 131 132 133 134 135 136 137 138 139 140 141 142 143 144 145 146 147 148 149 150 151 152 153 154 155 156 157 158 159 160 161 162 163 164 165 166 167 168 169 170 171 172 173 174 175 176 177 178 179 180 181 182 183 184 185 186 187 188 189 190 191 192 193 194 195 196 197 198 199
5,53,895,31?8,??58,4545??3456,??42,9245,87226197???43094?7092,40??,26?995?979?186?94?518862,19377,337356857280,1?9247644916,5?68?5,786698,4808?03780076965??694,?917,2684?4,?7,?37,?933,3889?83?4?96??6
0 1 2 3 4 5 6 7 8 9 10 11 12 13 14 15 16 17 18 19 20 21 22 23 24 25 0 27 28 29 30 31 32 33 34 35 36 37 38 39 40 41 42 43 44 45 46 47 48 49 50 51 52 53 54 55 14 57 58 59 4 61 62 63 64 65 54 67 68 69 70 71 72 73 74 75 76 77 78 79 80 81 52 35 84 85 86 87 25 16 90 91 92 93 94 95 96 97 98 99 100 101 102 20 104 105 106 21 108 109 110 111 112 113 114 115 116 12 16 119 118 33 103 123 124 125 126 127 128 129 130 131 132 133 134 135 136 137 138 139 140 141 142 143 144 69 146 147 148 149 150 151 152 153 154 155 156 157 12 159 160 161 162 163 164 165 166 167 168 169 27 171 172 173 174 175 176 177 178 179 180 181 182 183 184 185 186 187 174 61 7 61 6 190 61 4 171 27 1
?,?,?,?,?,9,2?,41,?7,??,??1,535,759,5140,6230,??5?,?4??,????,2????,3??37,?43?82,4??1??,4?5692,???6??,?39??4,9?957?,1?25342,1?6?2??,???0?254,?7755???02,?????217??,??19??3??23,26??06458?0,????7?9?7253?5
0 1 2 3 4 5 6 7 8 9 10 11 12 13 14 15 16 17 18 19 20 21 22 23 24 25 26 27 28 29 30 31 32 33 34 35 36 37 38 39 40 41 42 43 44 45 46 47 48 49 50 51 52 53 54 55 56 57 58 59 60 61 62 63 64 65 66 67 68 69 70 71 72 73 74 75 76 77 78 79 80 81 82 83 84 85 86 87 88 89 90 91 92 93 94 95 96 97 98 99 100 101 102 103 104 105 106 107 108 109 110 111 112 113 114 115 116 117 118 119 120 121 122 123 124 125 126 127 128 129 130 131 132 133 134 135 136 137 138 139 140 141 142 143 144 145 146 147 148 149 150 151 152 153 154 155 156 157 158 159 160 161 162 163 164 165 166 167 168 169 170 171 172 173 174 175 176 177 178 179 180 181 182 183 184 185 186 187 188 189 190 191 192 193 194 195 196 197 198 199
??7,???7???,???42?4?,??????78,?4,?23??54,33?,537,59??3?25????9,????3?4?09??3544??,?9?43?,40?67?,???0?79?2???95?0?52?3??????0?981???75333324????????81692???,?78????18?4??17?96??????94??,?43????????8?55
0 1 2 3 4 5 6 7 8 9 10 11 12 13 14 15 16 17 18 19 20 21 22 23 24 25 26 27 28 29 30 31 32 33 34 35 36 37 38 39 40 41 42 43 44 45 46 47 48 49 50 51 52 53 54 55 56 57 58 59 60 61 62 63 64 65 66 67 68 69 70 71 72 73 74 75 76 77 78 79 80 81 82 83 84 85 86 87 88 89 90 91 92 93 94 95 96 97 98 99 100 101 102 103 104 105 106 107 108 109 110 111 112 113 114 115 116 117 118 119 120 121 122 123 124 125 126 127 128 129 130 131 132 133 134 135 136 137 138 139 140 141 142 143 144 145 146 147 148 149 150 151 152 153 154 155 156 157 158 159 160 161 162 163 164 165 166 167 168 169 170 171 172 173 174 175 176 177 178 179 180 181 182 183 184 185 186 187 188 189 190 191 192 193 194 195 196 197 198 199
??4?59??383,2?0?,64?4?42,44,7?94275?5??75?0??18?75?0448???7535?5?34?,4,5,?,??,??,4?3,5,?,12,2?,???1,5?3??7,8,18,6?,?6,8?,?1?0,2108,?146?2???,???57?355,6?20??3723,74?7?35?30,???43??9??7,7?,35??,??7???
0 0 2 0 4 5 0 7 8 9 0 11 12 13 14 0 16 17 18 19 20 21 22 23 14 25 26 27 28 29 1 31 32 33 34 35 36 37 38 39 40 2 42 43 44 45 46 47 48 49 50 51 0 53 54 55 56 57 58 59 60 61 62 63 64 65 66 0 68 69 70 71 72 73 74 75 76 77 78 79 80 81 82 83 53 85 86 87 88 89 90 91 92 93 94 95 96 97 98 99 100 101 102 103 104 71 106 107 108 109 110 111 112 113 114 115 116 117 118 119 120 121 122 123 1 125 126 127 128 48 130 131 132 133 134 135 136 137 138 139 140 141 142 143 144 145 146 147 148 149 150 151 152 153 154 155 156 157 158 159 160 161 162 163 164 165 166 167 168 169 170 171 172 173 174 175 176 177 178 179 180 181 182 11 184 185 186 187 188 189 190 125 192 193 194 195 196 69 4
72143?586441?75618492,3?7,378,211981,190?8,53?7?230,15186,98744,7822951?766?7752,6074?43120?35,533896,26370?63,16654,721591135510,5312?,9705?2?,37524,14303?,436934?0,21807059,2231,5128735349329772519
0 0 0 0 0 0 0 0 0 1 6 7 4 1 5 4 3 9 8 13 7 21 22 23 24 25 26 27 28 29 30 31 32 33 11 35 36 37 38 39 40 41 42 43 44 45 46 47 9 32 50 51 52 53 54 55 56 57 58 59 60 61 62 63 64 65 66 67 68 69 12 39 72 73 58 75 76 77 78 79 80 81 82 83 84 85 86 87 43 89 90 91 92 93 94 95 96 97 98 99 100 101 102 103 104 105 106 107 108 13 110 111 112 113 114 108 116 117 118 119 120 121 122 123 58 125 126 127 128 129 130 131 132 133 134 135 136 137 138 139 140 55 142 143 144 145 146 147 148 149 150 151 152 153 154 155 156 157 158 159 160 161 162 114 143 165 166 167 168 169 170 171 23 173 174 175 176 177 178 179 180 181 182 183 177 185 15 113 188 111 190 191 188 5 15 49 17 11 5
??2???4,??6,7,9?1?,9?,?4,??9,??3,??3,??1?2??4?9??9,??14??1????9??69?4?,?9?6??,?7236???????15?,8?09???5?1???62??2,?????4???,4???8?507????7?????4?76?994?10?????14,???3???????1?0??????8?5901?????3??4????
0 1 2 3 4 5 6 7 8 9 10 11 12 13 14 15 16 17 18 19 20 21 22 23 24 25 26 27 28 29 30 31 32 33 34 35 36 37 38 39 40 41 42 43 44 45 46 47 48 49 50 51 52 53 54 55 56 57 58 59 60 61 62 63 64 65 66 67 68 69 70 71 72 73 74 75 76 77 78 79 80 81 82 83 84 85 86 87 88 89 90 91 92 93 94 95 96 97 98 99 100 101 102 103 104 105 106 107 108 109 110 111 112 113 114 115 116 117 118 119 120 121 122 123 124 125 126 127 128 129 130 131 132 133 134 135 136 137 138 139 140 141 142 143 144 145 146 147 148 149 150 151 152 153 154 155 156 157 158 159 160 161 162 163 164 165 166 167 168 169 170 171 172 173 174 175 176 177 178 179 180 181 182 183 184 185 186 187 188 189 190 191 192 193 194 195 196 197 198 199
??3,800,59???6737????????3?,??3?4??4,57??7?0?5?1?20?????????50?88,2?6??????3?1?04?366?,??017789??7??5?8?????????3???1,?234??24????35?6?847?57??9???86????7?6?8?8095??8?????584?8?06??8??7493??3???5083??
0 1 2 3 4 5 6 7 8 9 10 11 12 13 14 15 16 17 18 19 20 21 22 23 24 25 26 27 28 29 30 31 32 33 34 35 36 37 38 39 40 41 42 43 44 45 46 47 48 49 50 51 52 53 54 55 56 57 58 59 60 61 62 63 64 65 66 67 68 69 70 71 72 73 74 75 76 77 78 79 80 81 82 83 84 85 86 87 88 89 90 91 92 93 94 95 96 97 98 99 100 101 102 103 104 105 106 107 108 109 110 111 112 113 114 115 116 117 118 119 120 121 122 123 124 125 126 127 128 129 130 131 132 133 134 135 136 137 138 139 140 141 142 143 144 145 146 147 148 149 150 151 152 153 154 155 156 157 158 159 160 161 162 163 164 165 166 167 168 169 170 171 172 173 174 175 176 177 178 179 180 181 182 183 184 185 186 187 188 189 190 191 192 193 194 195 196 197 198 199
2,688,33300642,3036513539,6878386361,2171623997?,3502990471894,749874?1511293,77?02814108851,207775723065165682,5921523346559579574,69957?841645039104630,3874645339741427481046,198692?32739415949?4328
0 1 2 3 4 5 6 7 8 9 10 11 12 13 14 15 16 17 18 19 20 21 22 23 24 25 26 27 28 29 30 31 32 33 34 35 36 37 38 39 40 41 42 43 44 45 46 47 48 49 50 51 52 53 54 55 56 57 58 59 60 61 62 63 64 65 66 67 68 69 70 71 72 73 74 75 76 77 78 79 80 81 82 83 84 85 86 87 88 89 90 91 92 93 94 95 96 97 98 99 100 101 102 103 104 105 106 107 108 109 110 111 112 113 114 115 116 117 118 119 120 121 122 123 124 125 126 127 128 129 130 131 132 133 134 135 136 137 138 139 140 141 142 143 144 145 146 147 148 149 150 151 152 153 154 155 156 157 158 159 160 161 162 163 164 165 166 167 168 169 170 171 172 173 174 175 176 177 178 179 180 181 182 183 184 185 186 187 188 189 190 191 192 193 194 195 196 197 198 199
1,2,?,4,5,?,7,8,??,?9,??,??,9?,2?7,3?7,?575,????,??1?,?36?,?928,98??,?5?47,42?2?,43251,?2???,?????,576???,76??1?,?8883??,?5?7???,?8??73?6,8??????3,40?68?4?2?,?15?8?36?3,?01??2105???7,???44876????84??2
0 1 2 3 4 5 6 7 8 9 10 11 12 13 14 15 16 17 18 19 20 21 22 23 24 25 26 27 28 29 30 31 32 33 34 35 36 37 38 39 40 41 42 43 44 45 46 47 48 49 50 51 52 53 54 55 56 57 58 59 60 61 62 63 64 65 66 67 68 69 70 71 72 73 74 75 76 77 78 79 80 81 82 83 84 85 86 87 88 89 90 91 92 93 94 95 96 97 98 99 100 101 102 103 104 105 106 107 108 109 110 111 112 113 114 115 116 117 118 119 120 121 122 123 124 125 126 127 128 129 130 131 132 133 134 135 136 137 138 139 140 141 142 143 144 145 146 147 148 149 150 151 152 153 154 155 156 157 158 159 160 161 162 163 164 165 166 167 168 169 170 171 172 173 174 175 176 177 178 179 180 181 182 183 184 185 186 187 188 189 190 191 192 193 194 195 196 197 198 199
1,2,3,?7,737,6?2?4,?,7,8,9,??,???,7,?8,4?7,?16,??8,?5??,???3,??5?6,58?2047?4,2??80??48355,??58?,79?50,???4??,7?165689,82,??,6??,??0?,?0,81,3?3,302??,1??,???,???,1465?8?746,?0??9????83??93??4????,??32
0 1 2 3 4 5 6 7 8 9 10 11 12 13 14 15 16 6 18 19 20 21 22 23 24 25 26 27 28 29 30 31 0 33 34 35 36 37 38 39 40 41 42 43 44 45 46 47 48 49 50 51 52 53 54 55 56 57 58 59 60 61 62 63 64 65 66 67 68 69 70 71 72 73 74 75 76 77 78 79 80 81 82 83 84 85 86 87 50 89 90 91 92 93 94 95 96 97 98 99 100 101 102 103 104 105 106 107 108 109 110 111 112 113 114 42 22 117 118 119 120 121 122 123 124 125 126 127 128 129 130 131 7 133 134 135 136 137 138 139 140 141 142 143 144 145 146 20 148 149 150 151 152 153 154 155 156 157 158 159 160 161 162 163 164 133 166 58 168 125 170 171 172 173 174 175 124 177 145 179 142 155 149 183 184 151 44 187 39 189 190 5 38 33 194 195 196 197 33
4,6,7,8,9,2?,47,54,?4,7?,89,9?,4?4,4?5,?01,645,??9,1266,???1,?48?,4522,???5,?6?63,?6774,8?23?,13?84?,62?568,923??1,???8744,?84839?,9?9855315,198???56?4,?2??69699?,4?607?72?998,16?1?8??2582??579712?840
0 1 2 3 4 5 6 7 8 9 10 11 12 13 14 15 16 17 18 19 20 21 22 23 24 25 26 27 28 29 30 31 32 33 34 35 36 37 38 39 40 41 42 43 44 45 46 47 48 49 50 51 52 53 54 55 56 57 58 59 60 61 62 63 64 65 66 67 68 69 70 71 72 73 74 75 76 77 78 79 80 81 82 83 84 85 86 87 88 89 90 91 92 93 94 95 96 97 98 99 100 101 102 103 104 105 106 107 108 109 110 111 112 113 114 115 116 117 118 119 120 121 122 123 124 125 126 127 128 129 130 131 132 133 134 135 136 137 138 139 140 141 142 143 144 145 146 147 148 149 150 151 152 153 154 155 156 157 158 159 160 161 162 163 164 165 166 167 168 169 170 171 172 173 174 175 176 177 178 179 180 181 182 183 184 185 186 187 188 189 190 191 192 193 194 195 196 197 198 199
?46759???482?523?57?03660?10?02?4940?4,3?20700?52073675045,8?,36343,5647,?44?64??711,?1344?231?62??0?3?1,9239827???4819?1447?5??7949720,32108?83,4712????,426?5?69?3?22???47,9210,?615,59???309,8?36596
0 0 0 0 0 0 0 0 8 3 0 11 1 6 6 8 5 2 3 19 5 21 6 23 4 25 26 1 28 29 7 31 32 7 34 35 36 37 4 39 40 41 42 43 44 45 46 44 25 18 30 34 39 53 47 14 18 4 58 59 60 61 62 63 64 8 32 67 68 69 70 71 72 73 74 75 76 75 78 79 80 81 82 83 84 85 86 87 88 89 90 91 92 93 94 95 96 97 98 99 100 101 102 103 104 105 106 107 108 109 110 77 112 113 114 115 116 117 118 119 120 121 122 123 124 125 126 127 128 129 130 131 132 133 134 135 136 137 138 139 140 141 142 143 144 145 146 147 148 149 150 151 152 153 154 155 156 157 158 159 160 161 162 47 91 165 166 167 168 59 170 171 172 173 174 175 54 177 178 179 180 17 182 183 184 185 186 187 188 189 190 191 192 193 194 195 18 21 11
????2??7??????8520??????54?016??5?,3????2?7??46???,?????243??575?37??2??4?18??2???0??7734????,??3?8,7220??2??????8??8???3?9?9?89????3?????8?807??09???23?18?2?0?3?8??87?4??????,?1?7?,???62?9?3??5??01?
0 0 0 0 0 0 0 0 0 2 1 3 9 4 7 7 5 8 7 19 7 21 2 23 4 25 6 27 8 29 30 23 32 9 34 35 36 37 5 39 40 41 42 38 26 40 46 47 48 49 50 51 52 1 54 55 56 57 29 59 60 61 62 63 64 65 66 67 68 58 70 71 72 73 74 71 76 77 78 45 80 81 82 83 84 85 80 41 88 89 90 91 92 93 94 95 96 97 85 99 100 101 102 103 104 81 106 107 108 109 110 111 112 113 114 115 116 30 118 119 120 121 122 123 124 125 126 127 128 129 130 131 132 105 134 135 136 137 138 139 140 141 83 143 144 140 146 147 148 149 150 151 152 153 154 155 156 157 158 159 160 161 162 163 164 165 166 167 168 169 170 171 172 121 174 175 176 177 178 179 180 181 182 183 184 185 186 51 188 189 32 191 192 193 194 195 196 3 8
?,??,155,?9?4,?8944,1?105?,?05???,172?618,??88351,809?870,9029?33,9761?27,197872255,?2???0031?,42?1523?314,284?83828360,?9??183?65873,600??6242945786,6461??1?0?98?97,92???556975?5231,?87?5?72?33153?97
0 1 2 3 4 5 6 7 8 9 10 11 12 13 14 15 16 17 18 19 20 21 22 23 24 25 26 27 28 29 30 31 32 33 34 35 36 37 38 39 40 41 42 43 44 45 46 47 48 49 50 51 52 53 54 55 56 57 58 59 60 61 62 63 64 65 66 67 68 69 70 71 72 73 74 75 76 77 78 79 80 81 82 83 84 85 86 87 88 89 90 91 92 93 94 95 96 97 98 99 100 101 102 103 104 105 106 107 108 109 110 111 112 113 114 115 116 117 118 119 120 121 122 123 124 125 126 127 128 129 130 131 132 133 134 135 136 137 138 139 140 141 142 143 144 145 146 147 148 149 150 151 152 153 154 155 156 157 158 159 160 161 162 163 164 165 166 167 168 169 170 171 172 173 174 175 176 177 178 179 180 181 182 183 184 185 186 187 188 189 190 191 192 193 194 195 196 197 198 199
2,?,?,7,16,1?,?2,??,3??,???,7??,8??,4???,?7??,5?57,??7?3,?3??7?,????4?,?0?63?,??3????,82?35??,??3??2?,?09?83?2,109?62??4,8?5??521?,9?????26?,??11?56?33,16?3?393?30,??0?18?25?17946,9????2?8???838???876
0 1 2 3 4 5 6 7 8 9 10 11 12 13 14 15 16 17 18 19 20 21 22 23 24 25 26 27 28 29 30 31 32 33 34 35 36 37 38 39 40 41 42 43 44 45 46 47 48 49 50 51 52 53 54 55 56 57 58 59 60 61 62 63 64 65 66 67 68 69 70 71 72 73 74 75 76 77 78 79 80 81 82 83 84 85 86 87 88 89 90 91 92 93 94 95 96 97 98 99 100 101 102 103 104 105 106 107 108 109 110 111 112 113 114 115 116 117 118 119 120 121 122 123 124 125 126 127 128 129 130 131 132 133 134 135 136 137 138 139 140 141 142 143 144 145 146 147 148 149 150 151 152 153 154 155 156 157 158 159 160 161 162 163 164 165 166 167 168 169 170 171 172 173 174 175 176 177 178 179 180 181 182 183 184 185 186 187 188 189 190 191 192 193 194 195 196 197 198 199
??874?1922???6?,?395?9,8??,????,?024,1??1785?7,??588??,165?,4908?,5907?2?8?,??2,5?40?4?,96??,2???9,?217?5,628????,?61?5,8??3?????235?73,17??4?,11?4825?83????,??32?9,8?18??81881?3366?7,7?766?4170??485
0 0 0 0 0 0 0 0 0 8 3 9 7 11 5 15 16 17 18 13 15 5 22 23 24 12 26 27 28 29 30 31 32 33 34 35 36 37 38 39 40 41 24 33 44 45 46 47 48 49 50 51 28 53 54 55 56 57 58 59 60 61 62 63 6 65 66 67 9 37 70 71 72 73 13 75 76 77 78 79 80 81 82 59 28 85 86 87 88 89 90 91 92 93 94 95 96 97 98 99 100 101 102 103 98 105 106 107 108 109 110 111 41 113 114 115 116 117 118 119 120 121 122 123 124 8 80 127 128 129 57 131 122 133 134 135 136 137 138 139 140 141 142 143 144 145 146 147 148 149 9 149 95 153 154 36 42 157 158 159 160 161 162 163 164 165 166 167 168 169 170 114 172 173 174 175 83 47 178 179 180 181 129 183 184 185 186 187 28 189 190 18 76 193 194 2 6 6 6
1351??7209??6?08?1??378?80??84?4???5257???8258??0113?15?3?1?4?82?599?84????2?4??50?53?5?69??1????3?63750?7?4?1?71?56?2???5?5??7?28???5?6?0????4?01?63?????4??1?6142?10?407?3??9?999??92??6?67?3??76?0212
0 1 2 3 4 5 6 7 8 9 10 11 12 13 14 15 16 17 18 19 20 21 22 23 24 25 26 27 28 29 30 31 32 33 34 35 36 37 38 39 40 41 42 43 44 45 46 47 48 49 50 51 52 53 54 55 56 57 58 59 60 61 62 63 64 65 66 67 68 69 70 71 72 73 74 75 76 77 78 79 80 81 82 83 84 85 86 87 88 89 90 91 92 93 94 95 96 97 98 99 100 101 102 103 104 105 106 107 108 109 110 111 112 113 114 115 116 117 118 119 120 121 122 123 124 125 126 127 128 129 130 131 132 133 134 135 136 137 138 139 140 141 142 143 144 145 146 147 148 149 150 151 152 153 154 155 156 157 158 159 160 161 162 163 164 165 166 167 168 169 170 171 172 173 174 175 176 177 178 179 180 181 182 183 184 185 186 187 188 189 190 191 192 193 194 195 196 197 198 199
725185686?419568572443,?92,87529,?573,78?0660,34033,?6053,14?873,764339297488,674432,845?6?,553972049,79,5?0,525,3134,776??380,13487?026,80439?9,9582972979442,5?71623,70725742,339096??1136,6617810360
0 0 0 0 0 5 0 7 4 3 0 11 5 1 14 5 16 3 18 11 20 0 22 23 24 25 4 27 28 29 30 28 32 33 34 35 10 37 38 39 40 41 42 5 16 45 46 47 48 49 17 51 52 53 54 55 56 57 58 59 60 61 62 63 64 65 66 67 68 69 70 65 72 73 74 75 76 77 78 79 80 81 82 83 84 85 86 87 88 89 90 91 92 93 94 95 96 97 98 8 4 101 102 103 104 105 106 107 108 109 110 111 112 113 114 115 116 117 118 119 120 121 114 123 124 117 126 127 128 129 130 131 132 103 99 71 136 137 138 139 140 141 142 143 144 145 146 147 148 149 150 151 78 153 154 155 156 157 158 159 160 161 162 163 164 165 166 167 168 169 170 171 172 173 51 175 176 177 178 179 180 181 55 183 54 185 186 27 188 189 190 42 47 193 194 9 100 6 7
358?6?11???6?4?7558??807?59?9?68??9?73?7??60?,9??6???46??51??1?4?62,5,9?8?082?8?3??7?39?????9??22?0??6??330???????7????8?30?37????7??7?9?66?6??43??71??????????7???9,3?????2139?1??1???8468?4????,6824?
0 0 0 3 0 5 0 7 8 0 10 11 10 13 1 15 5 17 6 19 0 21 22 23 10 25 26 1 28 29 17 31 21 33 34 35 17 37 38 0 40 41 42 43 7 45 46 47 48 2 50 51 52 53 3 55 56 57 58 59 21 61 62 63 64 65 0 67 68 69 70 71 72 10 74 75 76 77 78 79 40 81 82 83 84 85 86 87 88 57 85 91 92 93 94 95 96 97 98 99 100 101 102 103 104 105 106 107 108 109 110 111 112 113 114 115 116 117 118 119 120 121 122 123 124 125 71 16 128 129 130 131 132 64 134 135 136 137 138 139 140 141 142 143 144 145 146 147 148 149 150 116 152 153 154 155 156 157 158 159 160 161 23 18 164 165 166 167 168 169 170 171 172 173 174 175 176 177 178 179 180 181 182 183 93 185 186 187 188 189 2 72 17 193 194 195 196 45 2
??2,?,4,?,????8,21???,28??2??9?2?0?2?2???6??49,????27?8,5?3?,?8?4,1488?,?3??0,???58,???54,7?7??,?????4?4??18??,??01?771??451???6?4,8?4?82??8?9?8684?7?,33340850?4?0?8???1?????????,8972???958?2?0?90?908
0 1 2 3 4 5 6 7 8 9 10 11 12 13 14 15 16 17 18 19 20 21 22 23 24 25 26 27 28 29 30 31 32 33 34 35 36 37 38 39 40 41 42 43 44 45 46 47 48 49 50 51 52 53 54 55 56 57 58 59 60 61 62 63 64 65 66 67 68 69 70 71 72 73 74 75 76 77 78 79 80 81 82 83 84 85 86 87 88 89 90 91 92 93 94 95 96 97 98 99 100 101 102 103 104 105 106 107 108 109 110 111 112 113 114 115 116 117 118 119 120 121 122 123 124 125 126 127 128 129 130 131 132 133 134 135 136 137 138 139 140 141 142 143 144 145 146 147 148 149 150 151 152 153 154 155 156 157 158 159 160 161 162 163 164 165 166 167 168 169 170 171 172 173 174 175 176 177 178 179 180 181 182 183 184 185 186 187 188 189 190 191 192 193 194 195 196 197 198 199
1,7,9,89,905,8455,799?18231,6184069847803,99?8764439358431,4471?411327329800109,153547033363056598652,38446?497492749662290717,467224692030900741937823244,5162521977569821723484613636193719183400?5925
0 1 2 3 4 5 6 7 8 9 10 11 12 13 14 15 16 17 18 19 20 21 22 23 24 25 26 27 28 29 30 31 32 33 34 35 36 37 38 39 40 41 42 43 44 45 46 47 48 49 50 51 52 53 54 55 56 57 58 59 60 61 62 63 64 65 66 67 68 69 70 71 72 73 74 75 76 77 78 79 80 81 82 83 84 85 86 87 88 89 90 91 92 93 94 95 96 97 98 99 100 101 102 103 104 105 106 107 108 109 110 111 112 113 114 115 116 117 118 119 120 121 122 123 124 125 126 127 128 129 130 131 132 133 134 135 136 137 138 139 140 141 142 143 144 145 146 147 148 149 150 151 152 153 154 155 156 157 158 159 160 161 162 163 164 165 166 167 168 169 170 171 172 173 174 175 176 177 178 179 180 181 182 183 184 185 186 187 188 189 190 191 192 193 194 195 196 197 198 199
1,?,?,?,?,6,?,8,9,22,41,4?,45,49,51,66,78,??,226,416,6??,??7,?49,9??,29?7,660?,???1,80??,92??,??440?,?2???81,50??289,510231?,???3?9?9?9719,3?059?11?903488,3?06?61560?89?19,9?1?76??35?6???6?741?563?3?6
0 1 2 3 4 5 6 7 8 9 10 11 12 13 14 15 16 17 18 19 20 21 22 23 24 25 26 27 28 29 30 31 32 33 34 35 36 37 38 39 40 41 42 43 44 45 46 47 48 49 50 51 52 53 54 55 56 57 58 59 60 61 62 63 64 65 66 67 68 69 70 71 72 73 74 75 76 77 78 79 80 81 82 83 84 85 86 87 88 89 90 91 92 93 94 95 96 97 98 99 100 101 102 103 104 105 106 107 108 109 110 111 112 113 114 115 116 117 118 119 120 121 122 123 124 125 126 127 128 129 130 131 132 133 134 135 136 137 138 139 140 141 142 143 144 145 146 147 148 149 150 151 152 153 154 155 156 157 158 159 160 161 162 163 164 165 166 167 168 169 170 171 172 173 174 175 176 177 178 179 180 181 182 183 184 185 186 187 188 189 190 191 192 193 194 195 196 197 198 199
24,657,52091?22,593?126922861?59512249,342963207?10322127523770621865?529684101513048465908678229087?6912763,2980394132625612434565?81393259157208?33398?792349024505800171?49849775283254488391961?4377
0 1 2 3 4 5 6 7 8 9 10 11 12 13 14 15 16 17 18 19 20 21 22 23 24 25 26 27 28 29 30 31 32 33 34 35 36 37 38 39 40 41 42 43 44 45 46 47 48 49 50 51 52 53 54 55 56 57 58 59 60 61 62 63 64 65 66 67 68 69 70 71 72 73 74 75 76 77 78 79 80 81 82 83 84 85 86 87 88 89 90 91 92 93 94 95 96 97 98 99 100 101 102 103 104 105 106 107 108 109 110 111 112 113 114 115 116 117 118 119 120 121 122 123 124 125 126 127 128 129 130 131 132 133 134 135 136 137 138 139 140 141 142 143 144 145 146 147 148 149 150 151 152 153 154 155 156 157 158 159 160 161 162 163 164 165 166 167 168 169 170 171 172 173 174 175 176 177 178 179 180 181 182 183 184 185 186 187 188 189 190 191 192 193 194 195 196 197 198 199
72?????11??????,?,5?,?5??,?,?,9,??,??,??,8??1,2,?,??,?2,?6,?13,1?49?,37??2,??3?,??7187,??,?59?,??854,3706??5,?61,???,?????,??,9?,599,2?84?,?9?2,?8??,?0?55,?09??,79???,7???9??36,?3?0?,???62?8,?14294??
0 1 2 1 4 0 6 7 8 0 10 11 12 13 0 15 16 17 18 19 20 21 22 23 0 25 26 27 28 29 30 31 32 33 34 35 36 37 38 39 40 41 42 43 0 45 46 47 48 49 50 51 52 53 54 55 56 57 58 59 60 61 62 63 64 65 66 43 68 69 70 71 72 4 74 75 76 77 78 79 80 81 82 83 84 6 86 87 88 89 90 91 92 11 94 95 96 97 94 13 100 101 102 103 104 105 106 88 108 109 110 111 112 113 114 115 116 117 118 119 120 10 122 123 124 125 126 127 128 129 130 131 132 133 134 135 136 131 138 139 140 141 142 143 144 145 146 147 148 149 150 151 152 153 154 155 156 157 158 159 160 161 162 163 164 165 166 167 168 169 170 171 172 82 174 175 176 177 178 179 180 181 182 183 184 185 186 187 188 15 190 191 192 20 47 74 122 46 15
