3197256483953062,9767,992,2321532,20802190,449078,1157,109,208,9306756820028708
471767153732,3,4,5,7,8,96,97,687,17609489,681210449,45079940921,40409109,7921731
1,2,3,203,4619,9511062,1011087242789481440,851,2526430209475871918029,8628922641
11790592805005606407,700194,70993,4,5,6,7,8,77,8423,61066,100,4020,7208,5643629
9,68,94084,5,7,23,284,7533286506,1628,7533,11619,546075,783387171,540,458855294
1,2,3,5,6,8,9,43,47,62,69,76,77,533,4031,53035,254484,5600192,60,76,8123,7736740
1918677272969002,4733,8124,138,897980,548,656,886802,2017,6970884966123261071035
9057637793688902418725462,97697086,78,1080,5,3048039909443,1963442681790,3995038
21977164113,807878,823038,60,251,276,521,1211,8603,1408049,649776202308298022961
19372856240604471,6077664,58905,907,10651,29947987450,77709817,3971,499528278001
9
n = 79
8
n = 80
7
n = 80
6
n = 79
5
n = 79
4
n = 80
3
n = 80
2
n = 80
1
n = 80
0
n = 80
