10
3?97256483953062,9767,992?2321532,2080219?,449?78,1157,1?9,208,93?675682?0287?8
0 0 0 0 0 0 0 0 0 8 9 1 9 5 14 12 16 17 18 19 11 21 22 23 24 25 26 27 28 29 27 31 32 33 34 35 36 37 38 36 40 41 42 43 44 45 46 47 3 49 50 51 52 4 54 55 56 57 58 59 60 61 62 63 64 65 26 67 68 69 25 22 72 73 74 4 49 11 2
471767153732,3,4,?,7,8?96,97,687,?76?9489?681210449?45079940921,404?9?09,7921731
0 1 2 3 4 5 6 7 8 9 10 0 12 13 14 15 16 17 18 19 20 21 22 23 24 25 26 27 28 29 30 31 32 33 34 35 36 37 38 39 8 41 42 43 44 45 46 47 48 49 50 51 52 53 54 55 56 57 58 59 60 61 24 63 64 65 66 22 18 15 70 15 72 73 74 2 12 12 1 0
1,?,?,203,4619,9511?62,??1108724278948144?,851,252643?2?9475871918029,8628922641
0 1 2 3 4 5 6 7 8 9 10 11 12 13 14 15 16 17 18 19 20 21 22 23 24 25 26 27 28 29 30 31 32 33 34 35 36 37 38 39 11 41 42 43 44 45 46 47 48 49 50 21 48 53 54 21 41 12 15 59 60 61 8 3 41 58 11 67 64 69 70 71 72 3 69 3 1 2 0 79
1?7905928050?5606407,7?0194,7?993,4,??6,7,8,77,8423,61066,?0?,4020,7208,5643629
0 0 0 3 2 1 0 7 0 9 3 1 12 0 14 15 0 17 18 1 20 21 22 8 24 25 26 7 28 29 30 31 0 33 34 35 36 37 38 39 40 41 42 43 44 45 46 47 48 37 1 51 52 53 22 13 9 57 58 59 60 61 62 63 64 65 66 67 68 69 70 71 72 73 74 75 76 11 2
9,68?94084,5,7,23,284,75332865?6,1628?7533,?1619,546075?783387171??40,4588?5294
0 1 2 3 4 5 6 7 8 0 10 11 12 13 14 15 16 17 18 19 20 21 22 23 24 22 26 27 28 22 30 31 32 33 34 35 36 37 38 39 40 41 42 43 44 45 46 47 48 49 50 51 52 53 54 55 56 57 58 59 60 61 12 3 63 65 66 67 68 69 70 71 72 73 11 63 12 1 1
1,2,3,5,6,8?9,43?47,62,69,76,77,533,4031,53?35,254484,560?192,6?,76?8123,77?674?
0 1 2 3 4 5 6 7 8 9 10 11 12 13 14 15 16 17 18 19 20 21 22 23 24 25 26 27 28 29 30 31 32 33 34 35 36 37 38 39 40 41 42 43 44 45 46 47 48 49 50 51 52 53 54 55 56 57 58 59 5 61 62 63 64 65 66 67 68 69 4 71 72 73 74 4 1 77 0 79
?918677272969??2,4733,8124?138,89798?,548,656,886802,2017,697?884966123261?7?035
0 0 0 0 0 5 0 7 7 2 7 11 1 13 14 0 16 17 18 19 0 21 22 23 24 7 26 27 28 29 3 31 32 33 34 9 13 37 38 39 40 41 42 43 44 45 46 47 48 38 50 51 52 53 54 55 56 57 58 59 60 61 59 63 64 33 54 67 68 26 25 38 72 73 74 19 31 77 16 0
9?57637793688902418725462?97697086,78,1?80,5,3048039909443,?96344268179??3995?38
0 1 1 3 0 5 6 0 8 9 10 8 12 13 14 15 0 17 18 19 20 21 22 23 0 25 26 27 28 29 30 31 32 17 34 35 36 37 38 39 40 41 25 43 44 45 46 47 48 49 50 51 52 53 32 8 21 55 58 59 60 61 62 63 64 65 66 67 68 18 35 71 72 73 74 75 8 12 1 0
2?977164?13,807878,823?38,60,251,276,521,1211,8603??4?8?49,649776202308298?22961
0 0 0 3 0 5 1 3 0 9 10 5 12 13 14 15 16 11 18 19 20 21 22 14 1 25 26 27 28 29 30 31 32 33 34 35 36 37 38 39 40 41 42 43 44 45 46 47 48 49 50 51 52 53 54 55 17 24 58 59 60 61 62 63 34 65 62 67 67 9 29 71 15 58 2 13 12 77 9 0
193728562406?4471,6077664,58905,9?7,??651,?994798745?,777?9817,3971,49952827800?
0 0 0 0 0 0 0 7 7 0 10 10 4 4 14 3 16 2 18 19 20 5 17 22 16 25 26 27 28 16 9 31 32 33 34 35 36 37 38 39 5 41 42 43 36 45 46 47 9 36 50 51 52 53 54 55 56 57 22 58 20 6 62 63 64 65 19 67 68 69 70 15 31 6 23 11 18 77 6 0
