10,58003,105290,114024,30263007,10010080000,140009004738,44008007400504,135401000093602040,16852000965030007000090,700401098000000040050820,13270002809009000000090078,198700270600000004109000000006007
1,2,3,4,5,6,7,8,9,16,19,24,60,82,170,205,598,920,3061,3833,4812,6434,8817,9460,9942,42187,80284,95129,172699,780220,817702,12412617,109155273,118110901,2805206598,5436908371,514325970805,6513028852877
1,3,5,8,9,20,39,86,94,107,200,320,356,376,791,909,1220,1225,3900,6000,6831,6844,9571,20040,30313,163660,398007,4852030,5020064,6108090,8923008,9403463,48770120,90069037,98169002,337168416,175408600098
1,5,7,9,16,20,27,29,36,37,38,100,356,450,480,700,892,1640,20730,29721,29776,51006,100210,770300,1047455,20003201,186004028,615701004,1000409602,19909540908,20344092896,310570100070,8010006377200909009
1,5,8,10,20,90,101,508,860,5450,17576,100507,1078700,11106002,20982057,60232090,200509710,12808107239,107600950000500,10430503000404007,28101050004030040,3080409192790710104,10700901000208005306005403
8,27,46,59,68,97,570,2303,5452,5500,385504,603801,779373,784802,9602095,9807040,15047124,14801051310,27621355031,91383900210,9548050008726,11320042024669,20545003307947863,6884300690271228984199608505
1,103090,90000100,302150099,90005000120,90005900208,100504055070,7401293700534539027,8100740011205606000921,885015040074000020841326,1306007050999904408711002,97300045500400200130673000209504577711080
1,730011,1219784623151728765385,846103416967837512027190988526283005346034937,90891082204299473323577169420900000339571992040394962870932944945900057266670623139516701126632322359200804349670840618820
1,2,3,4,6,7,8,9,46,60,67,91,93,109,128,640,724,933,1795,40059,77090628,168076059,334506424,563286859,842933774,874612027,19482800450308,105967482204304800,857249585830637146984,13778736916400028076442
7,160,1800,601212331,76020690200,580601901554,80322090100745,16210708903040626,50071780870507040018,15000194001200400009399,130249304006080273410863122,136560810082070983106882865900013070053703092010
3,7,803,600096,52,140,1709,19005700104,25,1007,10031,42400,10402000071,3,6,21,44,45,54,82,158,240,249,19103,102506,710350441,18000407,107390700,370,5004,5112,10107,184147059,2030240040,96,3041,1928009
1,3,4,7,8,36,329,645,870,4382,6212,18188,480000,1909521,4020053940,7470681029,54082403164,72458287470,395661500709,1075771809547,1139467029590,10449954090725000906633,564969536592780110401071769053910
1,2,3,4,5,6,7,8,10,11,12,40,44,57,60,68,70,71,80,81,120,199,200,420,619,620,901,950,2010,2011,2012,16000,16900,50318,53800,74008,74009,90000,177080,900090,5754090,25000020,91910820,400009010,500000000
1,2,6,8,10,15,36,43,49,57,96,136,795,891,3970,14359,22510,25600,610831,802001,5985501,32000420,33640866,427080401,443019738,790001090,900080992,2402492930,123242409100,1107307850440,734789014077020090
4,5,7,8,9,10,15,24,25,100,108,109,150,151,683,1000,1500,2500,2508,9400,10034,11008,11500,20000,20040,100000,169509,212020,300006,900006,8080990,12020240,12078050,12908000,10000021700005,17039360000122
3,4,6,8,27,80,85,92,439,512,720,727,6000,10505,74006,75090,444800,4103049,7261327,80001070,90415262,374027705,10804002069023500,53326890120868066,170058965192300830440,90386160041011690260300489700390
1,4,11,15,3510,4408,4409,32689,32690,370291,1354040,8900660,929308190,701006900084,6002030102030,7200060907606,10700032069085,14007041000040,1400007602000050773000,133000108040050234408003020751900077
5,1500,30028,47000,5060700,7103000,17400040841,500000382140,518768000200,100000000048026368,1091000606700076050,10630033081350380520,300000020000004340097902,100800070200030600700300275900400008007008
2,3,4,5,7,8,9,40,57,69,73,74,75,80,86,94,98,100,270,652,744,967,1007,1400,1401,1443,52409,53338,109060,500696,671500,10075100,10510001,1300028983,7104390071,19761390040,160004014796,101901810711001090
1,2,11,32,33,60,409,704,1004,1341,38905,110101,4709744,594100309,635505000,705000009025,54100061070913,54100063831982,100365303070980,100591810020000,10120050382820424,30030235006000406809500014079015
2,4,6,7,8,9,17,33,800,1901,7749,326224,875572,75775204,89576163,596014358,5079184065,8268006775,59980910469,80752512486,175651616537,490613420595,168108835392586,6391000713244731,820828886178856215525
1,7,1464,36606,40107,971004,9032009206011549,160801020917801007,106830845406774700741900084020901,3741609205001038091060066090100072,1437801900422544062925810090000376378062020091629023024035118047275
4,200,600,2070,4000,20008,5008070,5014076,15000406,105700000,1000000070,10020308900,108250000000,150900000605720,10750002000000070009000,80438100800007340706210,130000000050000080000107004000302600078
1,2,3,4,5,7,8,9,12,79,86,95,99,150,270,413,645,939,3866,23227,49703,117819,745310,15607408,82805081,93244947,36282754798,51355563763,9219878268305,9714477931871,440625857825006,12389524415055760168538
1,2,5,81,86,210,252,321,406,764,3454,81162,2225866,2764836,3891538,41140558,45876524,60542048,702408289,3332100866,8261863819,22627045236854,950433378819829601,1665802038812964329,61763867727115983013
1,3,6,8,10,24,31,92,544,1603,751448,8617125,30973429,35001009,13006307610,843295398719,48309300839722,4980670600267409,7902166408147118,110692390400679067,5465138025906470260,4840358007812370628063032
5,1000,9972,10060,109379,3320309,162404310,1600060009,5803008708096455086,4901640920120001000060,509000800050590048866760303003,911000005000000366040000102400021,10050300601828054870000000202407900058
1,2,7,8,12,22,82,83,101,171,1040,5017,13772,1000004,3560000,15409076,70521070,809994952,3190095968,117502910099,61980505000895906540,31303230028100054002002002007506,1080910207006770000309710860096360
1,3,4,6,8,9,28,38,43,74,82,84,88,500,2359,7460,9280,20734,35301,497754,729939,837275,2091623,36760830,42575210,280078584,1877217466,20019000610,38178085824,301930596026,812199427035335,837000510582256
1,168320955,3424251822534751091700380,60325670010540061038900059204201013970183650078031146,943370719960450000055073906030866495597003740701720525017800006668420179663665730701203007109076038947803300
2,3,5,7,8,19,28,36,59,75,188,422,424,3090,7000,8001,70001,167900,212085,908093,3661080,3670500,8370253,9886449,50080501,60000030,60020265,160182415,606043050,3033903201,7600370000500,16759920900010061
1,110,100010,503000,503001,450700000,30090000800,1000000004800,1001500060024800000,508050600057057300000090003,800100902006700429000670801,101801085000028000050081040805,101806407000021012000707803000
1,2,3,4,5,6,7,8,9,10,30,31,59,71,72,101,151,212,215,1090,6480,6802,20807,26000,26025,83825,100004,100310,132480,151060,600050,900900,10460800,14209000,92000030,96050300500,110000200000,110703000000000
1,2,3,5,6,7,8,9,20,50,51,100,3027,3401,4046,8077,20005,70300,380704,380714,901051,1000175,7000006,88002500,140450001,609130007,609701504,1240219401,8009000729,60720500040,180000303509,6527200040080870
1,2,3,4,5,6,10,17,56,62,249,250,4300,5100,9008,10050,69060,407809,660800,1097100,1770009,10000000,50840000,782700070,30090400041,60000006000,80902009440,100799000920,1039405000290,18098008079000210202
70,61010,909979,190570490,10000004030,2430581708000370,13809719703047803,90000000020110040,1400500139063300071205,8000509960040009090421,1000004001168807078964409840,1007150080120215000123000670030600
2,6,7,8,9,10,11,50,51,109,114,122,123,124,6000,10002,10003,60630,100403,1001008,1100000,10000500,12049301,170000090,170010590,16008000050,27080000002000,10074010801024570,80000000233008200000303000007
4,5,9,23,33,50,75,200,201,380,1700,2600,3170,3200,16600,1025107,11007002,70120270,100400090,3109016020,30080001080,137090619012,1000800931020,10690060894039026,80007002530500070,1040000667104770469000
104458467336177,87602472064309051,16275908807736410888384,308111408805820862718059,537731697729883875378056129154097,13052044942239086093627733244103460864200713614015097872316742218296803914496067577
1,2,10,40630,19090664,663327637,770656080030,1006806050500,84069208000900645016,5768034888484073402706,1900350706404250060064908410,15090000027000060079498000400,50706096310786049420330230804490080086
2,6,7,8,9,35,37,73,78,493,720,5909,6005,55944,197965,814290,70014756,408008479,1308316877,1314006855,1989608948,8490023020962,17096934453054,86946538971992,28675680707181457316,50137209103189057004088
1,2,3,4,5,6,9,10,60,70,71,85,290,373,400,405,660,792,793,2273,4040,5000,40906,45070,261705,609084,770009,800077,7080703,39030095,585009877,10570026630,40528016900,106720500920105,507307076148020003700
3,4,7,8,12,103,405,4402,5017,5018,7000,8040,10000,10061,109800,570760,600090,670100,1068200,1900400,9043624,18000070,70290086,105201000,1650034470,4084008020,20302574074,50000000012,504708000304080008
3,4,5,6,17,30,49,70,71,80,89,200,220,1000,8150,8188,8270,33586,34009,160006,250000,782000,800300,10000290,10070007,15000380,9022000010,700710000009,1504004252406,93806455008054,90048054430000318548000
1,90,700,1900,45208,148880,87500310,8744075874,45250044942,241613977164606054,620060916310706090,98719077543300550171,4901694509867526865283,7346538107307237504389,132258548309619061260932710558801248
1,2,3,4,5,10,23,46,47,48,49,70,79,80,90,91,100,120,2056,2130,6008,8109,10202,100000,103000,800090,800140,1900100,9820800,10101200,30040500,39370000,39740000,100020777,10000050202,100400000010310593000
1,7,89,100,10004,1001090,10000500,1900600500040010,86099060000000004,10038000070001050574,200000040000410007000900,7004007308500236502000089,10057004000800787700070000,47000507000070050300000000200090
1,2,4,6,7,9,31,32,60,65,90,99,268,632,2000,2802,15759,66670,240010,400834,856542,83830002,412800228,418591095,528808173,4545133625,54205705700,77235308052,3170408088028,29056453207928,8402269402302037
1,2,50,51,52,130,606,650,2053,10050,101608,155403,155420,74493508,279220850,358054900,23066000208047,1520005000000035879900,378758395169030828001636324230079,406833100345180000000059009870824027930000
1,2,3,4,6,7,8,9,10,50,166,167,230,232,233,270,1269,2001,7011,8000,9008,20037,100070,106000,800020,826000,1000500,10520248,5000000015,26008000000,130400562960,151400000000478,19000900000000005307901000
6,8,9,68,81,86,91,92,111,511,5291,5589,9941,33984,69910,76169,803337,9684395,482333445,768215773,877408473,1047124744,14971925162208,43853286520018,4522029447012330,62991351395820062,83110522031261278
1,2,4,5,8,9,11,32,59,68,69,171,179,4270,5392,10000,70402,73086,80006,85397,229700,560050,1000870968,10074500093,10840200036,108065090530,5965078000009,200690140256570,860036484149905,24841007060980000
1,11,1001,10000,100705,303006,1401011,10080517,1809009600600,34000440670003,1000002000005007,1301000000055300068,11738900170703020082,690907000500500005803,10000050705800003409009300820310020050047800
1,2,3,9,10,16,330,870,871,1000,4300,5042,5460,8007,10044,10050,103930,7608280,8200000,13000013,22007990,775500004,1030070070,4000090102000,8000500001400280,130000000002000290040,1000000000000800000000
200,3535,76406300101061,580215770076001732090147000,2008607082008157700663370515000746503584752899,4000708000794882000024020790701296886800760303,375011031045059005061805700000744305670070502460986092
14,110,1000,3601,10000,105003,12090006,35000000,104069003936,195700000003,101060029003050030900604800,10000010000001030050000500008,19090890057006559000000408008,13070004001107004900850000860600000007
90,190,1000,10810,10811,2090440,10907003,190802000,6700060051,7106930200,10067000800,1072000433017,100000042000000,798517800103090,13095500000170007010,58400570000500080000050,600000000701750208300100
1,3,4,5,6,10,11,45,64,95,96,171,342,585,690,820,3620,4240,4842,4870,17068,60026,600002,1107339,30096048,36770000,560062000,10018078880,62400300403105,1886070430000384998,159007300666046643288000886207
2,4,58,62,1060,42690,500280,700320,60760709512,281108000700,2030992010790001,2247279670070540590482,38288863080880915065750,99800091245817520069066,406720089400395640922203,725408606500106605140980838
1,10,100,145,10027,12090,60002,30320034,180070012,175000000744,4000203490201,4300207009700,65000000070364,100009000009009,140000020004080,19600819070028032,7800030691000107925,110002000000000001042000
1,1007,1008,3062708,21007000,10008970107,1700808050954,2080056003080,10640802777050,138000326014000,900060300005090,2060001039064022,20000000510000094,130050806600808090203,820220070009964040910000002
19,30,176,862,6381,10595,60230,60870,149805,424502,477386,595224,1761103,70652506,78196010,158205411,992207088,34404619240,34808846480,30476400202232,898780148016608030,1905350854206596290609178996140
5,6,8,9,44,53,70,114,203,3080,9126,38500,50888,73209,88961,155787,4466446,4675050,80002098,509707271,737612502,5084550600,5374116710,949006840558,2865835405005,2871600900110,48026260542534505004504079
1,2,10,1500,1580,1581,1587,18050,18056,1009601,1002000400007,1760110700000,1000060750064809,10600060055080034000008000300800,100200500091000070400000000000010,10900101072000008001010008007970805060006
1,4,10,12,50,13096,40500,150400,1000000255,17606203306,20000000206,84000033005,160700560904,9800406898003,700000450036001,10000008006069004,100900006800004004,1580100000708057002,421090940600008250090
1,2,3,4,5,6,7,8,9,20,29,310,320,788,981,1271,5020,5843,5863,6500,90757,100102,401400,466058,474770,7008720,71200000,73341900,164388700,702739007,770114006,1050775034,92161700360088,9360009006114679291
1,5,6,96,107,5204,93001,3,4,5,6,13,200,900,103642,3,4,10,11,442,6450390810,92520540,807915783733,60552651042,240404,54800,552174,1000,33000,786637,1134150,39683007,412509072,90920,7800,4722,560737600
1,16,1096,95005,301247027,10009900712,10050004800,1000052006006454006021090010000,10082000003450010004400000090009,8020039000092006300000000006170780000,14050006000000000097007090306002009000200000905
2,3,4,8,20,60,80,86,106,205,211,401,402,600,941,1001,2367,5003,6093,6100,9005,16273,16274,16370,17172,408147,710746,18280001,90900001,102462000,10088009003,1057000790170,83601900000406,657000007004930
1,2,3,6,8,9,10,11,50,181,800,801,1700,1723,8905,22010,27020,36009,70090,73801,404020,6097970,100815250,101107000,1406690000,10800000000,10800080620,17000000000,17000019000,100000027035,100660306077490
1,2,3,4,5,7,16,35,39,40,65,71,72,79,99,612,616,743,744,1080,3078,3202,1000832,102000660,206600050,3608481007,14190874081,70120006090,100004345907,387022000000,390500913254,703780096166,830020033003905
5401,40844,145743,931060380526484085,5492036702070003108113399442415105000070070839300,983700799002600100026370479605600229710006063205238,1043409418162079609069004666246113408620450600709027088177900
6,13,18,304,360,1000,1001,6092,1788515,19807903,597158002,943008060,7075024033,70700230000,807000180629009,830064058901190,6090090391000009,100060712006805970,5760355090939008472,100003040915011400200
1,2,3,4,5,6,7,8,9,16,18,28,29,30,40,43,51,62,63,87,110,460,464,534,852,10150,78289,78299,285019,545460,554190,7006863,7006930,10995070,90005735,630006305,772000109,8070000308,8931076409,88000090097600
1,3,4,5,9,60,528,618,690,697,900,1755,1803,4367,41449,54565,55440,62208,66334,90110,99788,396501,835820,80828842,83405717,204026452,811306208,3007028948,20003442062,5124142015246,750076057370712777901
972615811600720973847882364,6944,4908,8018,101701999872,581789,70890811,8000746,960,1615,1813,64,2803,4060195,75038020,19030,50286,508057800120945622,223608031604,546424159601645371,170810,1537602747
1,2,4,5,6,7,8,13,20,26,66,67,76,79,95,100,140,166,245,1101,2708,7050,7054,10500,60980,164059,300580,850457,10030010,12200000,6080660020065,6892127400980,15805000006401,67170009900009,12000013084710101
1,2,3,4,9,17,110,111,191,700,1804,2400,2830,5043,16000,81004,600009,648093,656008,663002,663020,1000908,1207040,1284709,1310009,1694112,17130001,58009010,2061350294,4300080000330035,400000006011007000
7,20,21,406,407,501,5200,108007,970008,15023019,59596380,68735702,90000070,40103019693,126295000300,50904840000702,209062000395500,638440057844006,7203030801300008,7260090500109403,2500002907007540003
1,2,7,491,508,1070,3009,41507,300500,617059,3454000,4379080,180850060,753703042,1041022680,1403011079,1060030083355,17519008989220,101001068868603,10283007906090215,74095685000007142070069000441717008
1,2,3,4,5,7,8,9,17,30,43,330,494,500,505,543,790,3005,9005,40030,50450,68900,91062,91212,109000,780300,800040,1761800,1615930000000734,1778080000600061,10000530929480021,190880299090003505002085000008
2,3,6,7,15,182,1007,542020,703040,703600,907956,120488048,621030000,1326305807,7703900062,33008058070,1710020800489,9005015501290,9705800042370,1361002847090074,18802905200103100,815707968900600716110
1,2,3,4,20,21,22,301,302,4006,19000,101200,481040,1400000986,108002091807,1000000000000060040050,1013000000709000002611,2000705006900000900131,1823805000000000004052000,7210010040720200040402500000000
3,4,5,8,9,41,46,73,121,168,679,784,7016,8731,29437,68251,86959,864802,3982213,33964623,304029144,56285402307,62247231076571,89065614999320922,345539841536543660,4238349964017174615,7764049678212540019
1,6,7,15,67,213,594,5054,5300,7818,43567,205434,5250550,6810225,9673218,30623060,71680063,339639265528864,543475780953703,8299887607710404,475106592030196747,92650430846001172439,672673660230616769065
1,2,3,4,5,6,8,9,10,11,20,21,22,23,28,29,107,114,200,321,322,323,324,601,702,710,711,800,810,1907,2100,2537,2600,40334,40344,44002,60505,60506,800000,1000050,1090000,8000000,10210886,10250050,100071440
1,37,803,4000,100092,901200,1008400700,1450090400,10200438000,50900090000,1500000020700301,3300000000050000,32000006000002050954,1050013705009510000000,228900500090501030700000000000000088005040000000
1,10,18,19,5750,5780,10930,19000,100020,100100,606090,1700006,1770901,16020007,802090491,16309040700,1000000000078,1005000060000306,1100030000707603,100546000080200000000486,40300005540000301064003203
5,3942,11000,78340,124218,35040579455669152803406097,839710338886953010428017274,1050000116070570428941689717183381221435102879314,130418500410840100020932119360900938798930230403906900125201440254045
1,2,3,6,7,33,41,87,600,770,830,1000,10040,13074,805000,900097,4020794,9000070,20006500,20011940,100000190,2060000098,10020631000,50490098660,181008006940,1018204541901,12400700030600,14063370069210090
1,3,5,6,7,9,11,63,480,566,780,917,9272,20630,48379,60405,81041,86488,388191,548040,854848,5346906,41917900,64609035,2174109734,21348286705,350361161104,51782746151750043696390,304746607707973701876430
1,2,3,4,8,50,100,800,900,1009,1013,1014,2000,7006,18000,31204,41000,530006,10060100,10154003,10160000,108007350,111081060,136700581,200000300607,286600010400,500000452020000,10000074019800030006602000
3,4,5,7,9,10,20,25,84,100,240,361,743,2904,7406,7502,8398,9882,52083,54090,395304,550378,1065011,3000850,8123108,58005008,7849411704,68006000410,75027844000,908981006985,80581584277759,103069860089960
1,2,3,5,6,7,15,16,40,41,48,49,76,77,102,107,561,569,573,574,3007,4410,9020,9881,20008,25205,25560,72000,73001,102906,120930,150004,801701,1400900,50820035,52000740,52154090,7070170001,4750025309304832
4,5,30,110,871,951050,122407913,200094109,629100301,8674010000,290004200030,73005470005350,368564010672000,507004122206000,1838050190005060,156530000035050009,830265010000238001,1632903760081060200002
1,3,7,8,10,11,12,170,171,204,205,1006,19300,30400,30900,30927,230000,230770,300010,3460070,8900409,11000000,60070000,100004009,1000002009,1020006002,14000000040,100957030000,10007810700029700000010000
50,99,1037,1700,40215,100740,316900,6742501,6575202006,300939020600,3700300806381,70089005008603,75080009000358,82078082700905,1500929080053304,8000050850000400,110302640000590106973000788401062098450
2,3,7,8,40,41,167,409,471,1160,1408,3050,4065,7860,8527,10363,16551,63182,190270,604061020,2035068062,5660400140,26390054500,28200003600,345720788760,796464409050,9622432398010,90379809790139204073790
1,5,9,16,22,37,40,175,300,304,337,640,7702,8203,9559,30017,80006,7690046,8124900,8988630,25304195,58030640,180079057,855197043,4000880032,16840005006,88208907013,5285205629477,180000501593729395035560
1,2,3,5,6,7,8,52,53,91,100,136,143,420,540,1000,1001,1008,15001,95806,400700,1104502,6000000,10390070,10430066,300000206,308913900,5004220030,10000490710,143089003000,143089300600,60008500045004009300
