45197625723,9,8630424,356,1593,1248095071021,2330,554322436242,4014,4175,416980
1854923706726119,50265,8705,6434,945,109,7250,5509,23008,2581041,1161,351720080
4912536889157876,94095631100,5658589630102048083,10023312,6032601912,3226063966
12791492235181249033001340749666067,111993360,9078279819690030990013014807305357
5,431634872,14,1531,192,92011,70,2500952171928505084053068,745,6568064896182798
9653124762096,9070,786,35,9706,15153,3065,840761,94,2170,240626,34,39205,858418
9816227761740,865,33908,5448526,8556,27876,85055,647079,643380906,2769755550071
81579433961510388810036152,4,6,5524,9,13,158320,7104,628439,90275,5885,87992044
74631256560493057,1000051734,3,5,3045,877314,101577,2990019,153,599624817397058
372691,158299784,12,40737,957,5447,1707005,4485884,5119377,88538,150028847909968
9
n = 79
8
n = 79
7
n = 79
6
n = 80
5
n = 79
4
n = 79
3
n = 79
2
n = 79
1
n = 79
0
n = 80
