10
45197625723,9,863?424,356,1593,1248?95?71?21,233?,554322436242,4?14?4175,41698?
0 0 0 0 0 0 0 6 8 1 10 5 12 13 14 15 16 17 18 18 4 21 22 23 24 25 26 27 28 29 30 31 32 33 34 35 1 24 32 39 40 41 13 5 44 45 46 47 36 49 50 51 52 53 54 55 22 57 58 22 60 61 62 63 64 65 47 67 68 69 70 10 72 73 74 75 76 12 4
18549237?6726119,5?265,8705,6434,945??09,725?,55?9,23008,2581041,1161,35172??80
0 0 0 0 0 0 0 0 3 0 10 3 1 7 6 2 16 17 18 19 6 10 22 23 24 19 24 27 28 29 30 3 32 33 34 34 36 37 38 39 40 41 42 43 35 45 46 47 48 49 50 51 52 53 54 55 56 57 58 59 60 61 18 63 64 65 66 67 68 69 70 71 72 73 17 75 76 21 6
4912536889?57876?9409563110?,565858963?1?2048083,10?23312,60326?1912,3226?63966
0 0 0 0 0 5 4 0 8 4 0 11 0 13 14 0 16 17 18 19 20 21 11 23 24 25 26 27 28 29 30 31 32 33 34 35 36 29 38 39 40 41 42 43 44 33 46 47 48 49 50 51 52 53 54 55 56 57 58 59 60 61 62 63 64 65 12 23 68 69 70 71 72 13 9 2 13 8 3
?2791492235181249?3300134?749666067,11199336?,907827981969??3?990013?14807305357
0 1 2 3 4 5 6 7 8 9 10 11 12 13 14 15 16 17 18 19 20 21 22 23 24 25 26 27 28 29 30 31 32 33 7 35 36 37 38 39 40 41 42 43 44 45 46 47 48 49 50 51 52 53 54 10 36 57 58 59 60 61 62 63 14 5 7 56 67 35 6 7 6 3 5 1 76 2 1 0
5,431634872,14,??31,?92,92?11,70,25009521719285???84?53068,745,6568064896182798
0 1 2 3 4 0 6 7 8 9 0 11 12 13 14 15 16 0 18 19 20 21 22 23 24 25 26 0 28 29 30 31 32 33 34 35 36 37 38 39 40 41 42 43 44 45 18 16 16 23 4 35 25 53 32 54 34 57 58 59 60 61 62 63 64 65 66 56 48 58 10 34 72 47 14 11 74 28 1
9653124762?96,9?70,786,35,97?6,15153,3?65,840761,94,217?,24?6?6,?4,39205,858418
0 0 0 0 0 0 0 0 8 6 6 10 2 13 14 15 14 17 18 19 20 5 22 23 24 25 26 27 22 25 30 31 32 33 34 12 36 37 38 39 40 41 42 43 44 45 20 24 48 49 50 51 52 53 54 34 56 57 58 59 60 23 62 63 64 65 66 67 68 69 29 7 72 73 74 2 8 13 5
9816227761740,865,33908?5448526,8556,27876,85055?647?79,6433809?6,276975555??71
0 0 0 1 4 5 0 7 8 9 10 0 12 13 14 15 16 8 18 19 20 21 3 23 24 25 3 5 1 16 16 31 32 33 34 35 36 37 38 39 40 41 42 43 44 45 46 47 48 49 50 51 52 53 54 55 56 57 58 59 60 61 62 29 26 65 66 67 68 69 18 71 72 18 74 75 12 1 2
8?57943396151038881?036152,4,6,5524,9,?3,?5832?,7104?628439,9?275,5885,87992?44
0 0 0 3 0 5 1 2 8 0 10 11 1 13 0 15 16 17 3 19 20 21 7 23 24 0 26 27 28 29 30 31 32 33 0 35 36 37 38 39 40 41 42 43 44 45 40 47 48 49 50 51 52 53 54 55 56 57 30 59 60 61 21 60 64 65 66 67 68 6 70 71 72 73 74 36 76 11 1
74631256560493057,1??0051734,3,5,3045,877314,??1577?299?019,153,599624817397?58
0 0 0 0 0 0 6 7 0 9 10 11 0 13 14 15 16 13 18 19 20 21 1 23 24 25 26 27 6 29 30 31 32 33 34 35 26 37 38 39 40 41 42 43 26 45 46 47 48 49 50 51 52 53 54 55 56 57 33 59 60 61 35 63 64 65 66 45 68 69 70 71 72 10 31 18 76 2 3
372691?158299784,12,40737,957,5447,?707?05?4485884,5119377,88538,?50?288479?9968
0 0 2 0 4 0 6 7 0 9 10 0 12 13 14 0 16 17 18 19 20 21 22 1 19 25 26 27 28 29 30 31 32 33 34 35 36 37 38 39 13 5 42 43 44 45 46 32 48 40 50 51 52 53 54 55 56 29 58 59 60 61 62 63 64 65 66 67 68 69 70 44 72 73 41 15 8 10 9 0
