31,20061373421,74,1708,53420,45,450,484,40075900,903,69227328,4687,6478640248802
9142361066243658638545200,71,8004,459,794315,37739,23918610,330550804,536741669
4191368724957070070,71311,19256423,1759,9577,69208,197016,2423756,26835180,6180
500,526,3020988225338982,6106077230130317451440887337676837,70568411802905213131
298,5,9,73,9251,2,23,26,1593,7,38,70,86550254,176536,1080938,59942,6438,8261356
1771,4,5,7,8,9,45,60,92,304,888,91020777473,7598,7899300,1497,873,20421,63994194
804,5758,554739,1930079,3198239,5025008038,133423473642652503,262533897625410165
6291374812088,1436360883,782086,9408,7787,202457,503420277,191879,8904330106064
69128743168464371,60,310,850,1150,7158465,18754584,55238588699424,4002742855100
5134261798067963769338,760,1278,8209,589220691,909500,213165640,303790,44186163
9
n = 80
8
n = 79
7
n = 79
6
n = 80
5
n = 79
4
n = 80
3
n = 80
2
n = 79
1
n = 79
0
n = 79
