10
31?2?06?37342?,74,?708,53420,45,450,484,40?759?0,9?3,69227328,4687,6478640248802
0 0 2 2 4 5 6 0 8 9 10 11 12 0 14 15 16 17 18 19 19 21 22 23 24 25 26 1 28 29 30 31 32 33 34 35 36 37 38 39 40 41 42 43 38 3 2 28 48 49 50 51 52 53 54 55 56 8 20 20 58 61 62 63 64 65 66 67 68 69 70 21 50 73 46 28 5 3 8 0
9?42361?662436586385452??,71?8004,459?794315,37739,23918610?3305508?4,536741669
0 0 0 0 0 5 0 7 7 0 10 10 12 4 14 0 16 17 5 19 20 3 22 23 10 25 26 27 7 29 30 31 7 33 34 35 4 37 38 39 40 41 39 9 44 45 46 47 44 40 50 51 52 53 54 55 56 57 48 59 60 61 62 63 64 56 66 7 49 69 70 71 72 73 74 29 76 37 3
419?36872495707??7?,71311,19256423,1759,9577,69208,?97?16,2423756,?6835180,6180
0 0 0 0 0 0 0 0 0 3 3 7 3 13 8 15 5 2 14 19 20 21 22 23 24 25 26 27 28 29 30 31 7 17 34 35 36 37 38 39 40 41 42 43 44 45 46 47 48 49 50 51 52 53 54 55 56 57 58 59 60 61 62 63 64 65 66 67 68 69 70 71 72 8 74 75 76 77 1
50??526,3?2?988225338982,610607723?13?31745144?887337676837,7?568411802905213131
0 1 2 3 4 5 6 7 8 9 10 11 12 13 14 15 16 17 18 19 20 21 22 23 24 25 26 27 28 29 30 31 32 33 34 35 36 37 38 39 40 41 42 43 44 45 46 47 48 49 50 51 52 10 54 55 56 57 58 59 60 61 62 63 64 65 66 67 5 69 70 70 70 69 3 75 2 2 1 0
298,5,9,73,9251,?,23?26?1593,7,38,70,8655?254,176536,??80938,59942?6438,8261356
0 1 2 1 4 5 6 7 8 9 10 11 12 13 0 15 16 17 18 19 20 21 22 23 24 25 26 0 28 29 30 31 32 33 34 35 36 37 38 39 20 28 24 43 44 45 46 47 48 49 3 49 52 53 54 55 56 57 8 59 60 61 62 28 8 65 66 67 68 17 70 71 72 73 74 42 28 77 15
?77?,4,?,7,8,9,45,60,92,304?888,91?20777473,7598,789930?,?497,873,2?421,63994194
0 1 2 0 4 5 6 7 8 9 10 11 12 13 14 15 16 17 18 19 20 21 22 23 24 25 26 27 28 29 30 31 32 33 34 35 36 37 38 39 27 29 42 43 44 45 46 47 48 49 50 51 52 9 54 4 56 57 58 59 55 61 62 63 64 65 66 67 68 69 1 71 72 73 7 3 56 56 1 0
804?5758,554739,?93?079,3198239?5?250?8038?133423473642652503,262533?97625410165
0 1 2 3 4 5 6 7 8 9 10 11 12 13 14 15 16 17 18 19 20 21 22 23 24 25 26 27 28 29 30 31 32 33 34 35 36 37 38 39 40 41 42 43 44 45 46 47 48 49 50 51 52 53 54 55 56 57 58 59 7 61 62 63 64 65 66 61 4 69 70 6 72 69 74 3 2 2 1 0
6291374812088?1436360883,782086?94?8,7787,2?2457,50342?277,191879,89?43301?6?64
0 0 0 0 0 0 0 7 4 3 1 4 2 4 14 2 16 3 18 19 20 21 17 17 24 25 26 27 28 14 11 18 32 33 34 12 36 37 38 39 20 41 42 43 44 45 46 47 48 49 50 51 52 53 54 32 56 57 58 59 60 61 62 63 15 65 66 67 68 69 29 8 5 18 57 9 74 2 6
69128743?68464371,6?,31?,85?,?150,7158465,18754584,55238588699424,4??274285510?
0 0 0 0 0 0 0 0 0 9 6 8 3 4 14 5 9 17 18 19 20 21 22 23 24 25 26 27 28 29 30 31 32 33 34 35 36 37 6 21 40 41 42 43 44 7 40 21 48 49 50 51 52 53 54 34 56 57 58 48 60 29 62 63 23 65 66 67 68 47 22 71 4 10 9 19 46 16 2
513426?798067963769338?76?,?278,8209,58922?691,909500,213165640,30379?,44186163
0 0 0 0 0 0 0 0 0 3 7 6 9 7 8 4 8 5 18 2 20 7 22 23 24 25 26 27 28 29 30 31 32 33 34 35 36 37 38 39 40 41 4 40 44 12 46 47 48 49 33 51 52 53 54 55 56 57 58 35 51 61 26 63 64 65 66 67 68 17 70 71 72 73 74 15 7 16 7
