1,10,100,1000,10000,100000,1000000,10000000,100000000,1000000000,100000000000000
1,10,100,1000,10000,1000003000,1010000000,100700000005,1000000000000000500000000
1,10,100,1000,10000,100000,1000000,10000000,100000000,1000000000,100000000000000
1,10,100,190,1000,1400,10000,100000,105000,600000,1000070,10000000,1000000000000
1,10,100,1000,10000,100000,1000000,10000000,100000000,1000000000,100000000000000
1,10,100,104,1000,10000,500001,1000000,10000000,100000000,120000000,100000000000
1,10,100,1000,10000,100000,1000000,10000000,100000000,1000000000,100000000000000
1,10,19,100,1000,1400,100008,140000,400000,1000000,100000000,1000000000000000000
1,10,100,1000,10000,100000,1000000,10000000,100000000,1000000000,100000000000000
1,10,100,101,102,1000,1001,1002,1003,1004,1005,1006,1007,10000,1000000,804000090
1,10,100,1000,10000,100000,1000000,10000000,100000000,1000000000,100000000000000
1,10,100,100000,1000000,10000000,10000000000,100000000000,1000800000400208200000
1,10,100,1000,10000,100000,1000000,10000000,100000000,1000000000,100000000000000
1,10,100,1000,1040,10000,100002,1000000,10000000,170900003,1000000000,8020000001
1,10,100,1000,10000,100000,1000000,10000000,100000000,1000000000,100000000000000
1,10,100,1000,10000,10000000,100000000,10000000000,10000000070,10000000003000000
1,10,100,1000,10000,100000,1000000,10000000,100000000,1000000000,100000000000000
1,104,1000,1001,10000,100000,940000,1000000,10000000,1000000008,1620000000000000
1,10,100,1000,10000,100000,1000000,10000000,100000000,1000000000,100000000000000
1,10,100,10006,100000,1000000000000,1000001500000,1030000000006,1100060010000000
