1,10,102,162,1106,1200,7490,14000,500302,1005070,750900070695,100000005650000103
1,108,140,1000,100001,1000000,1000800,10000000,100000000,1000000000,100000000000
1,2,3,4,5,7,8,32,33,34,70,455,1886,19721,69090,14073059,100420408,18850721922310
1,10,100,1000,10000,100000,1000000,1000000022,10000000000,1000000000800000000000
1,3,5,6,7,10,24,28,31,38,50,82,95,97,157,269,304,732,968,988,2711,5721,5858,8930
1,10,100,1000,10000,12000,100000,10000000000,10000000050,11000000000,11000000001
744,2004,13660,1298640000,69007074938,105040994013,994974630910,7045058802000726
1,10,100,10006,100000,100000000000,1000000000000,10000000000000,2003000000000000
2,3,5,6,8,9,27,57,68,70,83,96,162,181,251,352,5860,7167,8854,35813,108059,165489
1,10,1008,10000,10240,1000003,1000200,10000020,100000000,1000000000,100000000000
9
n = 80
8
n = 80
7
n = 80
6
n = 80
5
n = 80
4
n = 80
3
n = 80
2
n = 80
1
n = 80
0
n = 80
