1,2,10,11,12,13,15,75,100,4020,5682,5701,30177,50020,88019,130407,180000,5800080,15006490,15070654,900600902,160420086400,240700130375,507000000000,1002000604091,13209584200002,19211803000000020700770
39,80,950,21864,88091,113849,190024600,489939046,60394821029,65330186214,700680628891,1440203875172,3038520703771950,2846260196169081101,66850138045553935509600220,130607254067002080592146029201004500
86,104,803,1070,10000,30000200,60600009,100788000,770400004,10004000003,344150008009,307600006990900075332004,1040300600005003000000207,3900500001007004035070068,10050600030044100000008015603001900094
1,65,76,100,85000,112800,164405,1601004,109093070014,904443060004207046007,910003400090000702974,1075140040000940008890,190800007526051300900000,330003020020108004000007009,370000000000260948000000000
15975223,40787000,100377300,1002000171,1007660260,7009104030,40000210650,60950401044,1407986059001097093070,5700100510907005030830,177007000000363000084902,16450094800500039080390084003000500430007007
1,2,3,4,5,7,8,9,50,80,167,210,701,718,870,930,955,965,1974,7050,44293,204665,386917,390070,430805,441710,1005000,1730847,18860058,84415000,693870460,30401791051,100400000001,909406746574,4011680034692
1,9,60,200,1306,160080380,560600975,1028300690120,541779906612093,507007024620840093085391,1060990625472418037100813,1870192700080050507306695,1070015088070110010505068226,7004064000008320591880005040
2,4,5,31,63,960,3060,6084,6146,10683,50705,295381,882717,4206867,7407240,7605235,20606400,20893035,92855720,7257004430,111311793556,601900032257118504,1650982907453440510,14591302379765475504780206810
1,2,4,5,7,8,11,15,17,20,38,67,77,136,240,306,307,460,537,550,616,1865,2506,13060,82010,118630,509903,546101,990000,1305208,430298116,518200432,16229940907,30005925202270,40080648009033,200109801407046
1,7,10,160,454,3946,4018,139093,303586,363969,400329,1590638,13313993,640045596,755006542,848684902,30297490130,1804510128107900556427400050,57600700642277200400200743307305601400410033706392242630266
1,2,5,6,7,8,9,13,14,30,43,46,47,140,1002,1041,6090,6174,8036,9070,19161,59580,100000,110012,201090,201850,272700,506012,5000060,6608900,14008009,23008020,901078006508618080,120000311000672070050020400
1,21,90,102,8007,13300,97470007,100500090,10000003008,1800000600100000,4200023008800000,19200120050000020,100001720070690107000400070,910035820100000000090512000,10400007010823000432001004500075100687
1,2,10,18,60,66,807,808,1400,1408,8041,10009,10010,10200,17901,17961,4075003,190900600,2066005930,2430000000,16500467363,170309800000,1900015080340,2270921034000,80000062003080,13000109201077310001520
2,3,11,12,16,14006,1709100,2940888,121003000000000,7010302030900003009000101,1000400900700500000309581406,1004100700807005020007000080,27076040088000600006000004309164606080000700840005209868091000006
1,3,5,20,60,94,100,608,642,680,997,15028,101800,87460000,100060708,71606706009,71607500600,77084043800,700007830020,1840770970708,8940046900700,505001190888076,552056600060970,220097509105004430107008
1,2,3,4,5,6,9,30,31,62,70,90,91,117,375,561,1074,8139,8363,10888,34800,466913,973983,2226310,3314384,8102523,50438009,154556291,442683257,2128718369,66890208087,622682127190370473,86090039610710932074
2,3,4,5,6,8,9,10,14,15,16,36,42,59,60,202,376,481,483,750,900,2040,5504,14051,20040,60576,300213,300300,900420,952367,3292055,6700031,35070430,118005203,157729008,19502109064,132000000385,302466713063
1,6,10,403,470,563,3085,3960,3962,27900,27901,502465,900901,5003099,7496028,8304367,18020801,63001050,66017529,600009960,9887310190,20700800450,30380296043000006,870061100906400002,4400504050235007080
7,19,83,93,94,478,480,540,621,623,5420,9202,9337,10626,63007,65468,82030,429049,495787,651398,2989953,5569792,67298693,97302451,548138077,859132507,1390774200,8053481985,9087400870734,3980270735854898
460,670,407156010,11050940930,2000900008090605,3070080010009206870080760,9725700070470990011000100,422000070000500005816090400,900001181870040090080060002614,161640020005900104057022805001019893195097
2,3,5,6,9,20,25,35,46,81,82,786,858,1062,1064,7990,8005,10200,17550,28010,43608,50006,57000,100190,513802,913467,6010169,206101004,7947120200,76038000000,64300026560750,79362604963000,7007000400000027
1960,6458,1237654309128620510110,8730375408855522021240090800115118467109,794760081126335515729250216039158626524659282935,29876898013338312106820771186870756337301004615923527910025700698453183279832
1,2,3,4,5,6,7,8,9,18,21,33,44,49,52,66,70,75,148,1794,1805,2008,6500,7608,16150,26770,65207,70060,77072,81570,748760,749387,31903020,309703464,1801939805,2800979436,8210148374,64688510380,110043172642
6,100,700,26700,26798,10109334,98227749,10050053939725,73702065005043,312381081032101501,1900607000390008081,78003638700000618890,824281204208030595480,40006844757991900765657,500030095062068040234450
1,2,3,4,6,7,8,9,71,79,80,81,461,527,534,600,800,5006,6030,6379,25904,39007,50080,100040,551328,790726,7026002,7047751,3200160205,15660008000068,28008154335694871,30007700102302702,10069804500593020091
2,3,4,5,16,17,50,60,61,62,200,201,202,220,221,800,2004,2005,2012,2013,10006,17021,50840,50841,51000,52700,190090,708180,950000,10007006,100000040,2040008080,19000008940,28000000030,1000403070025000000
1,2,3,5,6,7,26,34,99,304,306,894,2501,8388,23070,40350,54050,501133,810870,1900250,2703828,149970080,985133120,985429853,104359247177,268610617925,550004019400580499418280,6629766418400093259032641050
1,2,3,4,19,20,60,72,82,83,100,288,340,460,900,1302,7000,10030,42284,42837,102504,930700,939050,3140000,3200806,4020502,9001000,10020007,15145074,498000904,498000954,800000006,571120000420,610806000075
1,2,3,4,5,6,10,11,40,41,44,45,130,131,1200,1201,60000,93800,4509000,35004027,35004064,111938001,121361082,121365800,4543140000,103000800240,16030020007018,50000160000002007,104000000000070900000000080
1,2,4,5,6,7,8,83,84,125,1524,1529,1538,13005,13960,48128,48400,48801,83527,1057202,1310347,8700392,20205820,23301007,23327060,1902090158,9090007080,17700060080,108004000901,190060905800,19700080004410
6,7,10,210,1043,80045,50471494,66707053,10358060010,700030008412,700093006703,1010300127500,1700000900809,1873670090050,29006000000000860,2000850547000100006010096,379900060500258900080400500537504492
1,10,11,102,165,167,900,1030,1031,1032,10007,310200,380042,790100,27040500,200005987,1700010070,30200004000,903006000590,1004903900200003,10563105704000000,70000000007000900,10005000006070000500046023
3,13,207,387,460,1957598,1440900470007,1532040119909,97744008970000534,190702330024030406,5570600000008859780,4300744000008900701635,106075987210111509500360103,526070696214037008300590156400037500320
9,25520,10030061192403,4094000200300058,4470801462700200,12550807070620526,38020677104204881,2048051070700909780047813,6800710100600047004403550,10605007208018606740054005,1507056000406405790809040000
1,2,3,4,5,6,7,8,9,10,15,20,24,250,255,661,3047,3106,3107,12752,21008,29087,33203,37900,92814,317040,555182,623000,706003,791938,973204,50608684,76603979,9433663940,900000027885073,20818085301190591512
3,6,8,16,27,31,32,89,204,400,503,544,8320,10090,462026,462064,549530,1590048,25036076,92380900,1702570703,5031004000,709604090099,50035056163659,54204830014031,470632181473738,643457194000008407000800
2,44112402,2801025949,77450874252,193749986101,15021169006004,1980139020390229581992,8375501232055070880900428,3730521400428941509229001235,178006549057696569280400630165504577330409218864992905840058
1,2,8,9,10,11,17,49,53,80,81,506,507,514,519,1005,1013,4903,6000,6001,6007,60001,1610506,1610507,24000090,1000700100,50040048005,50700400001,103307620700,10584100087200,40570000020000,3300030003005030
1,2,3,4,5,6,7,8,9,14,20,21,29,40,60,70,80,83,86,87,110,116,180,229,253,401,568,730,732,939,1008,3003,4798,10090,30368,85068,200678,480901,4000450,4851230,4950500,48001020,105350930306,1005002944000045
1,2,3,7,8,9,18,36,60,65,109,140,209,600,3500,4597,5203,11006,11021,18700,18710,19640,102170,183500,1127010,1007504000703030,1042008000001010209,105090500010000470000727,1052036610160040709920308000007
1,2,3,4,5,6,7,8,9,10,15,16,78,85,86,90,100,300,400,448,614,621,700,780,1002,10297,104594,310700,390000,8005001,10004310,50690700,65400701,70020000,900808107,900827584,1600000660,2500000046,11000008700
9,14,15,26,40,54,183,769,866,3304,90694,100871,5770158,6496070,15708027,20664060,29580831,500808830,1620607650,7709981994,8659438087,8908795360,53043103059,140300550104,6680504237792,29500609583000368
2,3,4,5,6,7,8,9,11,157,5007,9536,10000,74809,930001,1616005,9050003,40050950,1001033040,10400010649,370070100000,700070000005,1264004800902,100014147000087,71204100300580700,33709170080098001060017080
55,61,1737,17000000,4003002044000147000,4003002049000020802,145028400370010650000000,1009085052770050050000007,1550700002009700560040800000002,909000000009709000000022002000200005304001025008410092004
18,106,500860,19206800602,12046929989049040080,891750000052970502673,80097400278000038030509,5020313302200000000730865,967550225489700030202002409,70051008081105950050551379393000074000909025730000502
2,3,10,81,82,100,150,704,1500,2030,80861,802300,4600034,12008002,106010100,612070570,852882561,888000843,1000035000,1903402785000979,700850173001250000,9060001009130800800005,1502053007000070300600018
99
n = 200
98
n = 200
97
n = 200
96
n = 200
95
n = 200
94
n = 200
93
n = 200
92
n = 200
91
n = 200
90
n = 200
89
n = 200
88
n = 200
87
n = 200
86
n = 200
85
n = 200
84
n = 200
83
n = 200
82
n = 200
81
n = 200
80
n = 200
79
n = 200
78
n = 200
77
n = 200
76
n = 200
75
n = 200
74
n = 200
73
n = 200
72
n = 200
71
n = 200
70
n = 200
69
n = 200
68
n = 200
67
n = 200
66
n = 200
65
n = 200
64
n = 200
63
n = 200
62
n = 200
61
n = 200
60
n = 200
59
n = 200
58
n = 200
57
n = 200
56
n = 200
55
n = 200
54
n = 200
53
n =1,5,6,8,100,101,105,900,7007,7600,10011,4038000,4500000,10000006,107001105,904801000,420002004000,427007000000,100300000000240,300100000000034,1500007070005050,554802070800000002,550862000000703300000
1,2,3,4,5,7,9,10,13,487,825,830,3002,4397,5394,107090,160007,44600970,46800004,87874200,102562009,2050058003,35100099004024,690670651000950,790024903890492,90400088802523068,79845008898480540700608803
1,6,7,29,30,31,32,33,400,404,600,601,653,883,930,1003,5004,5700,5758,10009,74000,82006,100040,103399,103400,103700,10790000,1000970805,6010000090,6090090085,150001060000,98069000000003,902904500070000
15,16,19,107,62880000,100808909,1106080090001006,1500000000000044,900500900364402000,1040100030009003960,1964030080607540301,343090009902308000003029610900,10509005074007090000009720000009015000812000
1,3,4,5,6,7,8,9,11,12,15,37,46,50,63,64,65,68,70,86,90,94,98,482,523,758,806,923,8068,9568,65676100,1985920150,49157010300,171759581050301,233336462113664,585950800970128301,93407060000004025604850617
2,3,4,13,69,86,5673,10171,10174,68000,262149,605900,1106024,36048004,490069505,4201160075,838070605679,882074079092,888040700000,3700909201189,4519718010487,1359006693900136022,12000305003079094050900
20,404,490,80028,7198616051,75560001519,108762190968,1460287005023,81505670506785,801407200003604980,95372370830683009692,1048530924269540012861,44406306785270501965581,6114600787123621419881503698101
2,51,700,43072370,10830740201,10046200002008,10209009080807080,700000730000700760000074000190,15000007000006034723671500566090000080787746050000,9000700008180021039010004016051990069008000400740605520
1100,5000901,1240800280063,440013010695600560,1013000234009060005000000002,799590070023836700023684940840045400900006209910023700,7800037080080707755016200809060060005705200070060700327006004000509099
1,10,244,1006,5000,6500,18006,60005,1060030,5215023,10010620,10605600000,40000684009200,8060710000500830000,496900000809925000091009,102601600540700100003000745052,200220503000000960980460003650005090
8464,286002,6344531242,30310829700001170,13008085090617160200078401355053,150535046707630063722706020649196840,6650561196872826535600210406207040090600511,190066803950996744400997960103502830740059958
10,1088900,10404559,10005026621,570504188000,1040703060000,10102000001011,100009760062020,183708041000000165003,1000097600403000430096,6455037400600850000100,100383307110000400140002800900580040100000
1,10,78,142,1080,90009,90010,3202500,10301402,15050023,1000000009,100700200040,879090050670,14900092900176,102300050030099,140200700000058,700106000000790,1000300045677072,1028005000400008002760020000
2,3,4,33,60,100688,800071,938000,15702108,95000910,100430005,95000620675,804500160490,101044000901501,1432204080027003,70030024090020770100081060090065,760506000002930783791005094002072391003001002002
1,2,3,10,19,20,21,109,140,300,700,100020,100029,1000080,1390003,1600046,80070200,90009040,1682009602,1400006705042,10700105905000,57066004030407,101000020000040,101707000023168,10600620060100008000700
1,69,73,190,585,603,671,766,3057,3270,3313,3402,3533,164710,807233,1066034,8101555,9184000,9288785,26195057,61054390,180805534,607001800,628803000,601991849222050,1670800536441198,10941305279697005273
2,5,6,9,28,59,73,77,82,167,462,502,580,926,2983,3202,3308,39808,39814,453084,545088,901740,2808980,6850203,9136680,89310808019,519010495137,15003806199508,4062900908977602607,4737990815807091749697767
1,2,3,4,5,6,7,8,9,20,21,22,23,40,48,49,54,105,106,107,108,109,1060,1120,1200,1201,6000,10000,88003,400030,500500,600000,631000,269000052,90500530400,1830090204941,10090004090040,1800004000000095004600
1,2,3,4,5,6,7,8,9,10,11,20,30,35,36,52,59,80,81,82,92,93,314,740,763,908,3122,3130,6888,7800,7950,7980,8311,8316,10106,10802,11400,240257,242364,717000,802504,908005,1780907,9400050,69510800,309264011
1,2,80,190,160240,1820010,86090401,330000400,100300303520,5918033200500,6400904000110,809007210100007039,7220609008002000000,810000103084520001000,1700000550000000200000105,520001700225100008600600000
9,506,30037,9500404030,6403275027508100470170089,70003280504000705760003476365067,624744999630600006358016454982924020100005180923050001098,100301000080086510206703008030009000008060206007500000050802
1,5,7,9,43,44,53,55,68723,368370,692849,860005,7270001,72934410,109697206,440500000,604000344,1249060678,9607322368,120517305100,2005612002080,10409291572000,20008014428040352,149971080723060343224090
1,2,5,17,74,100,506,509,736,7010,8003,14142,52180,53846,59603,60908,879024,880903,1000149,1021903,7053900,8202464,16908125,54050061,806235305,10974220070,36074102509007533010,5090735744070266040060308
1,109,310,649,60000,100901010973,5380702160086034059,50040182989503000503474250,790206000940330300053038077,192661000522716000004080300170900348549,6902708020700047040010014072503430600796062706680603
17,63,1070,1700,9884,25290,186149,263972,730421,1500764,3200100,6200002,7773656,9018002,396004349,613007463,86621848005153,1308003996401109,30008813863070004,1839028099307071229,8329984901140983022413
6,109620567,610758620820220349,6163003024300625495248,460592851079080154705909610454081,1021472703563000603774404009042906020014760152125,59405543105096750112200973420870800306914603381104421030900389
2,3,4,6,7,9,24,35,47,54,59,90,404,673,737,743,1019,6208,10585,11452,64049,104886,338070,110307278,41313249204,564449034000,4021408030654,7932079605127,19418500838883,968069700618099,867138007502080878
164843706,8488685450793,94200000007491784618490,740009000540000059790099350300076,3602950022582534357240797009075351,569282086300090000907106403964600553,3488026948229690000005970520050090593109000200
3,4,30,31,33,38,107,193,804,971,3000,3038,3440,5713,8044,23564,45700,77801,218664,370669,4297305,4701555,12409431,203101886,7272630431,7280709313,14677781787,314099954022042257,20497376184208330408090
1,2,3,4,5,6,40,41,42,92,93,107,600,900,901,902,980,3002,7231,7328,50767,50863,50920,80109,1610160,4000790,19001083,86004010,99008305,660600050,109004000090,196068806030,110085300250802,850703000000090
7,9,14,40,50,439,1784,2823,3603,4059,80302,429842,477405,5598191,6642177,8775008,89463139,803047145,2168450749,4692087640,254214687055,5139808341945,2447057619057742,2976495270609261,62899050847821272
1,2,5,7,8,18,30,35,60,71,82,342,430,440,447,751,940,7020,7174,31101,36008,36490,49089,350417,358060,362300,7000172,9513600,128020052,2204220190,2260607700710,590100830003585,37502470247950073300204707
1,2,3,4,5,6,7,8,9,10,15,16,17,74,75,83,407,408,834,888,1067,6079,10500,13054,96100,1200020,26859586,29006720,33080606,1600361442,1630160801,2000015260,446419009000803,3502800406100018,5307900008020690
6,7,8,18,33,181,6928,30990,527300,1548110,2354903,14789584,14792039,364217366,396698809,674213122,82744933831,726888071864,40683820345806,236608829909659,8064649687024042308,18900885771811409070866228
1,2,3,4,5,6,7,8,9,11,40,41,59,60,106,250,251,595,928,4340,4435,10640,82478,98837,1980040,6000000,9790910,58927620,703924800452,244009180146820,12550043200508497,809924140813400460,20092030810970080702
1620500,6600060070,10278952007,1060000900006570000,400070023600000007200020670000403,19000000000690000020000900000408305,1051070108000080221246020826450010007,10030969000000000604400750002790307030020
1,2,3,4,5,6,7,8,9,11,12,13,170,171,172,260,261,1010,10045,50003,50050,1000070,6053100,6053101,7009545,10000040,38020590,190288990,293040000,80603409020,370004035006,8947001077072,120092000200208046950
1,20,30,31,430,770,2001,5030,7540,10080,10908,820084,7003039,7090520,10009101,90000008,100000926,904409850,1650490000,1678404685,2330030006,100036400070,100500500002,30077000600000,1081000000146977010
1,2,60,62,660,803,812,10000,58060,3950992,10076900,1505434311,2033607560,4050000080,11000044007,10054087007705717700163,10902530034290260064301610,10972946807465348300063009,15100141006100047080007292
2,3,5,50,51,130,131,132,133,1210,110205095,120008080,150020370,654210345007,1090800005005,3070851000728,9890550000080,1098020808504503,10681350400513431,801001300064194074,3092600163004330561000940051
1,5,6,8,14,15,30,31,100,140,1700,2500,6100,42000,42100,104300,591068,690640,1000209,10040000,107003000,109400800,130000000,161000744306,2050050090500,10800300400008,650000204000000,2000000000000061007
1,2,3,7,8,9,60,61,199,408,409,410,703,1020,3200,7007,34507,35208,60546,67000,80080,1070304,1073918,6800002,100008600,1030006562,8500080000,50000900002,1800090700060,6000208000600,190006801000024007000
960,4606,10000,190601489,9680058210,1024714700234,905334843004217015501,40719004774239798320700066233568,19365060309089333920030803121944191877427477,13805348000978274004003745680400047403309057684056
4,6,9,35,65,68,69,100,383,440,2244,6050,7810,30001,30934,40937,71250,706849,2794005,3031040,15601490,55649045,56001430,65708535,70906250830,78093608804,6000361083773,72050370380700,1000020803200000093
6,7,20,30,31,74,152,1967,9609050,12903583,90003800,1706500440,103404080001,1030800402320,7180790041080,61543420400000600,400001000009320097040,3044434286250083001000,1203205033890434600000000201030501
8,807,60500,80302,120004364,1000200009,17064007903,96030000942,16250002080006,10009005706001044300,109020060000505095080070003,5004000200500004100870050903,18000000000038063536300000706340600209096230
1,2,3,4,6,7,8,9,27,37,49,60,64,68,77,78,82,95,96,206,214,408,2880,36440,81465,131310,52002407,94390129,103106802,5727180306,6056406638,12535744518,533470003142,9104490060790432,16290047741355718372030
 200
52
n = 200
51
n = 200
50
n = 200
49
n = 200
48
n = 200
47
n = 200
46
n = 200
45
n = 200
44
n = 200
43
n = 200
42
n = 200
41
n = 200
40
n = 200
39
n = 200
38
n = 200
37
n = 200
36
n = 200
35
n = 200
34
n = 200
33
n = 200
32
n = 200
31
n = 200
30
n = 200
29
n = 200
28
n = 200
27
n = 200
26
n = 200
25
n = 200
24
n = 200
23
n = 200
22
n = 200
21
n = 200
20
n = 200
19
n = 200
18
n = 200
17
n = 200
16
n = 200
15
n = 200
14
n = 200
13
n = 200
12
n = 200
11
n = 200
10
n = 200
9
n = 200
8
n = 200
7
n = 200
6
n 1,2,3,4,71,76,82,91,421,700,100081,172088,3040000,250004089,330881773,347030000,640004765,19000860862,30008026900,518694400077,166542307390000089,722814400730420006500,10520710004090602010500000000501
1,10,12,70,105,806,1060,8035,8042,13600,80704,120020,120102,608325,8004207,79700207,109003067,700080800,1669420300,100000092970,70000030190000,7390066300001071,16109000444406000,1050000900000554070010
3,14,23,2000,10212,606370,4803040900,9003365105,1000940779168017,55000080104640330,1107405020012020510,8390080390307004800,126050540380994866070,81001400029983030026907,1707010577009400039004805001938
1,2,3,4,5,6,7,8,9,10,20,21,25,27,35,87,88,100,101,104,600,610,611,680,681,960,979,1000,1700,1701,1709,7002,7820,10012,10013,10382,100980,3000009,10800040,108060068,1081008030001000,2004104684040600040
940,10170,1999148460,19094940278,3004654045858,120520602307546,195562021670260705,3613045790505702343751,13203388609106847014086130005,530904220080060201445201060188,1300969300356998224679804606537089
8,59,94754870,893812382,23479537493,812079117035,4861291444043572,787811482611646824944,2006061843242260745566,40415920540702032084407256701586558240217487823141512437020370050071292951945252320796011
2,3,7,8,9,10,17,22,23,30,31,55,89,90,120,130,918,1000,1726,2550,3252,8000,15312,40720,41530,90005,90007,112093,300300,5600101,177000055,630006001,631756216,924605354050,390002762419100,481678409322046
= 200
5
n = 200
4
n = 200
3
n = 200
2
n = 200
1
n = 200
0
n = 200
