18,70,73,9800,10077,1060000,160086000,160127039,1100060045,70800003206,6090006000000,6090300756000,6140030792000,471009002060000,607350000070600,70009569600005300105,9900620000000000000606083405760504
50,518,6007,6008,10045,180843,75900930,12400000010,1050330144500,1061794538030330092,3080040014209040806000,43009480613770068002022002,10000700000000200000004080029,17060800808001303060406019007009355
1,6,7,80,89,108,650,815,903,1014,7856,7937,40570,55004,71002,73000,92750,253003,301005,382098,30194397,309050008,708477212,4242990003,8023307202,40004602340,48607700549,462091410000,107220640005606640
1,4,5,6,8,9,14,98,1002,3817,4031,54049,69511,70741,99246,1902740,7404901,10290602,10388420,400560090,601590981,42816380368,91134745848,89396197401238,342300932401859,1344830158079239,97139255610702007
7,506,550,1904,10000,15000,18523309,23090038,289003909,30000610100283270,38609040060710971,109675000604360070038007,496510750802000800011008043310029002,16096200160020003009490790108054000850885069087
44,70,150,80515,404200,404800,7404002,107617089,8090107076,603000001709,10006010000000,20400068203503,16000050050040534,780406020000000302,70525006001010003945,8800000003980301029500000009070960080620
1,1063,23032151,70070060,8000507075,90300090000,100000000900,101006000405,900002720000,360000300092000,105540970604003089,1470706852230003100031,12400403900918400000000,1000003900002080600000051000001
4,10,20370,810000,1050007,7070055,9277780,18206356,120087056140,15908600310053,98016000008061,119400007300966,5041030001846000844000,60006510901310802350905,3007500660030070290000820630000000000003400
1,53,130,190,191,1000182,1400845,263090311,1600002073360640898009,80022840932100107023009,80300000340540040000068,8101022421905907460022367,100490500700108010002010007,20580026000070000620105300002656
1,2,3,4,5,6,12,18,24,30,31,50,51,52,70,90,100,110,1000,920440,10002020,618000000,1103400500,1112199003,105000050000,1000105808103,12000000200040,20008000000600,20009120603960,2080400000000000000004700
1,10,3000,34004,40409000,1044040001,187493002000,50600004004002,51207005040864,7064106605000003,30051000597706095,500500090400401040400,1050005932080010000000,76907380280074879019080743047005098208060
1,711,2065,12020,916097,1940539,87093535,404679971,27459538700,519108837795,850747074042,140711756740700,1420985060255287007076877947,5564975073022717069191107090,5579010100477050901168705734801040901
1,5,6,30,160,40300,45007,100202,1080509,10901609,1937470065,68005270090,170020397090,983700052294,3468774157063,6003511010610,10898335220860878,1728690000605994092,100094054840948007000380871032917830
4,5,10,801,6609,48126,75000,80700,1629004,7004093,4045206903068,27006805559970,30902059005408,683415019800703,708850009200900,1500002900880047246900,1500008994654057079000,2060072209402501508094000598
1,50,60,9699,30046000,3020219336,51000601480,19700012611040,97061692000390991,1819040001417005608,4201410535460479441,6621707396070090220870468939390205,25039697025669179866405040903598381460010003702
2,3,4,20,21,22,351,352,500,504,11009,20086,20090,27582,800622,800670,2298403,70000060,1402570018,1340001900560,1340009010500,20651040190090,9400900010608086,10900204000500021060,3450832000004090000008
3,4,6,7,11,55,56,59,98,170,189,277,613,1900,9048,26400,87206,804204,961764,7940035,10046210,10046264,103900531,3239609092,3834660320,7994077907,8600200970,895362005031,5005003165006,166060050410067800
2,9,72059582821,542289879649207,155144009200907699,775903328278470637,92197091929291943305,297118206197628340632871977427,90991003187265568966504214100402494714,104072529537108631264204565148773190464
1,2,20,310,400,466,2002,2012,13408,70041,200703,19500380,104906150,800036240,100309061709,125955028108,780070480580,7500610005000,7630737190002,100204905050002,540438003012021093,104640020002009080802
25583,26768,41894,42660,120409,140198,141729284090,918274055900,3756287020400,175400338108004067,554604396168105864708510542000866245907513,540202012785041738826063150836000934107575009105197903271574
500,17905,6902000,7870094,37450209,400361930,1080696040,10040403560,13000077000,182049009246005,113468812007220600806,4675007001027307102039,5408090799042025050009,420600761161274196050800070504278030
1,4,5,10,200,756,760,1440,83000,100080,300000,380400,500000,1485015,1570304,35536003,40023303,1818466000,4010000003,3000000080570,15454487308003,2910670408040180,4000044210330504,125060000300840567000
909207289304406,19049440974253765,70952705101107091158,550923600570702619741050363411088272554714808,612655005168002880007031445266057703215034714994412186222079626397630423816237678188903120202843028
67640,1501992,11106000,137728020,1120000045,144203204536,637400090685,1004002300700,13034008906000,191063027000050006,149709501310107200878,30253073000006300080861000,293090240045101000024402000045210
1,4,5,8,9,36,40,47,52,62,78,98,315,342,460,660,711,784,918,4522,6079,7519,8503,9343,9828,13478,62084,582430,786771,1183740,20304161,49081138,97240243,466632929,982525960,90193189920203,482403926742023
17,1000,20800930,110300011,165280070,300005090,15058700009,60063700090,100400000030,154002902030674,1400480530020837,1000030080008380000,10900000005006047402,700080020000000990003101000870760090000009
1,3,4,5,6,8,9,10,12,26,28,40,46,47,52,54,156,438,515,900,994,1003,1005,1500,10075,62971,89066,89200,155103,802100,5528240,298206000,1900000280,15078040080380,120113004014706705,19400065838903104490039
1,2,3,100,670,5031,10200,11000,15300,90000,170680,3028002,3028003,6490509,11000003,101506010,109138000,600600355,100900030005004,35801000003093009080002601000,10610043009700700497003500040140100041400
3,6,7,8,9,10,14,20,21,570,670,1046,2947,8763,9304,19907,76408,77881,8830631,45020990,50407204,100726120,773804161,10278654948,58175822260,320509965073,332460500040,3879000680206980,1201608409199847818
1,2,4,5,6,7,10,18,74,98,107,120,550,610,617,618,2012,2081,2140,11064,20080,26005,30062,102300,107395,700080,5067508,5300030,50000614,100040002,6083011001,7040900400700,100501000901004,1301027090620026
90,610,1700,96380,952002,8939600,10060090,50300028,1000409943,4100800406,4503000480,4504006008,580020330400005,100000390000008809,146889000000000308,1918706705000005001097,1529708118206094700000000000
7,94,68329486,691845781735795,777206131486511,70222585891678082912480,29907692117352132249951990,61683103199231606348670382091994082,3947238671478846418992906810192709642439679673446430737338360730697
11,77,79,79759,27060682,689770804800060,90100031838405581,100010570079009300550654419,160400451500048747600420001,5000903314968499237105704121,227900852186004743170278104305138905112040146000361601608
1,3,4,5,6,7,8,9,14,15,24,25,91,121,157,162,223,224,640,709,710,712,1843,2070,6000,70090,100080,3028901,3028908,9116608,80900067,700203334,2797030903,4000301050,17001284800,200600900000,691000008220060
3,4,8,9,16,25,39,45,50,59,63,72,424,853,937,990,3048,74032,77338,414679,440080,514447,73092341,580629987,8748204090,3192844960593,121010087207460,3545759713893318,502095675126001957,709040040208701237
586853,53590897560871,789659300565546002551733409607787,96282457204765702440874082170156794961884,272043419418106326333234840031608805066017,82877133685925637943940195756046430260548061926732026258845
50,715,8560,65647,6140063,33814816,608003794,711682059,7231504508434177952,11070475199414683036190,61802475702407370277330195708666751018708061098,10767011200974734446703755384566962816133140636202050
38,20100,1535009670900,9652937354046337700507708,3974074857786202408757739058169676006653501109030300010,40508310170055880420317833003207000038660560003405869042060686303008264013759002008504911381900
1,3,4,5,6,8,9,19,31,32,40,41,51,58,61,94,337,402,404,670,710,717,1680,5266,14001,30421,71230,72737,72904,77510,3009270,4039020,55040000,84000700,95900051,823037304,1708007160,8995022100,16002830008807
1,10658,2029640,10045586,20000300,9283700500,40000520029702,80002000050099,1030010733030080,10000000300730000,130000000173002040600,100567000000405428007009630900560,1300700070085600000063600007000700
6,7,19,7902,54387,1167442,1173495,3824818,614533992,775529776,1005300675030665399,703378100898518251210,945920452523880992092765,302034000502809154462653162,1580403539789013134498870720807357508861949
1,2,3,6,7,71,80,172,870,28505,38288,684700,686126,9116030,30817143,31629028,78201180,93371342,157401609,1557944134,6732535539,13910421072,867311104030,404118381590153347036709,710974402703988015442205
2,3,5,6,8,9,47,55,100,150,151,300,550,554,1471,2295,4988,5006,22662,55509,65000,80068,136022,900810,48000053,64113395,69001203,90940400,75602171980,1468721880031,52010850310855145120907228096507249234
1,5,6,8,37,46,57,58,94,888,1036,6108,19434,27592,98002,180599,439840,508076,20511120,161141816,605742150,2040344075,4918285608,83586848776,210666063585,867933927495,78217973009669,72637016609589284586
3,19,1305208,38603408107,1079037002833,183408416111509897016219924309,39910998379406426519871272438656640961991,7516003762065230089436206267358402007006902607805741371119966906331303903187067543872105
17,9520093,20456580,9440809787220,12004790700208200,106265305060280605,740003032004210677902,825080030302000030980,1181872905701620000990,2897000649078329470880,300100003180109008506067446300581702920
96236,605949,5726945498,133372056615,44326911020001677750,596937505676208091095,7173042022030967085251569,27267788430858290509296048,9734871050739389430659271667837621200436431560703878815094099563804
13,420,1009,10004370,403004175007,613060186100,70802190302009206439000,500295060000001836300020,10000034575003800022100930480018,15800000100000408000020687001009495237764405440025050018009300202720490
4,5,7,8,9,76,103,104,800,72792,1565001415,5590600505,10034309091060,200204700507201,11002066400561100,3708175307001343707,790162605040810627179,1082007004090954080749509,306478590920607050200620707072
14000183,99551040,800046861,1814000877000,4360005982200,7860000799060,83050708200261,81740000498390990046,90009970700529907160145,103708604010610690844060,769827086465021044654046190373001203000001205
2,3,7,8,9,10,40,46,47,57,63,73,74,76,85,137,188,350,508,1002,1005,3002,3008,3018,3603,3604,10716,17105,90540,100730,1253085,1306009,1310030,2100205,10013656,10001000320030,9604090310300080070007020500
4,5,41,42,44,60,402,460,700,904,4500,8245,26035,64033,125303,2560027,3400563,120190025,300003308,300104470,2050018003,50102013906,4140150067780,4141026800300,821400706104002350,16980405204350768016007
2,5,6,9,20,28,37,96,259,338,705,1604,1906,908590,3045059,3135004,8500950,80503670,96285072,424005260,977026788,40703029057682050,639020082007608900,312008306523097069907,750813000067128156928290900052
1,2,9,10,11,19,100,130,900,1000,1010,10600,12070,100008,106000,3070000005,4001003000,5460000060,100800000100,14910700040006,100000000000330,1000737420808004,3043400300003005602,18002690092005081100004
1,2,7,16,30,40,41,100,400,408,766,1800,4000,4620,20007,20280,70000,71000,74000,600097,4100000,8080708,15050006,1000000400,1001000008,1016000900,4003090080,8200000309,170008500707,159900090119000600800
58,70,505,170201,14035100966,1220050854076,14000040303025,81000690340210,70904403580099300,30012800067000001757902,5559483330300300639230943011703780907,58211034350944265801000460079863085968003000206
1,2,3,4,5,6,7,8,9,12,13,49,50,53,96,102,140,1093,1178,1704,6400,7101,9086,10080,50804,60960,61044,61045,7200209,9675099,10300206,15424062,18605804,25073212,50358070,12006704790,19683820063,76000008000
1,8,46,49,100,101,606,700,1805,1810,33100,40606,40607,43000,300000,30000200,500070000,556006000,10000006408355,300040670000000020009,602000096069041000000,7006000000008490008009,9000016050037030060400
687,1039,2090,100609,1006010694,1010005007,10052201000,3067060000110,117720680002000092,110001092200037970056,10630021003208080000004,4040806030230062010592390600,6079079058002000000005001707940077667
1,2,3,5,6,8,9,10,17,26,512,513,645,741,9002,33000,50089,50400,52039,57037,94290,94385,300242,380009,900971,1110200,10102002,5000060081028,11018290660006,40014092604050,100087600718336,7155100603080036
1,2,3,5,6,7,8,9,26,29,30,80,304,370,453,489,496,2000,4006,4600,11935,12108,300523,406072,1022106,3920020,3923003,100209100,1000750100,6008000060,300000010007,350008000000,1045000000000,120068050007101
1,3,6,7,9,30,32,170,736,1051,1052,39700,39758,39759,39780,700028,1007509,1099370,9091364,50070040,100000800,100042005,127506000,40040004800005309,840006300700470370005,30000200000016009039003700400510
2,3,4,19,205,240,740,781,4686,6100,6354,9200,9905,15406,16004,68483,75010,502450,580030,1649803,1651045,9005000,15904952,50720138,404896014054,100930979000008703,117596300007400308,5760009007720000006
1,2,4,5,7,8,9,10,28,32,65,68,90,163,407,790,903,1006,1011,6003,6016,16018,16228,500005,911022,911070,1005008,9009070,140400503,1470009078,7388050200,20550343000,28554952505,110072550050,10093000946059
1,2,5,6,7,9,10,11,51,99,107,283,286,530,539,780,794,880,900,905,2000,2001,6307,7664,508000,900096,10502600,10503000,101350150,110080003,190080093,1548000900,5000800840,100004557300,1090099010900709707
56009696813601,941060133007103,2308457245270801,143176609600832018283,196476570034464025100200658,13327001376279600287759003021,220550041539018353031002027748461736440515718503148210602596334007474847
2,6,850,60021,2269923,2440886,899024406,960662084,3600705070,4098400032,5402407740,5407003003,691110472485000,300073793740500053,49405059239570150010,16840019202588032556801,70437440404077002100005400
1,3,4,6,7,8,9,10,15,32,35,36,45,49,76,80,84,85,119,343,374,682,824,854,968,5405,6727,10007,18421,66003,77562,242782,871645,3046075,6896353,74076748,222804401,6707002099,99688088872616,4984655727746198
7,11,35,44,68,304,500,1480,1575,1980,17300,360098,566200,4103001,95002031340,72020199909620,437998041890303,177002531642820209,3109251200568768880,1107500816200008781166955,100000248912028000807099105
2,7,38,40,49,139,423,4677,14374,73937,1009000,9009531,10881000,57406386,63310608,90437940,8025001166,20458278200,220586300573,646079654090,22008800474497325,73876069286049070,6871999816945657407230833
6,7,9,10,16,19,90,190,391,402,601,1041,3002,3440,9020,9043,10639,10660,86006,103006,860904,1776704,9000280,54100080,396550187,396600031,18000012001000090608,6401022600000101950260040300860100507000045
8,9,147,7601,8893332,69639888,34905081745,173680496928637,745934647105230,8994575161181738,1860126597271770786,651634730668444477058995064232989262037794,6000289439427481946845000959643214434587649300
1,3,4,5,18,78,79,169,1801,1802,24000,24400,1200050,1700906,9360000,10700000,201900000,280000080,300024930,372000483,1000050450,30003009000,13300800090000070093000,2080020300800002000600920030003001090
1,3,4,5,42,7501,15338,49576,58008,95007,5262175,210245176840,957190322526,9807004272569,31130004020759,634984266228045,13307047089516000640,1140763879375974911000738731,1830182867849234308221443173104
1,2,3,4,5,6,7,8,9,10,20,28,30,31,32,33,50,51,52,60,61,69,90,91,92,130,131,350,368,369,557,920,3501,3570,5270,5273,6507,10000,10640,81000,182000,400960,471018,1000181,10502004006,6022103020060500000508
1,3,5,6,8,9,30,1590,2764,3140,3803,54000,71708,71774,470390,1510730,1531977,5005106,70608500,103230023,46000800661,47507070034,406502640901,810000200000,1994023680600,7881442910000,8000903000369693008
6,17,807,5768,8663,9460,13607,488060,603267,27401929,33051865,33371087,14005405005,78510925000070073,113051127108650500,71504000047602934605,23911563080524884210801,12016004703830681758016770029039353
1,2,3,5,6,7,8,9,10,30,40,41,48,49,50,51,73,77,120,460,463,550,562,600,601,800,870,3000,6000,8000,9500,9802,9900,10800,21006,26001,26061,35704,509001,1505000,1509040,5070000,7000020,7689000,10000200900
97,108,6005,430125,28657909375,81008108500,5030704400042913,89300400730207033000,86900048793008002900044,400760701000208010020064677,105370507030127169061003050946000,390065016130405880501840007700431
9,43,44,47,209,246,400,4080,4278,15621,307202,10509500170,109028896365,58900300040462,41558930470200859,95002004742006042,10009090270029009922,160006478804208009736,11910690430001010203067768157447207
3,4,9,14,15,100,508,660,960,961,9170,40062,107000,9100603,5900030091040,5901065070046,69650064306000,80040000283022,152103794660600,152120006085006,700401950038300,1000301007045083,6006000000220400735
2,5,6,7,12,70,465,770,10550,440250,12076983,19622452,869600174,2006590304,2087009380,4064995858,9905497359,285750042002,344770008700,704890005406,91947720781331,77301305000420330,741948277080520257510
1,2,9,50,76,703,3760,6900,7001,10700,10705,620900,621364,624271,900603,14500043,10220600030,170900200088,105436000076000,458903000102328378,6110400077077006600199,9620000000117510200000016037047001010
9,125,405,705,87358,1010915,66705847687,246693874500676775,841624100189895676153,7357953629672098819190,417783867694389964841212,2000362509484361978407331,946187359623312818190060839460787398245329661
1,3,2006,100009,102400,600109901907480,1968000800085014,1066100807780500664,1006032004009036520300004880077,10700056000093070800137105000104,56500005330803083406105005000050000500090000008350160000442
1,2,4790,5707,88216,6029944,8371120,74670593,125900305,384025201,416120794,2044149360,917023366000790,5950502666000001,501154610902609094,1468026030627020303010008,729024780505340730536086080600651085
1,3,4,10,38,43,60,240,241,300,520,650,651,1300,1700,20000,21303,27002,150000,1000000,50050004,90000100,1000450010,7000700200,106500020000,1500036900400,16030000000005,70000010068080,115601000300900900
4,5,80,106,112,800,903,5959,6045,90902,740962,741016,5000005,8000300,10261070,55407903,76100606,106900065,752908969,18596668096,47705785000,1000334022900,18960044010600,74048090548702,1854600008001702
1,2,3,4,7,8,9,10,40,41,80,81,82,100,104,189,800,801,1609,1610,10704,60010,100050,180200,110000100,1322374080,1336007003,7210000000,10338928000,100800863890,970000000040,1006501000806,25000070020008906
3,44,17444,159121,28845801,37752004,90327070,95938101,5610010975,9460896192,507356030269,2517478594326357452351,62947894771040850995258925470989385,7647628683435420680707298389704041025593009791971904
1,100,500100,1000086,301010090,1900000000200000009030,9008000010007900100001870,1030000019632080670708011050,2000002000000404200000950100,10000880240006460000000000030604005003040000008200980000706008
1,2,6090,6767,1000000,5237570217,2005060704900,4793903008003040,700007550200040405,1330060600020358000,20370600370070600070076640,901006003110804001000090811490,609000406008604001010060040000270050099
1,2,20,21,33,54,55,60,90,100,502,650,732,1000,1823,1830,17054,60074,92400,100860,290890,320000,1001022,4003800,4005082,2870830262,3032070004,3032070489,7520091715010,703625047000003,180506700809500076
3,700,781,18001,160080,3104307,19000000,90300400,90380529,10550000400,60100200500,80302978003,100616000062,90550008063703600,1080007000000046906,20400700202400000090708,7030400203021070800024000000900
1,2,3,4,6,7,9,14,20,21,50,51,60,61,118,420,430,431,704,712,714,1909,3700,7800,8900,10380,36090,42802,68300,1000900,1422353,19730838,19781700,19781706,50815560,10083400700,10173003901,10350030600000005
1,2,4,5,6,7,8,9,12,24,27,29,33,43,59,61,65,75,93,417,461,534,720,926,2741,3498,9736,10480,76116,91726,383681,469073,575253,832721,2912838,5603833,26998065,419790764,9858618070,48389908906,347618607255
1,2,3,4,5,6,7,8,9,10,13,14,16,40,41,92,93,100,101,102,606,1026,5008,5800,8710,8717,31800,3002202,10080000056,7060000080118,100057000003003,1036000001000100000000050,11402003600596001004030906000000532
1,2,3,4,5,6,7,8,9,10,11,17,19,39,40,41,80,90,210,336,424,434,435,1080,1320,1392,1843,22830,66208,71100,71320,500539,501030,504700,7804040,100810700,40039870700,50060254002,58083000005,3071400001017690
33,80,10070,88862,51110100,978194414,83593501871,442000088434227081,75790058088015160112,3070619347602605603693,20000080000058903539785152,50803400190000102814449069,4105000628051364086810632374003375
4,5,6,520,72005,80033603,2650695405,10904306758928,671005934400004,4026000466314234,32505300060715107,33875033869210741,11400300089478008974400,300036005917070506000055262,7021238474101071300805498003
