1,2,10,11,12,13,90,102,340,349,800,1000,1001,9020,500005,500009,1878000,1880004,150600100,4000000080,10000000070,10600000000,1000000000090000007420,19002016900000000807050,5000052070400812980760800050
1,10,11,12,50,100,10000,10300,500000,1000000,1006001,10800000,100000900742,10000000000036,1500000000000069,2310000902040009,14000064000570360,14300000000800006,14302100039000002,9070050500120005008100
1,2,6,7,8,10,70,100,102,10060,100000,200000,800000,950009,1400000,9609000,102000309,150030200,500650000,34480000006050000038,1000000200000000300049,100000000008900009001061,200080980300000040000900000
25,1008,100009,700248,800000,1300005,5300000,10000803,1004000200,8009000001,10000700000,100000006040,100040000305570,6004170012400800,10000008800060340,1005060200000902080,5090000000020900000036000403
1,106,140,141,142,151,157,200,206,2000,2001,2002,14000,100060,550000,1000860,1000861,1007000,10090000,12000004,16280000,1090000046,1095330500,10008040000,964000000040,1089000000000049,1300002000060000
1,100,1000,15000,40090,100000,176001,1703280,100400000,1000010007,1080000000,9000400353,100002950008,16100004000011,1000000900040800000,1000806008000100528,53720040009600000002000400000000308000603000
1,2,3,4,9,19,1000,1200,1201,1800,1806,16076,16600,17000,36252330,65000008,99000700,100010540,1880600005,8000000500,11084001880,1000005000609000000010,2000000000000000090000,170000030000007000020021000
1,2,3,4,5,6,10,11,18,21,26,27,28,29,30,31,32,33,100,101,126,1002,2200,2260,2267,11036,11110,11111,11164,100001,108070,704006,710000,930000,1810300,10000003,101004000,1000000000,6000306000,150060000100
1,9,1500,1580,1007700700,100080300000,4200009643901000,700000070000001500,1070040901005000060,7602000300900000070000,10500530000000770009063040000000,10267600100609410000000130007000090004787066707039
1,3,6,7,9,10,40,41,44,150,190,281,2040,70305,150680,150681,1051710,1052460,8004000,10000000,10200030,1000000050866,50000090000706,100008040700070,106000000000027,10000054000007070,10000060000100007000
1,3,7,9,10,11,12,13,60,61,100,160,1300,3000,5030,5037,5803,6250,10000,23507,100040,100900,860050,1000000,1000700,1000790,1040000,10300300,10340008,700000004,1500906060,10000049070,17000040004004100050
1,2,3,4,5,30,38,39,48,108,116,1000,40000,40030,40100,100000,1060000,1060500,20000460,20800000,20800280,100003060,1000003009100,11902000000500,120000188040350,93000800000000010045,100047000001000500000
1,1000,1020,100005,15708000,100600909,110030807,130004000,7000100001,10000000008,60030100000,64640009000,180000600069,1030000030000,1500300008000,1604000684000,9320000000000,10360005000000000000400200
1,4,10,11,12,13,100,400,401,402,410,450,1007,2000,4000,4001,6020,6900,37000,38720,110000,200200,200201,1005007,13080000,300500000,7000810006,130040400000,130070000400,200000300000,10000900006010009000
10,27,390,1050,100000,6230000,7003000,7003074,11000000,1700600000,183000070000,100000000088700000000000,10500700000000802009314000000,100208000409200018500010043001,10000000105000032002050060000000206
1,2,10,50,51,52,100,110,113,600,608,617,4000,10040,50004,100000,100001,160000,1003008,1003009,3008000,3680000,14000000,59050000,70020700,91070000,200300000,200306000,1000000050,1800002707,108019100703
24,100000,1000000060,170000001090,100005000084090,1034030000030000,607000055603000400073,904000000800190060300,50000312050040000500002000006060000070007,15345000608040500008700004979260000426000000020
1,2,3,4,16,26,29,60,61,100,101,1878,7400,10002,76009,405004,480000,480060,488080,1200100,1807000,180000035,3300099004,3800000800,6000049000,130000000000,160070000000409,1000050052002000000890100000806
1,2,8,11,1005,1006,100020,380250,910000,1000000,1500004,100000000,806000000,2900070000,10004100000810008,502000000000070036,1800000000000071020900090000005800,10000000300000000500000000000000007300009
1,2,3,4,5,6,7,42,100,101,188,189,300,600,601,1000,1700,7000,7007,7505,10002,15600,16105,80000,130001,130009,5605800,60000002,80006000,102000003,102000004,118676100,1000090550,1002004000,70000710000700
1,1993,1600000,901000033,1000000601,1400074008,10060000040,10008080005077902100000000,100020000315000002050089850200,300000000000000006030002240000,1000030004000000000200500000000030500000076200050100
1,6,7,10,11,100,104,890,891,17000,40000,40001,3000000,3730000,87018800,87018870,2405040000080,2410000000009,30066700000000,30100005002000,940900520000000070,10700000037000900050,1070004053006000005040
1,6,7,10,50,80,81,82,90,91,170,171,300,301,709,1001,1007,7000,10006,10069,100000,202000,202500,1000000,1050000,80700000,303000802,978075007,10008300000,100000078000,1000000480057000,118007008000005030
1,2,3,4,5,10,11,102,3004,3100,60007802,80009520,160000000,160030010,1050900003,1600000000,10000000070,10000605000,10079010000000,40000050039900,100040030900000,509009600000179000,200000000005000094076
7,100,10508,5000000,5000005,100160404,10000007600028100,90600205000000000000400008002017,1080000702409040740000480050007080006500000905010,1400004000000500000600080020000003000702000000600006000000040
1,5,6,10,19,40,100,1006,100601,9000007000300,20000020000000,1000000100007062,1000000100030000,1380000000070000,92080210201030007,30000000500033090008,800400000600000503007,1000000900000500000000503000
3,158,300,900,77002386,108008000,126000307,1000500000,10000130800,10040000008,10080004100,105601000001,109000030000,1000051500636,4000002000001,10000000000100,100003600009001,6000009000100000080003004
1,2,3,10,11,12,13,20,11000,1000100,1640000,1090000900,1090000953,1090001102,60000000706,90000000000,107000000007,110080000000,1036605000020,1036605008306,1036605051000,190005663800700,1000000030000002
1,1000,10000,17500,800808,1000000,1707038,10090006,10000005804,109200000001,1040590400002,10000000077000025800050,17000005050032064000800,30000000005000000000000,66060000006000580351401070011040004000
45,170,1700,7005,10030,10900,1000001,1000667,1500030,10000000,100000000,150003030,185090000,1000000003,103010660000020040,100700000020060008004,10062000046000600000158,90010006020006400000040010733000
1,2,8,10,11,250,251,402,1203,4000,10700,80001,100000,260900,8090001,5000300050000,7092000008060,10207201500095,1000000020050560030,104700000000000000047000009000,14100000000000000900052000000000000000
1,2,3,4,5,6,7,8,9,10,11,90,100,190,196,1300,10000,100004,909004,3000008,3000015,3220001,3220030,10000040,100006040,10705200027,1009006800900,10000206900030,618500100000006410000,1200050000000200000020
1,2,4,5,6,7,8,9,10,14,150,152,153,400,560,620,1008,1009,1930,1980,1987,13008,20000,20080,20560,450970,451000,1004000,1200000,9019010,10032030,1800608030,1801000050,1600020088007700,1000006000000100900
1,2,3,10,10003,3001041,4000000,4000007,10800000,10800001,14000080,50030000,108200007,13600900020,100000012908,1000190090806,10001002404307,300000700920006,70500008000807004,300009040740200000000100000
1,2,5,6,7,8,10,11,13,60,100,440,1000,4300,10600,12000,160000,1130300,1139000,67000560,110070000,6008000000,19000300000,6201030000000,400000090000000000,10210010088208601000050,150000090000028700500000
14,120,121,502,10200000,503008001,1000308090,10002202000,10020630000,60909760000,1700000009057,43000904000409,62207048000400,380531480200940,2400000000000000,100090002006000009,10000008000000030008000
1,3,4,8,103,104,3000,3069,10068,10069,10200,100000,1090004,1800060,2651260,10004090,10040080,14100530,100004700,10000009000,10500089080000,130140000009005,10980040859650006,190000031000004085500500000
1,12,13,45,49,18000,60000,100000,10050007904,100840400031,13000003000060,50090400080000,1020000500601007,10020000000060300000000000671,10080007020000600090800000020,10000000002091005000000004000000400
78,150,1000,7001500,8050090,10000042,100000001,1000000000,70040460602,1000200001070,50000830409009,110200000409500,600000708020016,4210001801009800,10000000003300030,1201300010000000009409605745013500
1,2,3,4,5,6,7,8,9,10,11,82,85,86,100,101,506,700,900,1000,1240,10000,10001,170900,11000020,11006400,470000200,475007000,287803010000,900000330010000,100000040004000010600000,15400006000000000000000020
3,9,18,19,100,701,702,1000,1900,10010006,100500000,1000000002,1090000030,10000040068,103020050201,1003500901010,1070601010200,1092000406077,100300030616600000040,30000040004007500008380000010005030500
1,3,4,5,6,14,19,200,400,401,1103,9000,10386,40000,100000,200001,200002,200003,1072000,1800300,6602005,7462000,30100500,30107000,30900000,1000070000,11000040000,15000029076,101000000940,108000010020000
9,10,1042,1050,10100,1600043,800000311,70000005013000458,100800081000400000,1000640800300405000,17600000000600000000000,18000009008000000000710,100002001657006200006000,1070300504000000000104000004000
1,2,3,10,11,761,762,1107,4050,10300,18090,22020,70030,109000,150070,100000710,100005000,1000400000,10001008000,95000010000,1800003008000,10020574004500000,604000000000700092,86050003000200303500000500
2,3,4,10,19,20,22,23,24,100,2000,102023,140000,409010007,1292005058,1292005059,1850600546,10219609300,100000000000,102000700000,1007000010000,190080000023220030006,100408000000000000020000090000000010
1,2,14,15,16,17,100,893,900,1040,10000,10180,11033,1000000,1070003,100001000,166009310,800793000,800793009,1002000000,3400000050,10600020000,10000000000000000,40000000000910009,10000000400090000915005
99
n = 200
98
n = 200
97
n = 200
96
n = 200
95
n = 200
94
n = 200
93
n = 200
92
n = 200
91
n = 200
90
n = 200
89
n = 200
88
n = 200
87
n = 200
86
n = 200
85
n = 200
84
n = 200
83
n = 200
82
n = 200
81
n = 200
80
n = 200
79
n = 200
78
n = 200
77
n = 200
76
n = 200
75
n = 200
74
n = 200
73
n = 200
72
n = 200
71
n = 200
70
n = 200
69
n = 200
68
n = 200
67
n = 200
66
n = 200
65
n = 200
64
n = 200
63
n = 200
62
n = 200
61
n = 200
60
n = 200
59
n = 200
58
n = 200
57
n = 200
56
n = 200
55
n = 200
54
n = 200
53
n =1,3,4,5,6,12,13,97,100,300,305,1000,1006,1580,14509,15004,80000,80001,100070,196005,1010290,19000600,1000000070,1000004301000,40000001000308007,1000720009005002508050400,100004050006003020000840701030
2,4,5,10,11,12,200,709,7100,7160,7161,30030,130830,130831,1080000,1080001,60300000,747006009,10300000000,1770010090000,200370000008827002,102403000090060010005,1602070750800000405200300000300008005400
1,620,608702,100006000000,1000203700000700000,100000000870002004000020100,1000607000100900800024460009,14000000060300950200000050205,261300000000007000000004070016,100030060009000000001030008006500000
1,6,8,9,10,11,100,101,120,880,1608,70000,79000,1105000,1605847,10800700,160000000,8590586008,1030300000400,1030301060000,1200000040000,1203000001060,5301200000130004,5902007703030040,10100900000000036
1,2,3,4,5,6,7,8,10,12,13,22,101,301,302,353,1000,1001,7000,10800,108000,203000,203090,206063,210040,4000200,10002000,1222000040,1607060003,1607060090,1607110706,10002009000004030,107000000009005000060
7,50,80,94,100,1000,1050,100084,15040080,100030009,100070309,10670005056,70000000003,1850000000505,17014000090800,508000000029001,9104400850075208968,10080500000040000000,10030404000000802000001202000
1,2,3,4,5,6,7,8,9,10,19,24,30,31,32,36,38,100,101,102,700,701,702,10005,10006,10040,70000,1000000,2000100,19000010,25030000,25036009,5009700700,5009700701,103008000058,90800000006000,10290000072051000
5,1770,1000065,1070000,130000020,1000106009,3005515001,7520900600,9000900800,10000000100,10000000400,30000400802,102000500002,10060998700006000900000,11000005000000000000004,10101001002080009390000300
1,2,3,10,15,16,206,282,283,284,400,401,700,1780,2050,7003,8000,10020,36007,36205,36704,36705,170000,170001,240000,1080000,1101700,5000005,5000006,5040000,180400090,1608000000,10000080070,5000000007004
1,2,3,4,5,9,100,7300,13000,13001,13070,13209,14000,14008,190879,208000,208060,1609000,90020000,103004001,108000000,140000900,1005000002,1011000000,100100000000,902022906630070003,182000004450300720900
1,2,3,4,5,6,10,19,20,25,50,51,52,60,100,140,144,870,1000,1300,1301,1900,8500,17040,18000,18001,18007,106058,709500,709501,5600090,60000500,100703000,109004000000,130300060000011000,8000040001010853000
6,10,107,1092003,1050600070000,100000000600004,1200000200000030,1000060800040010000042,1009006010000470010200,8007040000090000300403000002,30020000070000000000700059000,6000000050500010080600807000060
1,4,90,4905,9083,10001,7800200,10000000,10000001,100400605,800090012,101000000400000,101020000070230,190000000070000,1201000054050080,1400000000000000001080050600100,1000040000000000000400030062000070
1,2,3,8,27,32,94,158,166,15850,15880,2000000,740000007,1002002020,1700084000,10000000000200,104100005000020,1000000006003000,1504500600004020,34900000000044009,51003200063500000,1930000000000000001000
1,10,104,120,1020,1000043,90005264,1077090005,10050000020,100000010000,10506025093580,30002000000800,100030008201000,100042010619000,110000600000000,901040000000007,10000060000000001,66054040700003030
1,10,94,153,1000,10306,100450,1700000,1740905,1830001,10000090,90006070,100004000,13700035407,150000252108,4003000206018,1060007000600030,10027700070000860,20000000000080200,11020200500100020000060001
1,2,7,12,103,3535,3536,7000,7070,10000,80900,100000,14008100,120000560,120000561,1062000700,1140020600,10000007080,1000000001000,1003139000200600,100100000035050004007,10000010701024043000000000000002
1,2,7,10,11,12,13,70,80,106,107,584,590,610,611,690,1060,1159,10807,10808,110000,900532,1177000,1177400,10100260,720309010,720309015,1090700050,10000601700,60000000020040000007,95000004480000000000060
1,2,3,4,5,10,11,17,22,100,2830,4060,4762,15804,88070,102800,108000,1305000,9500880,10080708,10086000,101000008,10000040240,150000007000,200760300000,1004000000070,140000300500300700,140050300000090000
1,2,3,4,5,6,7,8,10,11,45,46,47,51,58,100,181,340,410,702,703,884,1000,1006,1020,1548,4902,6030,6110,6126,6127,10000,78000,102000,170050,171000,1030030,1907010003,2508800000,10809000000,144030203134000
61,4000,840003990,1820000400,3010207001230,60000700005000,1000000000900000,1050018047000000500200000,10206002000030000145100470560,1090200700004007305000800010970000,1098000100000880090250400008700400
13,100,9003,12000,90303,100000,975605,1100500,1905000,1909501,10072070,110000100,10200602001,118600000000,1004871000000,100000000000171,600930268003000,10300070000009000,110002070110000970000027300050
1,2,3,4,9,10,11,19,70,71,72,200,249,250,251,800,801,1001,5000,5001,5002,5700,5790,80005,160000,170600,173340,1000050,1900500,1974800,30000300,103000000,199000093,1050069000,10010290075,190000007000000
1,3,4,5,10,11,12,13,14,15,80,89,140,150,151,870,873,1603,1650,8398,10302,46500,50000,100200210,130000000,130009047,1000076000,70000000505,100910000190,107000000000006,1080001000403016,1082023000909001
14,100,1000,3000,16000,500006,1000700,10004000,1200000500300100900000,10000000000090000000602071009001,110003002000000000002600000907208,100000770040000020000000001010307700150083000010000090900000090
1,2,3,20,60,65,70,100,102,160,1300,1301,1302,1700,1716,1800,7000,10000,103795,103796,1000200,1005800,1060000,10370000,70360007,150300120,1000640000,10262001000,100000001070,100000040000,60000080009008
1,2,4,10,163,1000,72054010,100910000,190070000,1000800000700,1000320800006000,1009000000140600,8000990097016500,10000009000002900,10000090800000710,20000000310008005,1000890000105099800000000030060009
8,16,200,1000,10010,1607000,1607001,11007300,11007500,1009602600,3700000050,10040000207050,10500000000040,190000007000008,900010030700000,7000200007200408,101340400000009004006,10000007100000001800000
1,2,3,13,16,100,600,1040,9090,10090,18700,71000,6020060,10000000,10900008,10001300000,2000004900004,2000908000600,10000000030000,30000076070054,100060501930003,10000007001000005,1004000000000410608018
1,2,3,4,5,10,11,12,13,60,909,1020,1030,1031,6500,6508,10030,10050,100020,172001,172080,1008001,1012001,1050020,100100090,1760507700,11000040003,136940004600,90900040003800000700,1008770000000060400000
1,2,6,7,8,9,10,30,31,38,80,210,213,214,280,281,282,1707,1800,1801,9210,31108,45050,70000,402000,580010,800001,1000210,1021000,1900409,10000054,90003900,1000900000,1900010000,300900000000,1009000000027
1,2,3,4,7,8,9,10,15,16,17,20,28,29,34,35,50,60,61,68,69,120,123,124,132,5700,7500,11080,66000,66002,66006,100000,109000,109007,13004600,1040109010,74050030000,701000000001,701000000090,104010000500204
1,2,3,4,5,8,9,18,19,20,21,22,60,61,71,100,101,111,112,113,150,1200,1201,2170,7000,7003,20110,20111,20112,20460,20700,100008,2001076,2001077,2010280,10000610,20010001,20017400,120100400007,120900083801
2,3,5,7,8,9,10,11,14,100,400,1000,1001,1581,10509,10570,307000,606002,606008,4200006,10100030,10600769,1008000000,60000000000,105000090000,150005500500,1030170500050,6107000004001,10000460080000000087
1,32,36,42,43,100,101,102,103,110,1700,8000,10000,300961,1000000,10040000,10040700,10908320,11820006,40005000,10000007000,40010085008,70056064000,100009050604,1008040700908050,435029000800020000000080
1,10,100,1004,10000,10001,10080,300000,706007,10004208000911,100500040900000,100500800000003,106001509100505,1100000090050004,100520000030000000700000900003007,7000000000300480056000031800003300000003
1,2,3,6,7,16,26,27,100,107,1000,10063,13000,100800,150000,700180,1000000,10005001,107007000,107890000,126021090,10046000000,120106596000000,120109000380000,100007000000004760003,1030030004090000080400
1,15,107,509,600,1000,102035,5000000062,10003000000,160600300000,616400027021,1000000040000,10000000000090421,10001095076000590000,12000190045080200000,12050400000808208000,500000000000000000062000000
1,106,15000,770000464,100700050060000,800936330000000020000,800936350090100030000,10705903000008057200000,30100070053000000000300,10803000000200080703070200000000,1000000000000000907600100102000680800
1,2,3,4,5,10,11,13,40,41,42,80,100,113,114,140,1034,1035,1036,6000,6001,10001,80000,80004,107000,107008,240900,16400601,100006070,100050095,1020400304,75088003006,10400090008000,1000030900907000950098
1,101,1004000,11926000108,17060070004,150021080000,1000058000000,10000000051050,10000250000000000,100002000005407400,180000009000000003,10000040060200000400,100000042060000000046,400030060007000000200
14,830,10001090,139007003,9000600004,800000000000005,2780077045000000,4005000020000900,1000005000030700058,150000009000204000987800,600141000000000020007400,1043000000000000000056050000000000010400000
3,4,5,60,110,111,112,1000,7400,14070,16000,108409,113000,10009607,100000000,7020020000,10020000005,10028000000,870000000000,1011150000000,10400070000002,100080400000000000053,1006059000620700048040000
1,2,20,100000,100008,1000009,10002004,500806204,1020070000,10006780010,18000000050,500800414059,30001006020009000,100000020900070900,100004000000000000,80901010470200200000,110081006160000005305000000
1,2,3,4,8,9,13,14,20,40,42,43,44,45,46,100,150,151,152,153,154,159,900,1000,1075,1076,6006,6015,6020,10030,40000,390000,1000060,14000000,20050000,400100300,450005402,1061100000,1120200080,100080080009
1,2,5,6,7,8,9,10,12,13,14,15,18,19,61,62,69,100,400,420,440,1082,1083,8007,8009,30706,30707,34000,100030,100036,1900040,1950004,1950010,1004500200,12100006000,12100700078,100007000000,1770003005200000
1,2,4,7,10,30,31,32,50,70,80,129,130,131,133,800,3000,3004,3037,20080,20081,170000,60000290,2244000000,10505500030,400000004050,10100208000000,260000000000560,100300500000060040,1070000009000000000000
 200
52
n = 200
51
n = 200
50
n = 200
49
n = 200
48
n = 200
47
n = 200
46
n = 200
45
n = 200
44
n = 200
43
n = 200
42
n = 200
41
n = 200
40
n = 200
39
n = 200
38
n = 200
37
n = 200
36
n = 200
35
n = 200
34
n = 200
33
n = 200
32
n = 200
31
n = 200
30
n = 200
29
n = 200
28
n = 200
27
n = 200
26
n = 200
25
n = 200
24
n = 200
23
n = 200
22
n = 200
21
n = 200
20
n = 200
19
n = 200
18
n = 200
17
n = 200
16
n = 200
15
n = 200
14
n = 200
13
n = 200
12
n = 200
11
n = 200
10
n = 200
9
n = 200
8
n = 200
7
n = 200
6
n 1,2,3,5,10,11,30,45,100,105,106,107,108,305,315,1000,2030,3000,6309,11009,1095070,10000000,140000007010,2007040000108,8600000005000,10005003009000,90084004000000,600002000300002,1020003009200001000358
3,4,5,50,51,52,61,65,206,207,328,338,434,1002,10200,11071,80080,89000,150608,150609,4700000,4700070,11032100085,101010000006,101034000000,101034403000,1000400000030012000,15003850007200000290280008000
1,2,7,8,134,180,228,229,10000,79070,2004060,3060010,3066000,3100000,10000007,25050006,606001000,12050250200,100000040900,7040000040000,70000070050000003,100000000000050000000,3004690080000215200000005
8,20,8000,8100,80040,100000,10007280070070,10300000000001,300006000006185,1080000180050894900,1080920005003800037,1008000000000500700031,100004000000000008000569,10000002390070700006050000220000284000
1,10,60,400,1022,13000,100580,1000000,90000396,3337003003,100000000021,105000000507,1080400074070,3006060600004,10005550300600,10090009830010,12100000000000090000040,1000900300400126000800000105203000
1,2,3,40,1000,11006,100000,105000300,100901500990000000040,2007000308402305010000,12097003000707800840060,10000006000000000080000070000000,1000010080020810004000000601260000704900006000000000090000020
1,10,105,109,100040480,100100060,75000701000509,100006600000001,1080010722300500,10000006010000050,16000000000009521,51004900100440000,100011002020070510,7000000000000000037,60015000026800000007080520
= 200
5
n = 200
4
n = 200
3
n = 200
2
n = 200
1
n = 200
0
n = 200
