335994408 335994408 335994408 613022365 335994408 335994408 335994408 335994408 335994408 335994408 335994408 335994408 335994408 868176069 335994408 445334816 333299350 590715171 335994408 335994408 335994408 504460348 335994408 335994408 335994408 335994408 335994408 335994408 233802789
175369407 8372645 735421429 8372645 8372645 8372645 153574498 8372645 8372645 951311986 8372645 8372645 8372645 938841108 8372645 8372645 8372645 8372645 8372645 8372645 8372645 8372645 8372645 948063280 8372645 8372645 8372645 8372645 8372645 8372645 8372645 8372645 8372645 8372645 854205998
777036704 777036704 777036704 777036704 777036704 777036704 777036704 777036704 777036704 777036704 777036704 777036704 157747168 777036704 463580208 777036704 394619358 777036704 777036704 812423830 777036704 984822059 777036704 777036704 777036704 957827574 777036704 995382954 777036704 777036704 777036704 777036704 777036704 254648694 777036704 777036704 749427181 865750445 777036704 777036704
775590459 912968011 774805585 184017017 775590459 775590459 681307475 231591255 775590459 775590459 775590459 775590459 775590459 775590459 775590459 775590459 775590459 775590459 775590459 775590459 797878036 775590459 775590459 985535619 775590459 775590459 775590459 775590459 775590459 775590459 775590459 775590459
354317214 354317214 354317214 654742867 543208575 354317214 354317214 354317214 354317214 527943046 354317214 354317214 354317214 354317214 354317214 770809405 354317214 354317214 354317214 543631667 354317214 354317214 354317214 354317214 795078587 28593989 354317214 319945393 354317214 354317214
790143503 272355160 790143503 790143503 766580760 790143503 790143503 351829414 790143503 790143503 998032172 790143503 790143503 195085376 790143503 790143503 790143503 790143503 790143503 790143503 656187275 790143503 790143503 790143503 828673102 790143503 790143503 790143503 301374592
865750445 777036704 749427181 777036704 777036704 777036704 777036704 777036704 777036704 812423830 777036704 777036704 777036704 254648694 777036704 777036704 777036704 984822059 777036704 777036704 777036704 463580208 777036704 777036704 957827574 777036704 777036704 995382954 777036704 777036704 777036704 394619358 777036704 777036704 777036704 157747168 777036704 777036704 777036704 777036704
753567547 630201686 753567547 753567547 753567547 753567547 753567547 753567547 753567547 753567547 753567547 753567547 753567547 753567547 753567547 777008383 968413262 753567547 753567547 753567547 704010623 753567547 257805905 753567547 753567547 753567547 753567547 571274471 321408950 753567547 753567547 753567547 753567547 753567547 753567547 753567547 869015389
777036704 984822059 957827574 254648694 777036704 777036704 777036704 777036704 777036704 777036704 777036704 777036704 777036704 777036704 777036704 865750445 777036704 463580208 777036704 777036704 777036704 394619358 777036704 995382954 777036704 777036704 157747168 777036704 812423830 777036704 749427181 777036704 777036704 777036704 777036704 777036704 777036704 777036704 777036704 777036704
275511657 106476209 275511657 275511657 275511657 598086523 275511657 275511657 275511657 275511657 275511657 275511657 275511657 122785715 275511657 275511657 275511657 699348862 21859841 275511657 275511657 275511657 275511657 275511657 275511657 275511657 275511657 877990995 717343455 275511657 275511657 275511657 819317199 748618081 275511657 275511657 275511657 275511657 275511657
748683265 748683265 748683265 748683265
777036704 777036704 254648694 777036704 777036704 777036704 777036704 394619358 777036704 957827574 777036704 777036704 995382954 984822059 777036704 777036704 749427181 777036704 777036704 777036704 777036704 777036704 812423830 777036704 777036704 777036704 777036704 777036704 777036704 777036704 777036704 777036704 157747168 777036704 777036704 777036704 777036704 463580208 865750445 777036704
823589878 372324925 800573904
1 1 1 1 946471288 988136015 1 1 78551811 940742031 1 1 1 1 1 1 1 1 352839435 1 1 1 1 732713914 342861718 39774325 1 1 1 1 1 1 1 1 1 937161951 1 296829770 1 1
