40
1 1 1 1 1 1 1 1 1 1 1 1 1 1 1 1 1 1 1 1 1 1 1 1 1 1 1 1 1 1 1 1 1 1 1 1 1 1 1 1
23
0 5 24041988 194238441
0 6 34255436 40148266
0 36 2959446 4666952
0 38 61707168 75305567
0 9 232526597 919849840
0 19 666546978 735648380
0 10 24768095 95757105
0 24 79808751 252314585
0 26 14174324 27852532
0 25 62528228 77293199
1 29 12 23 21 9 40 15 13 11 29 20 22 35 16 38 27 6 26 36 8 17 28 19 39 14 32 34 7 37 25
0 11 8999978 165302693
0 39 688296323 724377519
1 24 10 36 12 18 23 19 26 16 22 38 28 39 29 11 34 1 24 21 31 30 4 37 20 17
0 35 174586534 261384479
1 39 13 15 22 14 9 39 25 5 37 20 35 8 27 32 38 18 7 31 36 26 28 19 24 4 23 12 30 6 2 21 29 1 11 34 10 17 3 40 33
0 31 101313730 101939986
0 29 57856350 245010041
0 36 151365741 193174078
0 24 248528427 400654542
1 27 14 3 34 33 15 35 31 36 23 5 6 9 29 16 40 32 38 25 20 4 8 7 19 11 27 12 26
1 27 20 9 4 8 5 36 23 15 39 26 30 19 35 25 40 3 22 13 10 29 17 32 37 12 14 7 2
1 39 36 20 33 4 37 40 28 29 30 12 6 22 9 11 16 26 38 17 23 27 8 7 24 25 14 39 21 3 34 10 2 19 5 13 32 1 31 15 35
