99 96 100 1
1 2
2 3
3 4
4 5
5 6
6 7
7 8
8 9
9 10
10 11
11 12
12 13
13 14
14 15
15 16
16 17
17 18
18 19
19 20
20 21
21 22
22 23
23 24
24 25
25 26
26 27
27 28
28 29
29 30
30 31
31 32
32 33
34 35
35 36
36 37
37 38
38 39
39 40
40 41
41 42
42 43
43 44
44 45
45 46
46 47
47 48
48 49
49 50
50 51
51 52
52 53
53 54
54 55
55 56
56 57
57 58
58 59
59 60
60 61
61 62
62 63
63 64
64 65
65 66
67 68
68 69
69 70
70 71
71 72
72 73
73 74
74 75
75 76
76 77
77 78
78 79
79 80
80 81
81 82
82 83
83 84
84 85
85 86
86 87
87 88
88 89
89 90
90 91
91 92
92 93
93 94
94 95
95 96
96 97
97 98
98 99
541 967 834 500 669 724 978 858 962 964 705 645 781 827 961 991 995 942 827 936 891 604 902 653 792 882 921 716 718 895 947 726 771 538 869 912 667 799 535 894 703 811 822 833 673 664 641 711 753 868 547 644 662 757 537 859 723 741 529 778 816 535 690 842 788 606 540 942 764 648 946 805 890 729 870 850 506 601 893 548 629 623 584 954 756 840 966 876 931 808 944 939 626 823 537 538 618 582 929 541
833 615 639 658 704 930 977 806 673 886 521 745 924 572 770 829 777 573 597 512 986 790 661 636 855 767 655 574 531 552 850 650 941 724 966 930 607 691 507 837 957 787 753 883 945 909 709 758 721 588 922 946 506 530 913 668 900 591 762 655 910 859 624 537 548 983 595 541 602 850 791 836 874 520 596 521 848 699 668 984 781 734 553 999 918 938 900 788 627 967 728 893 648 983 807 921 810 617 813 514
809 616 935 951 600 749 519 556 798 803 724 508 844 609 989 702 695 985 593 843 523 587 814 503 948 700 958 618 580 796 798 781 589 798 509 657 972 622 538 792 538 679 690 657 958 691 815 888 656 511 702 634 772 555 828 646 862 886 875 933 869 642 844 916 881 998 822 651 521 699 557 976 892 889 575 712 600 510 503 869 861 688 901 789 755 923 502 585 682 785 588 926 617 757 832 932 669 654 721 689
976 829 868 692 925 555 934 549 941 512 645 560 718 753 639 923 779 996 687 529 549 937 866 949 693 695 797 916 786 605 988 782 955 734 614 701 816 671 786 763 813 855 685 553 912 808 832 945 813 756 821 558 646 982 981 644 696 722 629 661 535 950 673 966 544 659 792 939 753 524 654 510 745 649 686 813 974 522 668 518 787 905 958 891 702 625 977 914 814 824 834 874 872 659 833 570 987 797 518 677
773 770 763 668 692 985 602 980 713 627 802 599 527 625 543 924 523 972 561 681 503 932 505 593 725 531 992 642 722 786 564 900 687 860 913 974 770 670 735 833 711 760 896 667 785 550 640 694 695 624 519 625 576 694 658 802 871 966 678 593 851 984 518 964 619 652 800 587 560 926 510 757 670 815 576 727 543 758 664 609 882 586 565 987 577 974 625 627 629 928 923 520 902 962 623 596 737 761 695 525
764 760 702 616 530 826 511 771 911 547 653 520 790 924 688 763 940 851 662 829 900 713 958 578 865 507 977 700 558 939 803 760 857 824 977 608 613 887 801 850 960 928 993 884 905 540 611 704 835 856 572 850 823 985 556 716 626 857 526 857 837 771 869 861 896 522 617 612 717 696 585 541 923 629 729 565 559 932 796 855 553 962 584 734 654 972 957 869 532 963 607 983 911 635 567 848 675 938 723 642
754 511 741 675 959 825 721 870 626 934 705 783 850 898 779 701 693 734 637 534 556 993 676 705 962 548 881 800 913 641 855 855 642 962 611 877 924 678 752 943 796 673 540 813 875 572 818 610 517 932 612 695 669 831 540 988 685 590 997 589 990 645 853 814 651 740 544 758 835 759 692 605 764 681 503 829 775 608 792 997 549 556 561 627 967 541 629 740 813 674 601 577 715 683 713 992 824 601 892 759
670 928 527 584 575 786 998 970 787 847 604 503 721 663 706 863 510 671 989 740 664 542 619 913 591 704 818 732 750 705 975 539 803 922 598 747 584 648 971 864 913 575 545 712 546 678 769 762 519 985 789 944 865 540 745 508 818 870 601 823 632 972 652 587 570 763 901 603 923 527 600 969 515 565 528 543 847 588 943 637 909 963 549 681 588 842 608 560 721 758 954 888 646 690 949 843 930 620 748 567
536 783 535 726 685 538 853 629 724 748 923 859 757 766 944 955 818 726 911 525 855 501 549 996 584 515 964 842 575 913 642 696 948 572 926 606 673 929 904 705 626 812 875 593 565 536 736 641 814 994 756 652 936 838 982 855 515 631 730 841 625 511 637 686 690 650 662 634 893 853 916 952 508 762 733 954 803 634 803 756 648 624 817 713 609 528 700 580 818 858 550 655 861 764 903 676 643 909 902 561
989 948 782 653 674 720 902 923 831 869 878 759 508 619 971 503 945 781 504 892 685 813 698 589 722 938 537 910 961 734 508 961 959 993 515 769 937 869 558 700 971 764 617 715 555 815 830 539 712 788 582 954 585 710 984 774 880 815 951 541 615 679 610 898 573 788 977 632 956 689 613 508 941 790 723 863 528 684 778 700 571 885 974 571 833 867 653 795 668 825 676 629 650 598 809 693 686 580 616 749
667 528 679 864 921 905 826 816 516 726 666 587 681 964 840 686 521 662 721 564 809 915 902 873 624 941 745 762 923 531 806 768 818 602 907 807 981 512 636 630 614 809 584 556 790 793 996 652 554 845 708 748 991 712 631 614 939 958 722 704 995 552 769 979 738 923 918 866 659 998 986 696 962 633 658 522 646 892 537 925 647 958 602 807 598 830 792 600 778 799 852 948 882 540 815 575 762 567 836 897
918 897 828 851 816 730 949 925 658 729 520 940 560 647 662 655 675 792 861 754 898 646 714 946 688 569 638 663 575 515 521 975 615 528 734 570 905 964 557 962 661 524 549 969 830 923 850 833 925 910 737 836 837 778 893 636 714 664 591 949 635 505 837 504 837 623 664 970 608 568 781 585 652 873 652 694 876 826 896 572 749 640 674 819 943 611 941 789 919 565 805 585 716 950 615 609 564 666 893 574
509 800 695 573 589 661 672 968 858 531 768 926 510 922 774 779 910 552 682 891 995 764 874 864 902 755 960 974 972 821 622 547 577 789 605 695 594 950 843 754 981 512 672 939 928 912 762 967 908 915 908 723 759 934 704 986 819 958 945 806 666 700 867 692 787 532 556 974 947 521 783 722 831 876 583 948 723 982 518 776 720 611 682 856 990 925 824 986 677 969 643 534 677 668 568 991 696 783 828 727
926 871 697 612 703 527 908 545 508 685 738 737 943 813 501 850 628 611 650 649 692 954 869 681 965 767 713 793 634 972 972 830 901 942 677 877 770 702 864 881 590 823 737 523 679 595 669 827 542 810 682 558 926 987 670 528 651 758 713 860 783 786 742 610 972 628 934 841 718 503 867 865 938 881 757 750 614 598 958 661 563 756 807 778 989 935 865 575 586 886 833 860 830 548 928 992 933 840 766 735
810 599 837 892 982 828 852 869 744 794 608 752 647 932 535 708 764 997 743 649 515 841 689 600 812 648 523 851 974 633 891 700 854 990 697 919 780 578 931 544 840 987 899 525 983 538 992 693 752 511 560 834 840 997 785 529 540 805 791 892 710 549 578 979 971 777 573 693 620 997 826 776 790 582 578 659 918 989 659 949 924 572 880 508 967 708 977 503 870 607 696 574 722 611 519 761 556 890 663 683
716 932 952 741 954 813 862 896 960 615 904 599 636 680 698 532 887 584 740 517 506 670 741 882 749 523 758 605 621 595 796 916 678 678 579 558 577 750 507 729 581 995 678 676 753 899 784 565 593 608 672 743 929 514 668 555 691 973 922 748 651 986 644 946 577 517 629 916 874 791 969 912 646 693 591 815 949 857 640 552 736 551 987 726 662 955 683 894 680 597 565 565 513 761 578 578 878 640 611 947
945 670 975 989 750 649 833 865 714 782 507 932 896 867 522 882 810 641 731 687 705 979 821 538 851 947 708 646 776 759 689 922 666 986 955 528 614 860 753 777 848 503 861 931 582 955 697 606 752 821 796 781 521 955 947 624 818 635 876 774 859 998 574 753 922 635 643 888 653 732 747 680 926 678 950 801 961 699 855 863 716 573 561 745 973 774 550 853 681 787 699 610 643 965 672 529 981 612 976 881
747 890 671 805 872 532 989 820 665 931 658 793 706 578 948 706 671 666 896 697 520 694 529 788 609 984 969 978 617 515 626 684 668 906 928 597 618 890 699 785 986 699 920 710 771 813 915 585 818 580 831 767 887 944 686 507 860 827 574 931 652 771 768 693 885 837 811 604 677 906 768 522 913 500 542 537 538 888 855 789 647 681 593 584 987 761 993 717 501 982 947 665 753 604 584 595 525 721 964 781
872 606 656 843 593 580 580 868 911 713 968 751 716 579 768 540 531 933 779 663 759 653 936 595 865 874 720 835 680 976 955 725 571 808 559 656 602 832 905 940 875 562 885 962 580 836 797 702 508 580 840 576 558 993 740 546 974 773 597 880 835 572 900 707 955 666 641 588 981 668 815 896 725 509 512 636 955 762 543 742 521 922 512 748 518 868 717 714 650 790 835 759 669 895 803 640 979 699 605 791
661 681 652 753 533 529 987 542 753 583 920 814 718 744 563 729 652 864 769 970 505 547 594 987 826 776 823 540 679 990 588 710 771 945 721 970 683 589 955 978 779 506 762 635 987 696 533 588 935 779 993 790 962 965 501 605 807 567 669 634 671 957 998 545 597 718 838 844 872 563 528 764 801 723 990 604 601 727 697 692 771 863 801 863 721 565 921 945 610 995 741 522 812 651 515 555 893 738 779 882
608 654 822 707 745 838 644 790 839 654 604 623 725 578 724 981 830 733 723 594 630 846 987 945 805 616 750 989 838 963 635 697 709 630 724 908 737 974 920 872 793 855 734 561 556 606 684 575 882 619 741 932 684 779 779 783 667 836 625 618 737 528 619 577 737 591 556 795 560 901 793 932 636 580 875 907 684 574 719 790 976 541 851 829 790 974 572 591 689 787 990 739 893 553 563 681 903 505 676 979
695 639 968 998 583 639 515 621 993 826 722 838 828 581 899 978 891 523 943 834 743 849 702 707 502 641 687 846 891 637 913 900 816 690 662 935 626 910 877 882 760 689 705 874 663 722 695 566 860 538 588 811 745 967 925 867 689 542 563 547 502 617 599 523 726 703 548 551 570 636 958 967 956 905 531 962 819 975 556 531 995 544 591 803 888 915 950 819 772 791 883 633 775 642 569 800 954 578 585 757
833 893 990 603 750 733 722 771 611 990 838 641 758 547 852 658 979 802 683 990 502 568 922 895 635 508 861 742 694 699 688 678 542 857 941 847 969 845 880 913 964 710 561 885 573 504 962 703 602 569 654 529 552 574 649 730 744 844 549 618 565 863 552 773 970 731 747 511 869 898 998 603 852 679 553 543 522 588 563 834 850 522 740 911 992 651 580 977 616 876 678 720 615 848 798 679 635 857 883 662
902 762 920 770 522 773 841 686 888 917 717 892 698 767 749 565 889 932 619 581 503 630 528 631 589 652 630 672 864 907 795 928 681 990 610 677 571 736 959 643 840 633 537 893 630 774 993 782 703 961 790 662 807 997 651 923 890 717 640 703 566 883 661 659 745 886 651 765 601 840 709 997 783 750 558 921 675 581 787 771 787 999 504 979 638 700 530 961 618 705 540 828 959 622 898 760 598 935 981 614
567 993 596 661 746 538 670 538 976 555 917 871 760 752 758 933 755 565 726 901 534 759 893 548 773 792 693 933 637 603 690 711 694 668 627 998 989 748 879 647 649 931 669 875 598 949 936 599 623 943 731 654 861 934 885 967 816 893 704 866 953 808 723 684 792 667 548 969 930 811 814 590 927 743 604 599 974 695 506 658 589 858 809 889 947 540 818 864 975 526 589 503 566 912 840 570 676 895 641 986
651 609 687 583 585 890 750 686 755 881 628 502 777 862 924 565 872 832 885 928 646 889 978 883 925 765 760 545 778 821 855 520 927 773 634 751 675 836 834 501 737 810 974 590 856 571 580 935 645 782 825 718 573 712 537 998 905 662 717 692 539 547 946 603 731 615 839 858 829 645 894 699 645 772 675 862 572 773 980 738 897 542 608 703 777 625 634 901 578 882 669 736 978 939 638 721 926 663 677 575
724 981 700 961 862 502 948 595 684 516 637 507 993 784 944 759 821 558 643 668 677 619 857 541 891 764 623 915 572 929 841 715 615 536 957 759 700 952 593 741 829 948 727 798 724 824 774 633 885 538 670 862 629 584 909 878 923 585 900 524 693 605 912 765 767 907 677 784 704 790 834 891 621 585 734 690 542 998 586 518 621 924 597 876 754 669 608 927 993 568 866 602 938 600 819 818 790 984 839 556
808 632 978 814 787 739 574 520 827 554 988 941 798 642 502 821 604 946 556 509 833 708 761 533 686 804 885 642 842 760 661 620 843 578 687 613 563 591 934 915 656 761 512 911 959 751 738 870 624 507 507 584 951 601 989 958 941 790 513 912 855 560 593 972 902 676 543 873 766 651 775 528 532 761 969 503 729 607 892 951 953 892 570 519 972 907 994 505 940 883 762 909 607 538 860 971 671 654 947 514
523 729 989 766 887 756 632 970 739 666 522 783 660 553 705 591 759 886 687 629 542 817 545 856 888 952 654 966 833 760 919 631 738 767 776 598 814 820 553 507 969 716 722 842 507 963 760 947 793 630 717 543 876 814 626 617 834 620 671 792 964 654 866 693 664 775 500 712 600 551 976 879 943 877 789 861 885 772 934 644 561 563 504 946 888 808 657 930 623 964 574 846 837 981 818 611 792 591 832 623
961 991 961 830 998 869 791 900 679 617 817 914 595 941 936 867 528 953 909 973 981 503 569 816 883 867 885 902 730 657 681 567 810 866 687 671 977 745 764 738 671 547 615 592 811 657 905 553 671 580 740 530 675 820 790 877 998 586 604 989 631 744 888 610 718 919 759 927 609 619 979 716 800 896 853 958 830 593 806 849 854 772 660 794 554 833 646 729 971 928 559 741 921 688 866 533 685 770 829 761
860 708 982 662 506 878 979 897 887 538 969 783 540 795 766 633 509 557 817 634 553 635 758 593 843 693 966 951 640 594 937 674 512 597 551 695 817 992 792 737 530 613 796 710 889 628 809 786 744 840 682 569 620 893 792 962 714 527 807 694 705 713 511 913 693 664 703 995 762 881 946 909 548 768 624 511 954 735 627 633 740 862 627 577 817 840 642 600 900 558 976 654 935 930 831 795 537 623 922 927
529 711 711 754 880 753 793 821 785 528 943 500 555 671 770 952 875 631 640 934 540 986 834 748 539 765 796 812 762 552 731 987 964 557 748 556 670 950 682 801 793 599 832 544 831 575 504 550 526 566 738 801 623 843 941 880 695 918 659 863 628 829 588 854 613 979 569 666 679 577 837 902 615 792 723 872 948 823 653 948 895 697 508 908 911 993 665 781 702 610 828 756 705 965 523 769 715 753 805 684
978 645 840 833 785 900 968 994 633 885 848 781 532 756 910 872 982 901 806 635 860 971 527 637 843 768 733 995 671 603 942 511 879 534 512 593 530 661 734 758 926 906 691 943 688 727 719 984 724 593 935 724 594 582 867 627 505 646 686 589 540 737 850 759 578 956 677 903 542 800 811 725 643 595 516 615 804 506 868 641 835 698 825 813 523 812 618 957 896 839 586 594 846 543 522 911 780 955 858 847
870 990 873 827 913 954 896 972 950 741 641 646 525 713 824 929 695 903 594 993 567 687 640 579 541 625 534 860 500 907 621 692 793 617 717 903 943 893 639 511 925 528 978 748 850 892 944 654 623 853 536 547 846 826 561 904 738 571 886 905 799 556 728 767 751 519 991 666 717 846 593 687 921 912 867 799 944 897 701 828 942 604 768 768 641 796 762 720 744 918 625 719 584 674 984 959 649 514 695 503
532 851 537 814 863 651 719 790 917 683 918 584 752 586 769 748 637 897 924 668 527 648 993 882 771 669 893 877 514 604 984 943 995 811 793 892 798 990 799 890 993 574 549 774 814 673 569 718 865 833 738 911 752 963 508 649 588 745 731 920 606 771 868 921 758 657 647 982 738 622 723 906 706 689 656 845 851 923 618 550 597 836 591 906 510 813 651 880 844 743 741 745 578 949 705 514 785 727 624 704
856 917 727 555 602 786 968 698 979 911 989 758 990 775 910 632 589 796 950 612 622 529 672 836 777 553 976 670 585 652 751 897 751 501 935 693 572 916 716 828 511 625 838 796 939 544 556 826 902 758 588 521 586 608 777 628 979 947 549 780 745 628 562 926 719 677 591 547 785 731 906 684 954 769 709 956 921 945 965 516 860 997 835 690 677 549 505 886 888 675 643 877 630 987 555 982 753 500 754 789
988 715 508 810 940 799 997 707 954 804 737 985 999 792 613 612 682 983 851 629 637 533 600 864 683 857 968 710 968 708 641 732 937 684 999 701 869 583 756 692 640 587 512 810 820 835 663 615 897 677 774 634 553 533 878 786 624 734 575 849 712 984 624 792 504 822 555 913 962 973 584 660 622 553 897 822 750 837 917 506 931 697 505 736 857 599 790 898 985 947 584 592 725 996 855 828 838 842 928 795
742 537 506 767 553 793 505 646 609 924 854 965 739 706 709 992 999 675 536 561 647 618 513 727 712 896 909 841 630 590 534 915 786 523 666 844 736 537 916 893 949 971 844 777 785 700 590 785 825 618 668 506 729 508 541 725 536 980 716 970 884 747 828 936 704 700 523 864 911 540 750 504 983 766 641 670 845 506 588 756 607 766 857 678 699 674 655 691 990 832 858 996 917 790 967 707 734 746 962 902
739 926 595 906 814 850 586 779 776 822 879 801 812 676 664 857 570 538 812 644 561 680 700 643 856 561 647 939 808 790 952 979 618 919 507 784 547 977 675 613 709 871 642 839 836 621 501 534 629 858 936 969 897 504 798 702 605 738 532 565 516 981 579 523 727 771 813 882 640 816 988 819 589 513 759 851 771 783 864 538 512 684 759 501 574 733 559 714 649 595 522 541 916 877 552 565 891 638 810 967
555 787 724 722 939 941 648 804 834 868 941 872 668 974 676 637 633 741 745 518 515 974 752 846 956 524 966 581 644 740 834 796 876 527 705 518 791 641 965 691 971 759 700 717 516 943 624 564 505 657 502 666 775 546 632 789 546 645 503 652 901 826 653 684 649 850 905 846 525 970 836 795 793 823 532 856 896 710 776 692 550 790 795 852 850 815 536 861 760 984 729 534 550 582 806 936 584 790 617 682
566 616 888 925 601 610 950 982 621 693 538 754 593 895 780 638 667 920 845 883 865 696 833 890 632 689 839 683 817 629 753 679 613 600 752 645 861 651 818 963 813 907 554 976 617 711 929 764 966 531 942 698 522 655 587 757 658 964 762 510 946 565 880 665 946 540 797 542 964 694 584 770 715 700 706 606 802 696 833 611 567 915 645 675 854 948 919 579 988 821 592 597 697 509 652 571 658 622 859 997
999 899 620 820 536 984 912 915 953 985 741 699 567 708 844 669 681 879 608 707 759 706 849 575 526 624 607 774 884 628 546 645 981 714 649 668 838 807 793 504 605 697 717 955 641 843 633 597 679 736 555 633 954 930 752 904 779 988 870 754 572 676 701 915 586 731 980 975 760 514 938 657 990 938 981 947 742 618 570 631 561 719 781 990 833 672 563 802 502 928 721 898 947 945 906 722 686 794 577 844
683 547 740 985 964 723 837 653 668 630 755 966 858 512 656 818 701 642 776 506 702 684 523 770 812 750 975 811 850 695 988 520 601 683 798 892 848 784 745 687 962 843 758 859 871 516 672 832 941 683 588 515 976 516 798 539 783 705 997 646 769 675 917 887 520 530 942 735 889 873 980 573 777 786 881 785 522 845 979 585 713 935 735 883 686 596 648 585 752 521 760 982 636 688 919 736 792 565 778 698
996 886 511 976 547 621 702 745 702 564 539 572 757 870 920 654 859 580 798 891 960 510 591 867 533 675 636 999 775 790 876 756 772 703 586 967 515 542 995 566 956 686 937 698 626 864 585 665 908 840 860 814 654 512 752 838 706 525 630 749 679 579 813 838 517 921 645 991 969 839 808 565 762 973 681 970 647 553 708 508 715 929 566 689 663 771 541 759 631 572 514 966 988 670 668 699 655 850 944 936
778 906 927 813 523 871 827 573 961 673 934 602 587 917 963 653 626 595 995 713 906 870 859 805 996 833 723 852 879 519 626 793 585 965 871 944 607 771 587 599 519 596 715 552 992 753 757 590 959 857 886 809 865 686 519 759 813 935 528 601 968 869 956 731 578 574 895 843 774 816 524 511 585 722 971 557 595 674 538 683 658 795 722 983 731 503 732 800 590 980 908 505 702 858 818 557 561 620 528 656
713 832 592 682 967 820 858 574 987 594 983 864 764 714 746 890 925 755 663 967 792 731 619 880 718 628 948 720 579 591 766 587 808 626 825 659 518 720 535 814 956 647 656 634 860 751 708 978 794 589 524 976 694 590 689 872 919 801 702 844 523 539 609 827 637 686 916 827 669 623 899 514 915 644 936 669 878 676 858 952 846 637 915 988 616 788 882 574 833 915 556 656 562 616 524 629 942 984 872 549
896 526 582 702 775 916 665 552 759 755 917 844 554 943 824 999 922 621 733 913 917 793 873 560 675 574 985 501 622 708 895 526 720 791 988 929 572 977 693 508 754 922 876 637 816 803 590 912 789 753 979 799 822 902 602 869 654 729 734 938 774 726 963 634 972 848 953 503 807 518 833 937 695 679 661 644 659 961 907 576 972 645 592 972 628 696 811 535 835 729 716 532 956 658 749 620 796 724 620 526
906 983 945 574 691 588 538 664 604 877 853 942 504 623 852 625 611 842 724 649 635 590 646 828 855 804 741 909 881 779 602 583 692 532 812 599 661 547 905 790 569 959 628 639 728 580 971 778 940 956 648 944 745 625 710 698 616 680 815 564 726 972 979 593 982 505 536 833 605 587 732 638 665 564 518 899 532 508 896 938 978 638 745 559 669 744 862 769 549 518 967 558 643 561 603 690 686 726 603 504
800 768 923 847 896 566 730 665 652 500 617 673 786 668 597 579 724 728 760 658 925 767 812 734 952 669 562 570 711 735 890 711 564 750 960 545 767 754 787 717 565 942 588 773 815 579 837 888 769 886 830 809 640 821 819 881 626 520 911 954 893 984 857 999 836 829 950 957 905 865 834 549 594 592 770 619 517 813 753 617 977 660 505 653 591 562 576 854 572 634 516 550 693 945 852 747 521 561 844 759
866 885 939 718 607 768 554 550 932 799 520 735 598 792 916 682 529 816 559 758 583 899 635 857 570 771 842 780 877 906 795 686 903 752 718 535 785 928 678 960 601 949 864 885 626 657 737 841 938 593 596 533 993 768 873 935 609 596 881 561 739 584 923 999 731 849 942 606 850 787 540 769 723 588 967 583 900 658 606 938 963 920 866 758 685 523 729 798 856 970 675 696 683 988 619 946 690 775 969 519
841 697 545 654 658 558 794 791 841 837 900 732 675 736 938 958 580 585 513 784 753 727 785 926 670 536 781 870 549 848 577 699 835 573 637 851 731 617 733 571 876 529 731 544 842 967 500 528 916 634 999 757 740 581 623 941 631 749 539 799 575 599 863 745 726 701 924 583 889 735 524 895 745 670 983 717 892 752 824 773 740 755 968 570 843 530 756 765 614 980 958 858 624 508 811 667 717 928 590 599
580 870 990 912 500 564 775 584 682 911 606 868 644 826 936 866 592 988 838 865 712 947 946 659 552 771 756 610 557 666 750 670 645 925 648 874 774 543 929 536 763 516 858 934 801 561 655 815 674 582 639 582 524 900 575 837 876 800 924 864 537 695 525 629 851 788 794 744 706 575 571 990 884 819 979 695 658 807 845 874 938 656 820 932 766 722 957 553 771 955 889 625 529 628 539 527 894 990 648 554
517 692 530 618 648 556 990 782 743 939 801 993 927 769 893 533 931 592 635 526 842 580 616 961 717 907 920 745 666 621 782 782 506 991 870 615 695 643 763 771 592 935 717 912 881 967 721 952 822 828 730 929 924 699 653 651 794 541 764 883 720 644 888 577 713 702 658 702 753 749 558 575 590 638 823 895 701 705 558 623 787 541 526 530 709 820 935 543 531 674 902 600 571 775 509 930 794 622 736 890
515 952 754 782 933 688 855 960 945 923 542 659 987 943 847 584 889 668 788 698 780 979 707 813 860 947 846 771 682 844 642 948 636 853 549 888 823 825 751 690 639 546 862 775 624 578 985 603 781 877 850 548 670 994 716 729 726 538 915 672 852 862 921 667 628 965 829 759 582 889 986 919 735 640 666 632 985 822 503 661 896 641 650 932 872 861 770 813 665 645 620 810 628 970 621 596 504 514 799 710
769 552 735 971 844 830 882 761 895 651 666 583 710 758 872 795 906 514 952 784 905 812 521 841 575 790 525 611 667 982 783 887 793 550 679 768 774 884 629 835 960 605 511 992 824 550 516 560 801 759 809 923 567 800 725 756 640 548 655 807 949 991 760 882 836 719 770 679 725 519 809 701 631 824 807 725 801 783 969 988 664 963 624 534 770 851 997 724 511 567 765 840 879 955 528 661 932 727 660 639
666 737 548 848 904 548 565 721 633 675 741 514 647 862 954 676 954 658 721 784 688 966 616 856 680 929 537 629 889 843 504 601 884 920 987 636 552 582 528 866 972 693 958 679 983 987 823 897 596 594 901 653 520 503 972 520 932 953 824 533 557 665 732 780 667 966 690 868 926 828 979 644 703 949 833 503 910 740 527 610 527 782 893 687 863 961 565 599 751 818 581 558 603 858 738 678 964 957 572 721
922 756 867 760 798 843 734 841 519 852 562 911 811 793 905 881 651 760 898 771 842 694 584 535 500 955 655 823 650 688 939 510 517 932 948 710 995 919 648 689 671 851 695 723 637 649 800 907 634 884 677 812 641 804 996 662 537 551 851 732 565 938 945 728 694 526 678 745 928 705 649 757 812 901 699 727 692 853 795 542 567 649 876 755 742 748 603 815 547 573 965 749 637 669 831 970 553 768 552 678
656 981 695 586 929 731 778 859 752 589 958 738 554 972 708 656 671 647 503 511 674 819 607 705 599 788 761 545 935 992 732 576 667 903 867 899 554 667 712 614 629 793 977 854 512 831 889 826 647 799 989 674 836 612 887 957 503 991 982 829 527 861 952 996 646 683 597 554 532 602 945 976 724 581 695 623 632 843 602 869 782 989 937 599 535 679 654 652 899 850 632 945 793 871 649 590 704 677 705 819
750 528 728 722 668 785 774 684 651 884 537 915 689 681 574 759 850 546 760 927 733 921 661 818 546 850 763 961 846 958 594 871 945 502 746 920 754 953 760 586 919 735 616 613 835 592 518 765 870 836 525 746 644 512 982 815 605 726 701 773 806 580 593 990 591 714 723 857 700 849 822 785 762 702 768 874 652 848 735 638 762 737 772 792 700 843 519 981 870 991 645 984 714 585 579 899 782 886 619 650
693 685 516 608 888 999 925 896 769 831 814 502 970 537 598 577 898 851 888 963 553 505 741 767 662 655 581 695 618 872 594 670 538 621 945 523 743 865 718 635 937 599 999 692 554 624 531 566 929 722 556 818 875 692 910 861 632 728 522 649 777 826 848 778 777 838 675 944 625 639 821 840 640 966 581 648 547 951 907 551 610 557 577 509 903 576 540 523 574 954 869 906 985 999 548 930 573 658 816 884
873 531 604 783 791 922 510 987 864 568 994 579 523 709 657 641 785 977 523 772 828 935 549 517 509 743 867 765 590 891 869 538 604 776 712 991 693 909 620 697 662 628 600 759 842 940 589 994 642 620 986 646 964 986 771 943 966 974 945 788 849 827 954 504 781 746 757 785 614 850 832 673 943 812 732 883 739 768 589 683 709 987 795 745 912 639 935 748 979 707 730 954 601 940 543 718 912 877 623 972
983 885 686 720 757 702 939 606 776 924 652 537 535 699 816 890 867 606 721 975 520 792 565 547 758 684 531 829 782 705 662 689 923 870 842 782 696 680 969 572 715 551 736 755 674 977 654 729 882 851 769 737 801 676 604 573 661 697 595 625 985 562 729 560 718 573 579 709 662 724 574 682 975 815 843 946 532 568 684 861 972 786 766 589 651 604 733 594 576 598 604 533 968 684 917 964 616 514 566 996
873 648 510 896 941 791 866 589 520 855 948 751 581 771 825 728 673 954 809 930 738 991 739 853 948 567 554 877 990 697 556 773 589 862 536 929 888 539 585 841 667 520 560 547 581 882 606 989 784 903 960 962 732 892 843 563 923 611 740 692 943 770 919 849 612 576 845 986 556 603 864 998 508 878 838 723 505 911 693 617 943 727 514 790 916 801 839 544 736 512 774 933 740 901 683 635 828 633 937 634
577 671 722 763 659 540 868 782 848 866 790 727 958 571 606 805 501 934 770 555 507 799 730 575 803 939 694 988 664 673 548 858 780 987 764 713 513 952 670 978 766 704 916 649 877 837 537 959 932 955 605 526 937 866 914 655 790 946 682 635 593 936 846 738 956 903 714 599 541 925 574 824 844 863 749 776 597 834 647 926 543 744 592 761 769 675 639 696 981 971 768 713 666 530 806 609 790 559 684 546
759 603 606 891 593 696 583 950 557 935 512 667 869 665 903 973 791 516 649 515 618 743 888 997 711 591 874 563 625 507 870 621 727 658 836 775 721 576 799 919 741 611 712 709 635 763 830 514 836 783 532 988 839 705 670 940 868 891 728 985 537 820 624 997 854 703 994 562 865 554 700 802 714 629 794 526 963 528 748 679 851 699 503 942 780 516 790 598 858 730 553 551 762 944 649 985 555 572 889 858
552 629 640 860 546 627 544 922 936 973 654 833 756 551 891 534 931 822 579 702 676 580 769 888 929 885 502 610 827 774 760 599 542 555 893 565 928 572 784 726 798 523 701 587 588 997 652 675 750 678 955 893 630 906 531 989 665 521 627 964 940 613 889 710 988 763 820 688 821 764 503 754 722 816 854 586 925 524 818 802 620 659 988 682 841 574 500 566 722 754 552 850 516 726 986 602 737 901 901 749
967 602 765 881 843 710 508 989 858 684 621 606 586 987 871 990 972 518 573 853 781 662 996 713 951 615 804 785 833 564 504 837 953 784 833 972 921 544 870 757 588 629 797 840 923 901 843 876 731 500 648 613 753 811 693 832 951 814 599 716 712 834 849 752 912 641 709 950 680 569 535 562 865 611 817 511 763 821 606 845 943 850 593 664 942 944 833 736 502 525 559 953 507 506 543 629 751 570 895 728
541 559 720 715 944 678 658 884 738 883 638 737 635 530 782 815 580 521 925 752 704 946 912 504 545 825 744 549 994 529 632 509 816 929 761 633 930 746 532 783 873 939 880 835 987 570 589 629 560 521 597 689 663 944 621 705 815 713 834 999 637 615 664 558 511 883 846 943 737 831 655 751 851 790 552 795 920 561 860 767 773 534 633 691 801 878 887 879 500 615 709 572 561 952 970 823 564 537 550 610
791 978 943 661 821 718 798 683 933 695 709 572 968 703 864 845 849 550 646 642 944 655 959 768 885 801 768 847 606 687 535 809 864 633 851 640 625 724 846 700 838 531 721 717 624 584 815 844 852 519 570 867 919 674 987 530 845 716 544 699 662 685 615 821 502 541 804 573 733 952 811 729 724 659 983 665 845 950 826 591 897 713 871 986 662 690 584 906 918 622 719 666 718 991 959 566 603 779 998 867
845 603 930 520 525 534 821 833 735 787 893 827 848 624 692 918 800 744 931 586 695 508 753 597 692 621 819 907 571 522 561 991 552 751 523 965 956 980 561 965 523 800 828 735 953 612 682 876 657 789 792 699 776 961 842 631 660 700 638 580 620 545 929 668 641 762 834 633 770 582 500 560 864 641 599 836 665 833 529 827 754 528 819 984 610 668 917 897 625 906 910 963 548 690 969 844 599 643 655 964
537 558 706 911 914 947 793 629 587 580 585 764 734 576 515 618 884 847 648 547 555 832 781 837 927 896 859 824 799 653 701 841 904 729 715 565 650 532 583 719 796 939 778 738 741 803 506 620 670 849 705 524 578 787 984 629 639 898 973 638 815 502 541 985 563 711 566 827 583 930 565 582 982 831 735 790 812 756 802 948 513 626 997 564 715 793 907 937 918 838 924 570 683 845 828 559 983 721 537 560
849 923 883 905 847 813 786 984 909 734 500 970 839 657 668 856 985 592 522 733 735 883 827 999 561 590 635 600 979 573 906 885 745 709 836 981 939 699 601 907 695 719 584 927 855 560 633 952 800 603 688 898 875 569 804 990 843 557 857 819 875 649 690 946 798 967 846 509 580 979 981 707 719 638 925 699 770 514 510 855 732 765 618 720 737 764 709 703 544 550 541 801 844 927 641 910 696 824 683 598
640 631 570 754 535 903 945 609 914 532 917 630 818 932 913 590 961 632 635 517 645 821 818 805 833 721 746 970 788 894 508 727 835 577 675 705 550 642 754 818 890 724 979 865 754 671 522 844 767 509 910 872 552 874 977 697 870 941 767 841 617 968 565 821 655 727 914 783 637 932 549 662 882 535 592 635 930 534 520 728 688 724 634 733 603 625 622 782 760 565 930 764 923 822 986 908 638 631 565 926
862 563 878 919 851 741 815 576 668 521 598 587 531 739 839 552 830 974 781 742 618 900 700 734 606 680 790 923 899 668 985 634 955 544 944 708 800 719 518 849 947 580 799 948 684 619 632 840 888 770 797 933 640 622 545 540 727 750 582 747 599 550 730 896 804 831 805 551 582 639 767 870 676 643 556 973 616 957 786 866 933 843 672 814 798 971 937 761 809 920 586 827 941 553 823 528 991 597 599 881
823 810 671 578 993 590 653 734 766 747 613 922 745 974 988 522 877 519 583 966 805 794 646 824 941 589 598 797 566 960 891 573 965 605 806 938 896 518 762 944 726 515 893 823 569 624 718 869 972 670 661 515 825 729 994 537 695 830 549 800 701 794 561 803 992 959 948 706 613 969 639 955 561 651 910 677 576 539 722 502 724 696 849 523 912 723 714 871 808 620 981 656 798 649 645 997 966 943 948 892
531 704 695 794 950 649 951 581 598 845 675 745 584 933 600 899 567 797 509 941 731 599 898 974 887 759 762 645 729 659 824 767 966 968 927 594 849 796 542 923 896 917 911 868 548 781 833 574 688 884 668 968 925 704 844 921 960 911 922 951 700 842 630 925 930 951 720 698 527 980 905 882 925 614 612 704 692 509 938 505 866 666 671 580 964 541 526 886 935 733 751 724 576 792 659 951 596 527 807 787
527 920 805 627 837 710 583 803 637 983 841 635 621 777 778 580 934 711 729 853 930 908 730 948 632 641 670 916 563 818 815 984 509 974 741 885 908 960 748 585 778 601 671 505 901 796 672 609 731 987 670 525 684 802 727 746 688 852 697 989 895 898 951 518 873 757 719 873 915 568 883 610 859 625 596 839 583 518 659 518 561 667 603 666 938 726 693 882 876 760 738 557 780 554 578 561 868 521 673 598
757 758 919 845 901 689 716 956 739 725 625 532 678 921 716 762 787 708 738 530 605 990 799 569 907 753 913 656 785 583 848 593 799 862 606 666 735 719 671 664 599 608 847 514 914 712 507 622 827 992 820 999 898 771 886 692 552 717 524 988 693 589 688 914 796 768 846 858 737 745 568 797 825 647 721 737 643 907 670 549 546 539 752 512 520 931 976 691 525 845 599 916 774 556 677 872 736 508 896 809
632 858 788 744 504 930 727 649 519 868 674 901 861 755 966 927 813 862 780 818 728 789 713 941 723 796 731 840 731 635 632 582 882 750 644 852 957 601 768 533 773 894 919 526 883 533 782 512 936 825 552 812 524 845 796 702 773 758 805 677 858 611 781 650 570 980 753 827 859 716 797 618 718 777 881 565 652 713 871 676 586 874 742 741 509 597 662 748 742 648 592 536 620 617 729 624 781 638 706 561
850 547 958 539 905 981 968 914 601 816 794 967 545 667 539 663 600 774 944 999 525 580 717 824 949 586 674 757 685 715 558 775 730 582 711 537 770 962 591 528 661 612 696 876 600 958 671 691 748 622 698 550 758 728 645 742 938 860 973 977 993 695 904 713 532 525 904 795 721 848 668 584 620 591 838 732 619 837 566 932 762 534 831 637 694 602 511 514 642 769 834 547 730 503 541 606 911 797 737 602
515 563 617 817 999 651 643 538 782 954 887 512 912 922 837 674 591 808 718 851 777 623 852 711 730 589 501 515 987 728 529 921 987 863 827 988 977 714 846 975 582 831 839 619 669 647 862 906 560 752 905 561 720 880 941 550 839 738 624 951 505 940 989 625 982 604 653 880 930 611 606 558 787 551 827 930 622 747 907 796 714 705 949 906 810 515 935 588 785 834 913 523 976 963 677 726 922 707 529 766
627 925 900 748 975 530 757 913 596 516 592 905 751 807 730 703 547 952 755 684 535 594 646 790 536 547 505 607 778 958 781 746 799 922 592 913 808 552 541 791 576 924 657 708 946 958 632 763 627 831 941 679 637 600 637 909 750 654 540 597 827 979 546 639 838 581 898 792 721 697 793 813 706 929 693 851 816 694 738 988 675 971 921 980 683 966 599 756 609 966 668 859 895 684 928 594 832 866 958 766
963 913 931 786 860 666 949 622 760 883 673 966 706 946 974 708 846 670 820 766 569 878 927 538 884 859 767 978 530 921 691 890 593 944 809 507 540 523 722 647 650 725 762 882 969 740 501 855 805 526 787 863 979 966 978 845 709 886 906 720 643 606 942 861 983 938 817 795 709 799 997 795 742 752 867 640 603 855 755 552 856 945 762 997 650 789 565 705 627 947 927 503 776 765 675 746 781 803 815 763
760 816 581 777 533 828 784 703 944 976 874 608 535 902 935 941 786 893 820 914 944 857 912 804 996 691 706 826 716 583 633 511 976 805 665 706 598 918 619 791 524 967 850 934 995 975 575 694 787 965 762 639 508 960 682 586 995 622 935 948 559 619 638 966 873 750 560 841 593 548 906 918 768 712 565 619 627 571 614 542 750 749 728 761 977 736 525 606 965 783 953 905 626 653 665 545 627 780 931 880
683 847 723 581 563 544 749 926 940 662 791 529 698 598 978 727 825 960 769 680 723 847 902 665 582 923 555 687 807 809 830 591 611 544 844 575 689 705 756 724 717 856 548 760 780 650 588 966 567 778 673 843 548 932 576 763 598 835 616 857 980 666 661 991 933 929 585 750 891 693 788 788 786 557 559 827 910 726 790 741 764 666 574 692 648 912 892 716 658 827 659 542 839 663 948 896 750 896 696 678
608 986 937 803 823 501 541 845 630 594 900 993 554 894 704 542 624 569 581 643 827 701 502 523 538 561 834 601 705 900 732 956 636 710 917 593 977 792 910 990 908 775 889 569 891 639 835 806 539 673 569 573 944 827 695 836 895 602 816 507 522 764 948 508 772 508 790 657 547 831 586 696 906 967 814 690 967 605 511 883 653 939 826 942 929 940 527 540 886 943 547 653 970 610 605 709 971 971 742 832
842 920 725 881 718 588 851 752 857 865 975 930 851 602 750 788 747 572 790 719 717 993 760 756 592 693 699 532 849 873 843 933 944 856 986 525 864 500 832 522 645 553 709 895 747 508 819 634 636 623 744 982 990 875 546 939 548 565 962 668 719 969 982 613 787 840 766 633 790 821 636 677 995 906 963 749 620 556 633 566 955 557 921 961 501 660 916 663 738 878 897 834 588 999 970 699 615 866 965 732
874 578 837 800 848 993 958 757 671 558 682 617 565 706 820 812 704 602 697 636 643 616 978 806 624 615 973 660 678 836 719 608 688 782 821 616 723 712 686 670 766 542 768 958 876 662 946 981 753 704 838 597 822 595 911 615 887 721 737 604 578 640 864 566 694 931 865 756 684 565 606 765 500 984 889 902 911 957 807 907 727 686 943 535 612 731 677 549 706 901 935 546 959 576 811 708 590 664 597 725
607 883 915 877 594 880 855 668 934 883 611 816 903 948 700 541 660 773 723 689 532 723 787 678 739 503 637 890 963 677 801 703 913 830 814 599 998 603 598 617 790 868 874 692 948 606 684 848 926 567 735 907 977 971 705 530 920 845 958 759 598 542 808 777 566 633 505 778 790 811 940 517 902 869 543 848 726 760 557 863 646 990 668 526 886 610 649 839 813 662 858 720 937 815 875 872 876 890 929 555
510 577 784 775 935 976 840 548 529 690 633 867 637 823 945 503 994 586 734 952 775 541 925 701 855 804 878 891 933 760 725 826 625 690 689 707 935 847 719 883 614 928 813 548 526 640 727 709 966 565 965 887 973 976 750 653 953 729 509 843 600 771 611 778 763 688 568 502 960 968 873 666 860 918 885 501 985 619 946 613 696 889 894 804 619 719 627 588 961 795 652 643 590 747 965 624 784 525 953 792
610 697 997 805 612 856 756 730 731 534 501 671 938 656 765 736 969 924 886 972 802 652 971 580 925 880 708 599 637 867 728 812 831 684 793 658 640 887 688 577 559 959 530 630 676 640 638 891 860 776 560 594 828 937 553 885 639 927 728 696 804 868 896 975 813 683 891 648 646 833 559 627 773 601 707 995 552 835 960 652 671 595 720 773 588 967 875 663 612 974 649 930 628 895 583 833 627 545 500 985
990 772 638 771 793 696 873 561 908 716 800 739 827 997 872 578 789 772 693 658 999 978 866 610 642 995 567 577 854 954 992 602 726 994 545 874 548 883 944 881 975 670 847 818 598 967 594 572 567 638 991 789 768 960 512 800 812 934 677 575 617 890 547 990 840 705 984 643 814 564 500 798 682 875 870 923 998 551 864 677 523 760 764 617 967 770 919 855 797 727 665 800 888 969 813 898 744 859 850 956
605 810 928 913 920 882 532 766 887 631 964 501 880 585 702 573 653 594 727 888 954 802 866 668 647 871 637 633 812 862 820 601 555 685 586 617 741 763 648 932 667 953 646 713 594 707 575 766 729 982 508 802 994 571 506 698 955 644 944 724 778 601 531 740 803 925 528 559 589 770 849 912 788 563 900 541 514 505 544 711 875 784 606 758 897 894 659 623 915 596 822 758 873 876 896 706 605 795 887 643
641 639 888 839 777 872 752 896 682 771 585 529 584 947 868 939 999 615 522 742 712 707 631 848 954 971 990 709 958 925 727 868 964 555 905 789 707 855 896 823 841 549 634 784 926 786 611 822 869 758 911 800 804 985 503 862 608 922 540 901 937 512 847 919 591 648 660 905 925 590 830 781 888 795 638 911 984 647 655 871 502 600 761 717 965 539 501 923 815 909 553 502 931 585 589 807 944 535 764 812
627 984 755 595 885 949 738 755 915 741 556 609 519 827 862 748 779 843 731 751 751 596 998 979 638 806 991 801 913 781 951 969 786 777 642 541 855 935 658 799 961 880 874 584 538 613 656 593 873 671 531 752 753 899 623 600 536 600 866 692 546 664 803 781 952 809 933 722 982 589 742 704 869 940 636 565 805 612 672 826 955 625 710 656 888 646 868 614 913 796 726 565 585 681 829 756 688 716 838 998
915 999 722 733 968 629 643 916 528 661 790 924 741 947 847 719 581 882 989 605 903 749 890 991 668 545 817 845 667 770 538 986 925 702 682 595 628 755 896 720 841 813 546 778 527 903 724 686 986 865 897 868 616 718 844 604 663 879 515 872 843 807 717 826 517 680 557 869 536 958 700 622 774 835 828 914 958 899 927 592 921 840 589 536 543 993 646 521 828 594 718 802 943 996 527 717 585 903 672 776
685 711 566 754 854 942 643 500 650 866 709 534 898 500 682 916 685 693 753 924 621 748 611 775 543 603 623 616 723 785 703 712 617 584 969 807 966 604 584 881 565 872 630 560 587 715 945 993 621 842 965 749 658 648 766 570 996 693 703 967 683 960 714 944 915 714 924 961 725 700 667 772 749 817 718 813 858 879 969 586 975 724 746 687 517 782 571 840 501 735 625 773 947 506 888 917 743 838 684 957
639 594 760 531 753 665 737 890 971 527 997 960 684 991 599 991 940 890 606 913 998 723 790 562 625 721 995 946 578 754 701 523 913 598 546 687 978 712 918 982 684 714 856 519 958 627 730 901 826 892 766 524 544 755 602 619 788 884 921 756 635 668 699 910 713 508 635 915 562 854 802 734 615 910 763 574 592 984 881 948 540 924 801 781 702 793 896 520 901 955 979 978 514 507 673 699 566 568 985 524
764 587 629 618 611 602 822 542 687 942 997 688 872 838 613 933 848 831 550 596 659 609 529 617 824 906 821 689 725 738 909 969 881 739 607 629 913 654 685 550 893 749 794 702 508 934 727 672 707 996 942 972 650 508 819 621 983 727 573 705 644 658 875 644 991 934 752 983 724 986 963 831 901 753 955 826 596 728 751 561 510 980 653 527 891 991 752 809 726 769 634 863 630 721 667 549 517 665 511 725
0 9 3 11 5 16 20 11 16 12 2 1 18 10 8 16 7 13 3 10 7 15 5 5 11 20 14 17 14 12 3 6 8 18 19 9 7 1 18 10 15 10 20 5 20 13 10 9 18 4 3 19 4 18 1 19 15 5 8 4 5 7 4 12 13 13 15 11 10 16 6 14 12 3 12 18 1 9 15 4 8 17 2 20 14 7 6 11 5 1 13 14 6 6 7 7 18 17 7 1
17 0 5 14 15 6 20 19 17 20 17 3 10 17 3 1 17 20 15 4 7 13 20 11 16 2 17 18 14 18 19 4 2 4 13 16 13 1 12 7 2 18 14 10 16 2 18 4 14 7 17 7 16 14 15 8 5 8 13 7 12 10 9 12 12 8 7 19 3 6 11 2 8 11 7 8 15 7 6 20 6 2 5 3 18 1 17 19 12 9 5 20 16 2 9 12 1 13 15 2
6 17 0 14 7 9 10 4 1 6 11 12 11 6 18 19 17 17 10 14 19 4 12 1 16 11 1 7 1 6 11 6 11 14 17 11 9 7 8 17 2 20 15 15 7 14 7 4 15 16 8 11 18 10 14 9 11 5 3 17 1 11 12 10 9 11 19 13 2 3 12 7 5 20 14 11 6 18 20 19 10 13 7 19 19 10 11 14 13 10 14 5 6 4 11 10 20 9 18 5
17 9 7 0 17 19 7 1 13 6 17 10 12 3 2 8 10 10 4 2 8 18 5 19 15 3 16 18 7 20 4 3 13 2 13 8 19 5 9 16 20 2 9 12 8 16 20 19 4 7 8 8 9 6 16 1 1 11 8 17 15 13 7 17 20 1 14 4 10 9 6 10 12 1 8 11 2 3 14 15 18 2 17 4 7 9 9 13 5 16 13 14 1 3 3 9 7 14 2 11
5 5 6 12 0 13 13 19 10 2 10 10 9 15 15 8 19 17 19 9 14 10 5 1 10 6 6 8 19 1 9 19 8 4 16 20 1 20 1 14 18 13 7 18 20 20 2 13 4 3 20 8 10 1 6 4 15 4 14 6 2 18 2 6 16 8 17 5 6 5 17 13 11 6 1 12 17 7 15 12 8 18 8 10 13 17 15 4 13 9 4 12 7 2 2 2 2 4 6 17
10 14 1 11 4 0 9 12 2 4 3 11 9 14 9 20 14 1 18 16 15 12 1 18 12 9 18 3 9 6 20 10 20 14 17 5 17 10 14 4 12 4 5 16 19 3 1 6 5 3 16 1 10 11 10 18 12 5 13 2 1 14 16 17 10 17 9 5 19 4 2 1 8 17 11 3 4 7 4 16 19 13 12 2 1 14 2 10 5 18 3 20 8 4 17 11 3 20 14 1
9 7 8 7 13 17 0 12 1 18 17 16 12 8 3 5 4 4 14 13 20 3 1 17 19 4 8 10 16 6 11 13 18 19 2 13 18 18 1 8 12 18 14 12 8 4 9 3 9 19 3 13 18 18 6 14 17 9 15 12 12 8 13 13 10 13 18 8 6 12 12 4 2 11 13 5 19 15 14 15 10 13 8 16 18 9 16 18 12 9 5 18 7 1 7 3 6 6 2 13
19 15 15 15 14 19 19 0 6 20 12 14 8 20 20 18 6 7 1 19 18 2 6 1 20 10 17 4 13 11 15 19 20 9 14 1 5 15 8 11 7 13 16 18 15 1 14 4 1 20 19 9 17 6 14 16 6 7 11 13 1 7 20 1 18 1 15 4 2 7 8 2 9 13 15 2 6 15 11 11 15 19 20 7 3 8 15 9 9 11 5 13 15 8 1 15 6 5 4 20
7 9 5 4 11 16 1 9 0 19 4 5 6 19 15 11 20 4 20 6 1 12 15 1 9 9 13 1 10 4 3 6 2 15 1 11 20 13 2 5 16 13 14 15 2 10 16 7 6 5 18 10 11 19 1 12 1 5 17 18 9 17 17 9 10 11 7 8 15 15 19 9 14 1 12 4 7 19 10 19 17 1 18 13 4 3 3 17 20 2 2 6 5 16 13 5 19 14 15 10
20 18 19 15 8 6 13 9 12 0 18 1 12 2 9 20 1 20 11 12 14 7 13 7 2 1 17 17 6 6 4 17 3 20 5 10 12 9 8 19 18 2 11 13 10 1 12 12 15 14 11 3 14 9 5 16 14 10 5 3 15 18 1 13 5 10 9 4 4 18 8 1 7 4 19 19 1 13 18 6 7 10 11 18 16 11 18 13 18 4 11 6 13 20 18 15 9 15 4 2
14 15 5 19 11 11 9 17 5 2 0 19 6 9 1 8 16 9 16 16 6 1 10 15 2 16 16 18 12 2 11 8 2 16 15 19 9 12 2 17 16 13 18 12 4 9 15 10 13 17 5 20 7 12 8 13 6 4 17 2 14 10 13 9 13 20 11 18 19 16 18 20 13 6 10 12 9 2 12 7 13 7 5 1 12 19 20 14 20 13 19 8 2 3 1 17 8 3 6 3
1 20 15 5 10 4 9 19 15 17 18 0 1 20 13 9 8 5 10 7 17 11 2 20 14 17 14 12 2 13 17 9 9 20 16 20 16 5 19 5 6 16 10 12 15 6 5 1 16 2 5 12 7 16 20 1 4 17 15 18 20 10 18 3 4 18 19 17 18 12 3 10 8 18 1 8 10 7 4 12 9 16 12 5 19 13 19 13 16 12 10 14 9 6 5 13 17 16 19 3
18 17 19 5 5 19 6 14 16 15 14 15 0 19 1 10 2 13 19 7 1 4 4 18 13 7 12 20 10 11 11 18 2 16 15 17 2 18 6 4 20 11 2 19 17 15 15 8 16 1 2 4 16 15 11 9 7 18 6 13 11 15 13 13 5 17 2 3 20 18 10 13 11 19 5 7 11 4 16 18 3 8 18 10 4 14 12 13 7 12 19 13 4 3 4 16 9 16 18 6
8 5 5 3 14 15 14 5 20 10 14 8 2 0 9 20 16 17 16 7 3 13 19 19 12 20 9 14 7 10 1 2 1 1 8 2 2 2 19 10 14 9 10 11 9 2 8 6 11 5 17 8 15 6 6 2 9 16 16 5 5 11 16 20 2 20 9 17 12 2 19 14 10 18 19 17 15 6 6 10 11 17 10 19 4 10 2 20 18 15 5 16 3 8 14 3 3 17 3 6
20 12 12 12 5 14 1 3 4 11 10 18 12 19 0 1 4 16 8 13 13 9 2 19 19 14 14 2 8 17 19 19 9 17 8 4 18 14 13 16 17 9 16 20 4 9 11 5 11 5 1 18 13 15 5 18 9 16 5 13 17 12 18 7 14 4 19 14 3 11 9 5 2 10 6 5 7 16 17 3 4 16 8 18 16 16 15 11 4 1 4 17 15 8 19 10 5 13 5 15
7 2 11 15 16 3 1 20 7 11 11 5 19 17 2 0 3 7 7 4 20 11 15 12 13 6 5 2 16 3 4 5 13 1 12 18 19 2 15 12 1 11 19 8 10 12 11 7 16 12 2 9 16 6 8 9 6 7 14 10 6 2 16 8 15 7 17 12 12 8 3 3 12 13 16 2 2 8 8 6 1 12 11 18 12 5 13 2 18 16 4 12 19 19 7 9 2 12 1 9
10 3 19 20 14 20 9 2 18 1 14 11 7 8 7 10 0 14 5 6 11 16 3 7 7 12 11 11 9 9 20 11 14 5 17 15 4 2 4 20 15 5 9 14 12 1 18 18 6 13 12 7 9 16 6 15 4 19 8 17 8 12 3 5 11 2 11 19 18 5 13 15 5 15 14 20 18 7 20 16 17 1 3 20 8 7 3 12 11 14 12 5 5 19 5 9 19 4 13 19
8 14 15 3 6 5 2 16 20 14 17 4 4 15 3 12 7 0 11 16 5 11 1 1 19 8 3 11 8 11 3 4 14 18 13 11 16 12 10 7 2 15 5 16 8 11 18 10 5 3 7 19 12 5 6 13 2 14 11 19 13 18 20 2 17 5 10 11 14 15 10 7 5 10 16 7 6 9 6 5 5 7 20 3 19 12 15 3 15 3 8 10 18 17 10 5 12 5 14 20
16 8 18 1 6 11 7 17 7 2 20 9 16 16 12 4 15 9 0 11 7 6 6 4 13 5 19 9 3 15 17 8 3 12 11 1 9 13 2 11 18 3 16 19 9 16 13 18 14 19 15 11 20 7 12 5 10 19 9 18 18 13 6 16 14 16 3 15 3 14 1 11 6 5 4 7 12 8 7 3 13 9 15 2 20 14 1 19 14 12 15 4 5 20 15 19 15 5 12 4
15 20 5 16 1 15 13 13 12 19 2 10 9 3 20 20 14 10 19 0 8 2 20 12 15 3 14 1 16 20 14 8 1 1 13 12 17 3 3 12 4 12 6 9 7 14 3 7 5 14 13 5 2 1 15 12 8 14 20 3 19 15 13 4 5 17 11 2 14 8 10 16 16 16 13 1 2 4 15 8 6 9 5 5 1 18 12 4 18 13 6 6 9 19 16 3 13 3 15 7
7 4 4 11 2 8 12 9 12 11 11 10 6 13 15 20 11 15 17 16 0 5 20 8 2 1 19 4 11 8 7 5 1 13 16 20 1 20 8 6 6 8 12 1 18 6 11 7 9 18 11 16 4 1 3 13 6 11 9 1 8 6 1 5 7 3 10 8 4 17 16 5 19 14 9 15 19 8 7 16 13 9 2 9 14 11 10 10 2 12 16 19 7 15 18 2 3 13 15 14
5 18 8 15 9 7 15 15 10 2 2 4 3 5 20 10 9 14 9 19 8 0 2 20 2 8 8 12 13 14 20 16 19 14 5 20 17 3 14 7 19 14 8 6 5 12 13 13 10 7 19 20 4 17 4 1 13 2 16 17 11 15 3 19 11 7 17 16 7 7 19 7 11 12 4 5 16 19 1 9 8 17 20 8 17 20 7 11 18 10 15 15 2 3 18 2 18 16 6 20
4 6 19 17 13 12 12 13 5 5 9 16 17 6 12 3 6 11 1 14 19 11 0 10 20 14 1 6 16 19 20 17 9 10 18 17 4 8 17 8 20 19 18 10 6 9 6 8 2 2 2 5 14 13 6 8 14 9 2 2 12 8 7 9 13 11 3 17 19 3 15 10 12 8 5 7 11 20 19 6 2 10 10 19 20 3 10 5 11 9 17 18 4 11 2 10 10 8 8 12
4 7 11 16 11 10 3 20 16 5 15 1 1 6 7 8 6 15 20 9 6 19 19 0 19 7 9 5 17 2 1 2 5 14 20 17 13 20 6 15 6 15 14 18 13 17 6 12 11 5 15 20 13 19 15 8 4 17 13 19 5 3 2 9 20 5 6 8 18 11 12 10 16 17 17 1 11 17 1 18 8 18 8 17 9 2 9 3 9 2 13 9 14 19 10 8 13 13 16 13
14 20 20 19 7 11 19 15 17 16 5 4 12 7 2 3 3 11 17 20 18 2 15 18 0 13 12 18 15 5 18 7 4 17 11 17 7 13 16 4 9 10 16 4 11 18 18 13 4 5 6 2 9 16 17 5 11 1 5 15 3 19 8 4 20 8 16 17 14 16 3 15 7 15 20 15 2 6 6 17 17 6 19 1 15 6 3 9 15 14 14 3 20 16 7 9 1 1 3 18
11 19 6 18 12 6 4 18 18 9 18 1 17 10 2 10 5 1 8 15 7 13 3 6 17 0 11 8 6 5 14 16 1 18 11 12 7 17 6 20 13 15 18 4 2 2 18 11 5 1 11 5 1 11 8 20 14 15 16 13 13 17 15 3 17 5 3 16 7 13 16 8 15 16 13 15 12 20 17 2 2 19 10 16 6 18 2 5 1 6 3 3 4 3 11 13 8 9 3 16
6 1 11 20 5 17 3 3 3 12 12 4 16 20 2 2 13 5 16 18 20 12 13 3 17 3 0 14 8 16 9 4 3 8 5 15 12 7 20 10 20 11 14 17 15 5 8 9 4 7 11 8 19 15 12 9 15 6 5 20 1 15 19 8 17 8 8 16 4 5 6 1 14 15 9 14 4 19 2 9 12 4 9 9 16 6 20 19 9 8 8 14 5 3 15 14 2 3 10 11
20 3 10 5 13 4 18 3 16 11 11 10 4 4 18 7 1 1 13 4 15 6 8 3 7 16 2 0 19 10 13 9 11 5 13 10 12 1 10 12 10 6 1 6 18 19 2 7 3 15 3 6 15 3 14 2 3 14 16 4 5 10 10 10 20 9 10 6 17 2 17 4 9 17 8 4 15 8 15 15 12 20 6 12 8 4 14 6 15 4 6 12 19 8 6 20 7 6 11 15
16 4 1 17 12 7 9 12 9 9 20 19 14 14 4 18 19 18 7 3 5 8 9 6 9 13 17 12 0 19 6 8 17 10 16 17 4 13 15 13 7 14 1 15 3 14 11 1 9 5 4 9 18 8 17 2 12 12 6 10 17 8 7 17 7 10 8 3 5 6 1 10 1 20 4 12 6 19 1 7 4 6 20 8 14 5 17 5 16 15 17 14 13 15 15 13 2 12 18 13
7 10 8 20 13 14 14 5 1 5 3 5 16 16 1 3 12 18 11 5 6 14 16 1 16 11 16 6 5 0 17 12 12 2 6 18 1 12 1 3 12 11 9 16 2 1 1 11 16 11 2 19 8 3 6 1 3 19 20 1 6 13 12 4 8 16 1 18 3 13 3 19 6 17 10 18 11 2 20 2 1 4 6 13 8 10 14 2 8 2 7 10 14 5 1 20 16 6 7 13
8 17 3 18 20 15 12 20 4 12 17 3 11 19 9 9 10 17 14 9 7 4 19 18 6 14 5 6 18 11 0 8 9 6 3 18 20 3 12 11 18 13 10 13 4 6 11 7 16 10 5 11 20 5 10 20 19 10 4 19 13 16 1 5 19 6 12 14 18 10 8 12 20 9 17 7 10 13 1 4 8 4 12 16 6 10 19 18 16 9 10 15 1 11 12 13 3 3 3 6
10 3 12 10 6 18 16 4 18 6 4 1 14 20 18 13 3 6 16 6 9 16 16 2 14 11 17 12 6 7 1 0 6 13 8 4 18 4 18 12 10 18 15 13 1 18 13 6 18 3 9 17 3 19 7 8 15 12 11 20 19 18 8 6 15 12 15 19 11 10 18 4 3 15 9 3 16 5 20 17 20 14 14 13 18 20 10 11 6 15 17 20 5 16 19 13 8 13 17 14
9 16 6 2 15 6 12 19 7 1 1 15 18 12 11 20 5 9 13 8 7 15 19 10 18 1 16 15 13 6 13 12 0 16 7 1 15 12 18 3 13 13 20 20 3 9 9 14 19 10 18 8 17 15 4 14 5 15 19 19 7 11 10 13 18 5 1 13 13 4 10 16 4 18 5 9 13 20 13 20 2 13 4 2 6 9 2 18 6 3 12 19 2 17 16 15 8 7 15 8
20 6 4 13 4 7 15 11 3 19 8 17 8 4 1 16 8 1 9 3 20 2 11 14 4 3 10 20 1 10 10 11 15 0 7 3 19 3 19 12 20 18 2 19 4 18 1 11 18 7 8 10 4 4 5 20 6 20 13 7 8 17 19 8 18 15 10 19 2 10 6 7 2 16 2 20 6 8 20 20 20 2 5 19 10 14 15 14 8 2 16 19 3 10 9 11 1 20 15 8
10 20 16 4 18 9 18 9 16 17 19 2 1 6 13 1 6 5 16 11 16 11 19 18 1 17 12 14 11 17 3 18 14 3 0 2 19 15 13 10 16 16 9 4 20 15 18 2 9 13 18 4 18 13 15 19 4 5 1 17 4 9 18 8 17 8 11 15 16 15 19 7 19 2 13 11 17 20 7 14 6 6 8 16 19 5 17 7 5 8 12 11 19 16 12 1 5 6 13 20
7 8 19 20 20 8 1 6 19 9 8 4 15 8 16 19 18 18 10 3 5 2 2 10 18 14 15 7 6 5 9 4 8 15 14 0 1 5 8 20 3 17 14 2 17 10 14 13 14 16 17 13 7 8 7 4 18 13 15 14 12 20 17 14 11 3 16 16 3 17 20 7 17 15 15 5 12 6 5 8 20 11 10 15 16 11 7 6 12 4 1 14 3 15 9 20 5 4 11 20
20 12 14 9 13 9 7 8 1 15 17 4 5 16 8 20 1 12 5 7 15 19 6 10 16 16 7 9 11 15 3 19 3 9 19 15 0 1 19 3 19 13 8 18 14 13 11 13 7 18 16 15 15 12 18 19 15 16 1 13 18 16 13 14 8 9 18 18 4 8 9 15 12 19 11 8 10 13 13 19 8 16 8 19 8 6 5 8 5 2 20 16 18 8 16 14 12 4 10 1
6 15 15 7 4 7 19 14 3 12 16 15 8 10 6 2 19 9 5 5 7 6 3 4 19 4 2 8 7 15 9 2 10 12 14 11 10 0 13 16 6 2 2 10 17 3 8 8 7 19 13 8 14 6 5 16 20 5 15 13 8 20 11 20 10 18 10 4 3 12 10 15 2 10 16 1 5 13 3 5 20 14 3 15 6 17 14 10 14 13 13 11 18 19 2 5 9 14 5 6
6 14 13 14 15 12 13 11 15 16 6 16 15 4 18 15 11 5 17 20 12 3 15 19 17 1 7 13 19 17 2 1 5 1 7 2 12 7 0 13 15 6 11 5 19 5 6 6 6 19 13 3 8 3 2 20 12 14 18 19 4 15 4 20 3 16 17 2 7 15 20 17 1 7 20 17 5 10 16 4 10 18 2 10 1 11 11 20 20 9 17 4 11 19 18 3 18 15 9 4
2 2 19 3 8 18 11 17 14 2 1 19 1 2 15 9 7 20 17 8 18 18 11 1 12 5 20 16 1 13 2 13 1 18 7 18 2 7 9 0 17 18 17 2 15 5 18 9 9 2 14 5 14 10 17 7 18 13 6 14 18 19 12 11 11 6 19 9 15 2 14 14 17 13 14 6 1 5 1 8 16 6 16 3 9 4 17 2 4 8 18 19 17 14 14 1 16 11 13 16
8 16 10 1 6 15 18 14 4 20 8 15 17 19 19 14 2 4 8 16 10 7 12 4 10 5 16 15 16 14 15 1 12 20 4 11 19 12 5 17 0 20 12 15 3 13 13 11 2 11 6 12 12 12 4 6 8 3 16 18 14 5 2 15 3 8 11 8 3 9 12 15 16 1 8 10 3 6 8 4 20 7 6 14 15 6 1 10 20 15 11 12 10 1 2 19 7 18 19 2
10 18 8 4 3 20 16 20 16 10 5 13 4 6 13 14 12 5 1 5 15 7 6 1 2 19 8 12 16 20 17 10 16 4 10 7 13 4 12 3 9 0 1 14 16 9 9 5 7 4 1 16 3 10 17 17 18 18 4 19 18 11 10 5 19 12 19 4 9 7 18 20 5 15 9 1 7 8 19 11 19 2 16 10 4 8 20 16 3 20 11 3 8 20 18 20 3 3 1 12
3 20 1 12 15 9 20 16 11 20 17 20 16 19 4 11 7 6 16 11 16 1 4 20 8 18 10 4 16 16 16 16 18 9 17 1 5 20 2 9 8 14 0 13 18 7 14 16 15 5 4 2 6 5 12 3 2 4 18 2 11 7 15 16 10 5 17 14 1 18 12 1 6 2 6 9 19 20 20 12 2 11 17 1 2 6 3 9 13 5 19 12 3 3 14 15 8 15 13 5
1 8 20 7 17 8 3 17 13 2 1 5 4 15 14 6 17 2 2 17 18 19 10 14 6 14 7 3 8 15 4 9 10 1 9 16 13 19 10 11 6 3 16 0 10 2 1 14 3 4 2 2 12 15 2 19 16 7 14 14 11 16 6 16 6 14 10 10 14 5 7 14 5 1 9 14 4 2 11 2 14 16 14 15 16 9 17 20 8 5 8 8 4 7 16 10 9 19 15 16
19 19 16 4 6 18 1 6 17 17 19 9 19 20 10 4 7 13 10 12 20 2 20 9 9 17 1 16 5 15 12 11 6 10 18 15 3 12 19 1 15 16 18 8 0 4 19 1 18 9 5 19 17 7 17 14 4 14 2 9 2 14 12 16 2 20 14 17 8 19 5 11 10 14 17 20 11 19 3 17 16 20 3 17 8 2 6 14 13 4 14 19 19 17 9 9 17 4 11 16
6 18 20 4 6 8 2 1 17 3 3 8 19 18 17 16 12 20 13 7 6 1 13 16 12 9 10 9 9 14 9 20 6 20 17 16 13 15 9 5 19 1 6 19 14 0 15 13 15 6 5 2 14 4 19 11 12 1 18 10 9 2 14 5 5 20 14 17 9 10 7 16 15 12 8 18 18 18 17 1 7 13 1 5 7 6 14 5 19 17 4 15 20 3 5 17 3 11 15 18
20 17 2 6 8 4 16 14 1 19 14 11 17 14 17 11 18 6 13 17 9 8 12 12 16 9 2 10 14 12 20 13 16 4 10 7 9 5 14 6 15 8 9 10 7 17 0 20 18 3 16 8 16 1 7 17 9 19 3 13 4 17 14 7 10 11 8 14 14 3 9 8 6 9 13 3 14 17 1 18 3 1 1 15 15 16 18 16 10 2 10 3 8 1 6 18 14 7 8 11
9 5 8 9 19 11 4 11 3 5 10 4 7 6 1 11 16 2 12 16 4 9 2 15 16 2 19 9 11 14 10 20 3 14 11 14 19 9 6 17 5 2 13 17 20 8 19 0 7 9 15 18 5 5 12 10 13 14 8 18 6 19 6 6 17 8 1 18 5 3 3 18 9 8 3 6 10 4 4 12 3 12 7 19 15 10 15 7 2 20 15 15 3 4 15 5 6 9 19 12
5 11 9 2 20 8 1 12 5 1 10 11 8 15 18 4 3 16 13 20 1 4 18 1 20 12 15 19 4 4 12 2 6 4 2 6 1 5 12 4 12 13 5 13 17 1 15 17 0 16 9 12 9 6 9 15 16 15 13 9 7 10 6 8 3 5 20 3 11 5 4 11 14 10 11 18 13 6 9 7 1 6 2 14 16 6 3 16 1 6 17 20 5 1 7 14 8 13 17 20
13 14 15 4 17 20 6 10 12 15 1 10 9 14 4 16 3 12 14 14 4 8 7 1 3 7 8 20 20 10 17 9 19 6 3 5 9 13 8 15 2 13 16 20 8 19 2 1 6 0 8 13 4 4 10 15 8 6 10 11 12 4 5 18 13 14 17 5 11 3 13 20 17 18 11 10 20 18 9 7 7 14 2 14 20 2 3 5 16 1 18 18 19 20 13 15 10 1 9 11
18 15 13 14 14 13 10 3 12 9 17 17 20 19 11 9 12 2 7 17 7 18 9 7 13 7 6 11 14 9 20 7 2 4 15 6 4 18 5 3 6 19 6 19 5 16 10 12 17 3 0 15 7 19 9 17 12 9 17 8 16 14 17 10 16 11 19 9 20 1 6 4 10 3 12 16 5 2 5 12 20 11 9 1 7 17 7 5 4 9 8 16 13 6 6 17 9 12 3 3
8 15 8 11 1 7 17 7 11 3 20 7 5 18 6 7 5 17 20 10 10 15 5 18 6 18 12 19 4 2 1 12 7 15 13 7 18 2 6 12 4 19 19 6 3 10 15 13 17 15 7 0 3 16 12 11 8 11 5 10 19 12 17 9 16 11 12 8 11 2 7 14 14 7 16 2 10 7 6 14 14 16 7 17 8 1 16 4 20 4 16 20 14 13 9 18 19 17 20 2
19 18 19 1 18 17 4 10 17 11 11 19 14 8 20 17 10 13 2 16 13 5 19 4 19 15 14 12 10 18 1 3 8 20 10 5 11 7 8 10 18 9 9 14 17 11 19 4 8 16 8 4 0 3 14 14 15 6 18 3 12 4 20 4 14 9 18 4 11 1 9 20 7 1 15 20 10 4 15 16 14 2 18 20 8 11 8 9 12 19 6 1 18 13 1 17 4 2 6 5
14 20 11 15 17 15 11 20 11 10 10 15 6 8 19 11 15 8 13 12 9 3 19 1 17 14 19 16 12 8 18 16 8 5 10 7 7 6 11 12 18 15 18 4 20 15 11 5 10 15 18 2 10 0 17 5 20 10 2 4 20 3 10 17 15 5 15 4 10 10 5 1 10 3 20 13 14 13 18 15 14 8 2 20 20 20 6 20 13 5 17 3 19 20 4 10 4 10 6 3
9 9 5 12 4 1 15 2 11 13 13 13 10 14 7 17 6 11 20 13 3 17 4 11 19 4 11 19 20 3 7 17 20 17 12 16 19 17 3 8 17 15 17 6 16 3 14 7 8 14 1 2 17 10 0 6 14 13 3 10 7 19 15 1 12 7 14 5 1 18 14 9 5 17 12 17 7 5 12 17 5 9 10 17 1 12 13 3 19 5 20 9 10 16 3 8 10 9 19 17
11 3 1 7 8 14 20 13 6 13 8 14 10 11 18 2 20 12 18 7 2 10 20 12 12 9 6 1 9 16 12 11 18 20 9 4 5 6 10 10 5 20 1 8 12 12 19 10 13 5 16 11 7 14 10 0 4 1 12 13 14 8 2 14 15 2 14 11 17 12 15 6 15 2 14 8 20 2 5 20 5 10 18 8 2 10 3 19 4 1 14 3 6 3 16 1 17 11 17 15
5 9 10 17 8 15 18 7 9 20 2 18 1 5 17 9 13 11 10 10 1 17 3 5 6 18 1 8 6 13 5 16 4 9 11 3 10 15 17 10 3 14 7 9 20 9 12 16 2 18 11 20 13 11 2 11 0 16 5 19 20 1 1 14 3 18 2 2 3 8 2 15 1 14 8 7 16 13 2 8 1 7 12 6 13 2 4 5 8 7 16 4 16 6 1 7 11 20 17 3
18 10 12 20 14 19 10 11 15 5 16 13 7 4 19 18 8 12 5 6 5 12 19 17 5 10 2 1 9 9 7 17 11 17 4 16 8 13 8 7 20 7 15 18 6 8 8 16 17 9 12 6 1 17 2 14 3 0 16 5 5 4 1 10 13 11 11 20 2 5 1 14 3 12 3 7 1 12 19 20 16 5 15 19 13 17 5 1 7 9 4 16 20 17 13 15 15 13 18 16
20 5 10 8 11 14 14 4 12 10 5 17 6 8 14 20 15 20 5 8 8 16 3 5 17 16 8 15 7 10 2 2 12 6 12 7 3 4 18 18 16 15 7 5 14 17 8 9 11 7 3 4 4 3 4 11 2 12 0 18 9 1 18 2 7 19 5 3 1 6 2 5 9 17 12 15 19 8 1 11 13 15 18 18 15 9 10 3 9 1 17 8 4 8 16 2 7 4 5 8
11 13 17 7 17 3 20 4 14 7 4 18 19 13 16 18 3 17 3 1 1 4 1 9 2 5 9 2 10 1 19 18 6 8 17 15 7 17 13 15 12 8 13 10 9 18 13 20 6 13 12 17 14 8 9 1 14 16 16 0 3 9 12 14 1 13 11 9 1 13 5 19 14 12 3 12 18 14 18 6 11 2 12 9 15 20 9 4 20 4 13 6 4 14 11 12 10 3 1 17
1 20 13 11 20 14 8 10 6 6 16 11 15 2 12 3 3 7 18 8 3 8 4 18 17 11 20 1 8 14 20 7 16 9 18 17 6 14 7 15 15 1 2 11 9 13 7 18 10 3 4 1 9 2 9 1 7 14 15 6 0 7 5 10 13 1 7 15 4 11 16 7 2 19 3 10 15 15 5 14 5 7 20 16 4 15 2 7 11 17 1 10 11 19 15 20 7 16 5 2
17 19 4 17 12 8 12 17 11 4 5 9 8 11 18 4 13 12 12 11 15 3 19 19 11 5 10 6 2 13 17 5 15 2 2 1 4 14 17 3 14 13 5 12 9 9 14 16 19 20 20 1 18 2 7 16 19 20 13 16 18 0 13 18 6 3 9 14 11 19 20 16 3 16 8 9 6 17 1 6 14 6 3 10 17 11 13 11 19 14 1 20 5 6 20 19 7 13 3 5
3 17 2 14 15 14 4 17 1 3 3 7 16 4 14 19 10 10 20 10 9 1 7 7 2 14 16 14 8 8 13 5 12 13 20 16 9 20 10 1 15 17 12 2 16 2 8 9 6 17 19 20 17 16 2 15 15 11 11 6 19 12 0 17 11 12 15 15 4 10 17 4 1 17 11 3 13 4 3 9 9 3 2 7 9 5 2 10 2 4 5 16 19 6 15 13 16 1 9 6
8 2 2 8 1 3 18 12 18 20 13 6 12 14 17 19 1 3 11 12 5 17 20 12 13 3 6 5 10 12 8 17 14 1 10 14 10 4 2 4 11 18 16 18 12 3 11 8 8 16 16 19 20 14 15 17 5 4 8 15 11 20 19 0 1 4 6 18 17 18 18 6 14 18 9 5 1 7 1 20 9 2 12 9 11 20 10 10 1 5 10 7 1 10 19 3 9 1 7 14
13 10 15 7 14 14 12 20 16 8 2 15 14 4 15 9 9 7 10 2 16 2 4 19 14 6 19 3 1 4 6 5 2 15 16 16 16 3 16 8 18 10 4 1 15 16 8 5 12 3 10 3 5 4 12 13 7 9 17 17 13 11 12 8 0 13 11 9 14 9 20 1 2 15 11 12 13 9 7 17 17 12 2 14 4 16 12 20 4 3 10 5 9 10 9 4 6 17 4 6
17 1 11 19 5 12 2 10 16 15 14 8 12 14 2 17 13 9 16 13 18 14 17 19 9 3 6 8 7 6 1 6 20 2 11 5 18 7 19 6 5 9 3 2 14 9 2 17 16 1 10 7 4 9 6 11 10 5 10 10 13 20 13 3 3 0 10 20 13 13 3 18 7 1 12 8 19 12 13 17 20 7 11 16 10 20 14 13 20 2 11 1 4 6 8 10 15 7 8 18
17 9 9 7 7 8 7 7 6 10 15 5 19 6 15 4 6 14 4 2 19 13 9 15 4 18 14 3 15 20 8 10 2 2 3 6 16 5 14 6 5 19 6 13 6 18 9 9 6 2 20 13 12 19 11 13 7 10 20 4 6 5 15 2 19 5 0 12 7 3 12 6 20 2 12 10 9 5 10 10 10 15 18 4 14 19 11 18 13 20 2 16 9 10 19 4 15 10 2 8
3 19 10 17 17 10 4 7 5 3 20 18 17 13 5 3 18 16 5 1 12 5 1 5 10 9 5 12 6 6 20 8 16 18 15 18 1 1 4 14 13 9 17 7 17 4 9 13 7 15 2 4 19 16 15 8 7 16 12 1 17 14 4 7 15 10 7 0 6 4 3 12 6 17 4 7 15 18 12 19 7 14 7 18 8 4 2 6 3 12 15 8 17 13 19 17 14 9 9 16
19 18 19 15 8 1 9 2 5 8 12 18 8 8 17 8 8 9 3 11 20 10 18 4 16 15 9 4 3 12 5 5 12 15 18 13 6 18 11 6 6 15 13 14 12 3 5 5 20 8 19 13 3 3 1 4 16 14 19 17 20 10 10 16 2 19 17 3 0 15 18 13 13 20 7 15 13 20 13 19 16 1 15 17 2 3 12 7 18 3 13 19 7 12 1 10 9 3 6 1
1 8 18 18 18 10 13 10 5 3 13 2 2 6 9 18 14 12 2 2 3 12 2 3 3 12 11 8 10 1 4 9 2 19 7 3 7 5 3 6 2 5 18 19 18 7 5 3 18 18 7 16 18 20 16 20 8 3 7 3 20 4 2 20 11 3 19 20 9 0 3 14 3 9 19 10 15 1 1 17 2 18 14 5 10 9 18 3 18 7 1 13 16 18 11 2 17 12 8 16
17 19 7 11 20 14 20 8 20 15 3 4 3 1 11 10 15 4 10 15 17 19 7 1 15 5 14 13 17 4 3 1 10 13 1 16 2 8 4 16 2 15 13 10 12 20 13 8 1 16 5 4 12 1 4 6 20 20 13 12 8 11 10 5 2 17 6 11 9 7 0 15 2 15 13 3 7 15 10 16 14 2 13 9 2 5 8 16 14 2 1 5 13 10 2 8 2 10 5 1
2 1 13 18 6 5 3 10 3 10 4 13 7 3 14 17 17 14 5 19 9 6 4 20 2 3 9 14 3 2 17 10 3 9 19 8 12 14 6 1 18 11 13 12 5 12 3 14 5 8 8 18 1 1 14 17 18 2 19 10 8 14 18 2 16 19 16 6 12 12 13 0 9 17 18 6 3 11 5 14 18 2 19 16 4 3 20 19 1 12 4 1 3 13 14 19 3 15 1 2
6 10 12 14 16 14 17 15 12 17 1 12 20 12 14 6 6 15 10 10 2 6 13 10 14 14 17 18 16 15 8 17 19 10 1 5 8 18 7 7 10 15 18 4 12 4 15 13 10 13 18 12 3 11 5 11 10 7 4 16 18 4 4 10 18 5 5 15 9 18 7 3 0 10 13 10 12 3 12 4 2 2 6 19 16 1 3 16 11 7 4 12 19 15 10 20 5 9 9 14
12 5 4 2 14 2 7 10 8 20 18 10 8 2 16 2 15 15 18 1 3 17 13 6 7 10 5 14 13 11 8 9 19 14 6 4 13 12 18 14 17 15 12 9 4 12 17 15 9 17 4 18 3 5 6 1 16 4 9 16 7 8 20 6 13 8 2 12 19 16 12 1 15 0 5 20 4 14 2 7 2 5 7 1 1 18 2 8 12 20 4 6 3 10 9 3 5 17 9 2
4 1 16 6 13 17 17 1 17 17 16 20 15 3 18 17 3 13 12 13 18 2 10 12 19 7 17 19 9 16 19 9 10 7 3 9 16 16 11 6 2 5 4 19 1 20 17 9 4 15 16 18 12 20 2 4 8 9 20 18 4 9 9 7 11 16 14 11 19 7 20 9 16 15 0 4 19 18 4 17 19 7 17 9 4 10 3 17 20 5 9 10 7 12 9 12 15 7 12 7
14 6 11 2 1 11 19 11 18 4 10 4 20 17 14 15 6 4 14 2 17 7 19 12 18 6 16 7 7 10 20 12 8 5 11 4 10 3 12 14 15 20 3 16 5 7 7 11 19 6 1 5 12 3 14 10 11 14 9 2 6 20 8 16 3 7 4 7 12 11 3 8 18 5 15 0 5 8 11 8 12 5 15 18 3 11 3 18 18 10 7 5 9 4 16 7 16 10 6 10
9 7 13 16 5 11 1 8 13 11 9 16 10 19 12 3 11 16 7 5 6 19 3 3 5 13 3 18 10 1 8 20 5 3 19 6 5 6 14 9 10 5 19 12 2 16 9 12 5 6 1 12 5 6 4 20 1 2 1 17 1 3 18 19 8 4 18 5 9 19 17 4 4 5 16 15 0 11 6 10 2 10 12 3 18 11 19 19 19 2 17 14 11 6 18 7 14 16 14 10
11 20 2 2 6 17 5 15 2 17 4 3 20 9 4 10 17 13 18 4 17 7 15 14 8 12 9 9 2 7 6 14 1 3 12 9 2 7 12 17 8 12 6 15 12 18 1 10 9 18 3 3 5 16 12 20 13 19 20 14 6 13 14 16 9 13 19 18 13 17 2 14 14 13 12 15 19 0 9 15 11 11 15 19 3 9 9 17 14 18 15 15 7 19 20 12 18 3 14 8
12 2 4 19 5 19 15 7 8 7 15 2 13 15 2 16 1 18 19 12 10 14 1 15 12 5 18 6 9 7 6 4 4 18 7 11 12 20 3 13 7 8 11 6 11 12 13 16 5 14 5 7 17 14 12 14 9 15 19 18 5 12 18 17 14 4 14 2 9 1 15 11 7 14 6 3 19 19 0 20 1 3 17 15 16 18 18 9 5 6 1 17 10 2 10 17 5 18 9 5
16 13 1 1 9 11 3 11 13 3 11 5 13 11 14 10 17 19 12 14 8 14 13 10 8 19 6 7 6 8 13 1 9 20 13 9 16 2 6 10 16 12 1 6 10 1 6 20 13 2 15 17 12 19 8 10 7 9 16 16 18 3 7 9 9 2 8 9 14 5 1 19 4 17 12 15 10 16 17 0 20 12 16 17 2 15 15 17 19 2 4 3 1 20 12 16 5 5 19 3
19 17 8 17 19 18 12 5 2 20 9 6 7 17 1 3 7 19 19 6 11 7 20 4 6 16 7 19 10 7 6 9 7 19 3 17 1 16 11 20 5 8 16 5 15 18 9 8 2 19 14 19 1 9 17 18 5 9 4 17 19 16 8 11 19 18 6 1 13 12 11 8 11 2 1 11 11 18 20 5 0 15 14 6 13 14 20 11 18 4 13 15 17 17 9 5 17 13 1 4
11 12 4 8 5 5 10 8 16 16 13 13 9 20 18 13 12 1 16 13 15 14 7 16 16 10 20 5 10 1 7 14 13 9 14 10 13 6 8 12 3 9 15 5 13 7 6 20 11 14 9 20 18 20 7 10 14 16 15 7 18 5 6 20 7 16 20 13 6 14 4 10 13 14 17 4 8 11 6 15 18 0 5 20 16 7 4 5 6 6 14 13 13 3 3 5 2 18 14 16
20 20 5 6 6 5 15 5 14 3 5 17 14 11 7 15 5 1 9 2 20 4 17 6 1 6 14 16 4 5 18 5 16 20 8 2 16 12 17 20 7 2 20 17 4 15 19 3 2 13 12 20 16 18 20 1 20 14 11 15 5 18 12 15 13 1 14 16 8 10 3 14 6 20 4 18 3 1 5 8 5 2 0 3 20 9 13 19 4 14 13 4 6 2 18 12 2 3 4 3
9 17 6 5 12 5 17 1 6 9 11 10 11 4 13 13 7 9 20 11 10 11 11 20 13 16 11 3 13 2 5 16 15 9 20 16 20 6 7 12 6 19 17 5 6 12 1 6 19 2 13 10 15 14 5 12 4 20 17 20 2 9 11 16 20 14 14 19 4 2 20 12 18 5 20 10 3 13 15 3 14 17 16 0 3 7 13 15 18 4 9 20 4 9 13 15 7 2 17 5
2 2 20 8 6 2 10 16 2 4 11 3 3 14 18 18 11 14 10 4 1 11 18 14 10 8 6 16 6 11 9 16 10 16 2 16 16 3 20 8 8 15 5 12 18 9 4 7 4 9 18 13 1 6 6 18 10 12 4 11 8 17 12 12 10 17 6 7 16 19 1 9 8 11 4 6 5 17 17 10 17 14 20 1 0 11 2 14 2 4 1 11 19 1 10 4 12 14 17 13
14 10 12 2 6 7 8 5 11 15 8 11 15 18 10 6 9 18 9 14 19 17 12 2 5 14 17 14 10 19 11 11 17 16 20 15 8 8 10 13 8 16 17 7 16 20 18 2 4 2 17 2 12 16 3 3 17 6 10 18 2 15 9 16 19 20 1 20 6 3 8 19 4 16 12 17 19 14 20 9 15 12 17 2 1 0 5 7 20 18 9 9 12 13 1 14 12 5 10 5
16 1 12 16 2 5 20 13 5 8 16 9 15 18 15 20 13 16 13 9 18 9 15 9 8 7 10 10 6 18 16 2 17 5 12 18 9 15 11 4 14 4 15 14 8 8 19 16 8 14 7 19 9 9 17 16 13 3 16 5 7 3 8 7 13 1 18 16 1 15 10 5 6 10 18 14 8 17 5 4 7 6 7 15 12 15 0 10 6 20 6 2 4 19 7 9 12 5 10 11
11 14 13 4 16 7 8 1 16 2 15 11 8 2 18 14 16 9 10 19 13 10 4 12 17 2 15 4 17 4 19 5 7 4 4 1 17 2 15 17 14 16 7 12 4 5 2 11 2 6 11 11 2 12 19 7 5 20 15 12 14 16 1 15 8 7 8 1 20 18 13 5 15 4 12 17 16 19 19 18 8 4 1 6 9 17 6 0 18 12 4 6 13 7 11 3 18 3 14 11
1 2 1 18 1 7 18 16 16 20 17 1 3 12 15 17 16 15 20 7 10 19 19 5 11 12 3 6 8 6 14 18 20 17 9 9 13 18 12 11 12 16 12 11 11 5 14 15 10 14 16 3 9 16 18 11 3 9 14 6 8 11 3 12 10 14 8 11 10 12 5 14 18 8 17 10 5 15 15 2 7 11 18 17 5 5 6 17 0 20 10 8 2 6 4 17 7 4 14 8
12 15 9 8 17 4 12 7 1 6 6 8 15 15 19 18 17 14 16 14 10 11 3 19 6 11 3 4 15 9 3 10 3 9 17 14 3 20 17 5 13 13 18 14 13 3 17 16 13 18 11 13 3 6 5 13 20 5 10 19 17 9 7 9 16 3 8 15 8 6 5 14 18 2 12 13 5 14 16 19 3 7 1 18 12 7 2 12 9 0 7 11 20 5 1 9 19 9 13 2
11 2 20 13 19 11 17 6 13 10 20 10 9 3 4 18 2 16 2 8 2 4 10 5 5 18 12 5 2 11 7 8 9 15 8 10 8 12 3 17 5 1 6 10 20 10 2 9 9 7 17 9 8 10 20 8 11 13 18 10 15 20 14 4 7 19 2 19 5 7 7 10 18 18 14 12 13 8 16 16 3 7 14 15 13 14 8 12 9 9 0 20 14 18 20 9 15 15 11 4
15 2 1 9 19 8 12 15 3 19 12 10 14 7 13 9 5 7 2 15 9 13 3 16 8 19 7 16 6 10 18 16 8 10 1 14 2 11 20 10 13 16 6 12 7 15 16 8 18 4 18 4 3 17 11 17 20 9 20 8 8 20 6 5 5 2 8 5 1 11 13 1 1 7 12 11 19 9 1 1 20 1 16 3 10 6 4 16 18 17 15 0 4 12 16 20 8 9 6 17
14 14 20 12 19 19 7 19 14 11 6 7 19 14 2 5 4 6 4 10 19 14 8 9 8 4 8 18 12 14 18 10 18 16 1 8 9 8 1 2 14 17 14 8 11 16 19 12 16 19 7 10 5 8 7 6 1 15 6 12 13 11 6 15 8 18 11 14 9 14 17 7 10 14 1 8 12 14 15 2 2 10 7 20 2 13 9 9 10 4 7 5 0 8 8 17 5 16 10 2
13 9 14 10 2 14 10 2 13 6 8 20 18 2 17 3 15 11 11 5 15 19 9 7 14 15 13 8 20 15 7 18 10 13 4 18 8 2 2 10 4 13 6 20 10 5 9 16 8 3 11 14 3 4 13 2 7 9 15 20 15 15 17 11 9 7 17 15 1 7 12 9 15 14 4 4 10 18 7 10 18 11 10 1 14 14 20 15 11 7 20 6 19 0 7 12 16 5 17 19
14 4 16 10 11 6 16 2 12 11 5 5 13 14 17 18 18 12 20 10 7 6 3 17 1 19 12 4 15 15 19 16 15 14 17 3 4 17 4 9 11 5 3 17 9 4 7 13 5 20 7 11 2 10 4 14 20 20 8 5 6 14 15 10 2 6 7 2 20 15 8 7 11 19 15 18 17 11 8 2 10 2 13 16 8 4 18 20 2 14 14 11 17 11 0 3 19 18 1 12
9 2 12 2 1 2 6 13 7 3 4 5 12 12 15 17 15 13 11 6 9 20 8 10 11 14 6 11 18 9 10 11 15 7 13 2 16 13 9 14 2 9 6 17 17 17 3 20 13 5 8 7 11 2 14 5 19 12 2 17 7 13 6 9 8 11 14 6 14 4 1 9 14 4 18 4 16 7 1 20 7 11 6 13 4 8 2 14 16 2 7 11 5 11 1 0 20 3 18 10
16 1 7 13 10 7 7 7 15 13 19 18 16 11 8 19 1 14 18 13 5 15 5 14 4 14 3 10 19 18 7 18 16 20 9 2 17 1 8 2 13 16 12 5 16 19 8 3 6 20 15 18 7 6 5 19 9 9 4 14 3 12 12 9 12 6 16 4 7 4 1 6 10 17 20 15 9 5 7 7 20 17 8 14 11 19 2 13 17 14 20 20 3 10 19 8 0 6 1 6
10 15 4 12 16 10 8 9 20 6 7 17 15 19 11 9 12 9 5 7 9 8 5 17 13 3 18 5 2 9 20 4 13 14 5 14 12 18 17 12 11 11 3 5 18 8 1 2 14 10 11 14 6 10 11 20 20 15 5 10 8 6 7 17 16 3 12 2 13 1 16 17 17 4 3 12 1 7 7 19 12 1 11 13 5 4 2 5 6 4 3 9 10 8 2 11 8 0 2 15
15 16 4 17 20 9 14 10 10 15 6 17 7 15 6 12 9 6 9 7 8 2 17 5 12 11 3 1 8 8 7 15 12 4 17 8 17 4 5 4 7 9 3 15 15 3 18 6 14 16 1 2 16 13 10 5 5 16 19 8 10 5 11 9 3 6 2 10 3 9 19 13 15 19 13 17 16 15 7 1 11 3 13 20 14 11 12 16 17 12 17 3 11 11 17 15 2 13 0 7
5 11 1 2 1 13 16 20 3 19 16 4 17 6 20 8 15 14 15 10 19 8 8 12 3 15 17 13 7 17 2 14 19 9 3 17 8 19 12 5 18 11 5 2 14 1 19 10 17 8 6 20 9 18 15 13 18 4 11 8 3 14 1 17 14 5 4 17 10 7 4 15 12 15 3 15 20 1 7 12 4 8 3 15 9 2 10 6 1 4 7 17 13 12 5 20 12 19 4 0
