500 4500 2 1
200 442
211 451
233 240
228 307
288 471
101 351
281 390
82 224
74 205
100 130
94 280
311 421
277 436
145 456
212 430
338 452
212 262
16 247
324 372
117 403
18 222
118 287
249 410
181 220
42 326
153 445
108 485
39 355
21 425
45 82
366 374
14 254
255 417
14 91
81 245
407 468
206 397
228 235
62 431
1 97
152 335
131 435
30 117
83 347
4 350
70 322
252 360
134 435
212 387
295 472
207 357
140 368
67 255
184 385
31 228
13 270
381 457
253 341
266 426
292 488
90 131
49 369
247 357
133 136
188 343
18 304
6 283
259 329
339 449
263 396
301 491
29 33
99 137
232 403
4 61
210 398
190 280
42 282
282 385
96 410
365 488
68 264
107 114
98 211
94 365
184 245
74 391
134 436
202 468
427 473
100 305
39 337
444 491
197 222
208 457
320 362
169 460
5 119
185 345
160 238
45 198
83 289
85 476
351 355
102 104
423 438
42 258
176 393
54 276
194 416
379 424
68 121
80 413
166 185
315 369
3 65
191 466
60 412
29 480
214 445
56 336
356 432
60 191
165 468
480 494
325 401
87 413
91 123
270 297
230 398
167 244
214 351
63 64
10 229
55 129
193 387
49 66
37 365
371 458
46 297
164 204
93 101
254 263
62 108
76 431
410 414
266 471
395 497
19 441
106 109
236 494
62 116
55 315
110 419
196 396
32 168
154 500
431 467
328 429
315 484
340 379
11 402
41 293
137 446
84 249
244 419
133 178
297 397
241 362
86 93
384 477
71 160
368 450
103 147
4 32
325 478
261 389
173 345
64 259
151 239
431 445
252 392
281 384
112 178
407 459
60 139
63 150
114 146
70 222
103 125
254 257
218 459
271 418
97 231
151 280
406 499
76 445
102 412
40 361
258 270
301 321
159 459
134 198
83 217
23 361
360 400
155 398
64 114
123 287
398 428
37 494
310 360
58 124
270 277
7 73
206 418
315 397
71 464
77 435
294 436
1 275
109 202
52 323
65 488
420 464
213 275
227 375
131 162
398 451
410 479
162 210
77 317
354 498
352 488
40 146
16 334
387 410
385 480
118 482
163 452
241 266
185 366
194 378
267 340
53 137
21 118
99 451
147 196
96 108
129 483
127 345
120 173
21 400
441 498
152 308
396 467
286 390
13 229
163 314
26 212
254 457
227 467
32 76
104 434
235 270
359 406
391 471
293 388
98 395
17 293
221 414
123 310
252 483
219 402
227 271
141 436
64 75
19 189
182 196
351 456
164 240
293 410
79 411
16 117
16 27
1 476
409 469
122 492
41 130
167 270
49 373
37 197
341 427
10 322
306 492
93 146
358 371
107 482
213 389
97 498
29 446
105 400
388 500
208 281
109 203
372 397
376 414
142 279
186 387
80 160
78 484
235 483
181 465
7 341
140 213
27 176
236 294
168 280
95 379
252 454
166 304
68 354
253 389
47 223
121 288
144 260
145 485
131 414
204 266
108 322
8 304
127 495
176 497
62 63
260 327
415 455
326 437
99 359
198 266
93 153
39 231
186 298
37 140
313 351
327 364
22 295
105 317
107 240
6 194
54 360
399 461
100 280
484 499
319 457
156 269
61 244
156 408
215 294
211 276
311 391
119 289
177 304
57 179
235 364
352 473
3 416
128 367
132 497
5 301
66 391
87 216
56 141
204 299
236 495
42 214
22 291
140 496
51 369
26 459
121 468
265 370
309 427
172 207
223 349
111 203
192 424
87 161
233 399
172 416
45 311
115 442
77 374
194 299
152 477
255 290
122 203
173 226
37 489
44 261
40 81
205 495
201 225
217 338
198 415
99 487
330 364
34 339
376 452
245 302
254 407
3 129
333 474
82 374
88 352
17 394
345 408
339 496
75 214
237 465
33 408
254 424
360 417
371 390
117 262
252 417
118 181
65 114
230 334
45 49
2 425
137 144
96 339
76 354
22 110
321 416
172 467
39 451
76 319
81 179
103 233
187 263
222 393
136 285
74 345
3 207
190 432
126 443
101 294
446 470
9 135
138 285
116 375
305 421
420 487
250 268
60 131
287 298
70 76
49 299
44 109
209 438
252 277
268 345
139 483
121 170
349 423
61 303
389 457
56 473
112 243
106 418
49 185
250 431
347 441
162 318
214 395
14 271
118 454
43 350
102 332
212 487
147 381
123 454
57 487
129 261
126 221
291 422
277 429
457 497
102 260
88 437
129 263
23 234
162 383
269 298
125 181
280 417
115 230
78 375
1 146
52 425
94 461
104 329
441 476
64 236
22 463
397 432
69 260
78 152
17 373
9 325
150 426
21 499
59 463
21 265
414 418
128 175
16 322
296 369
131 324
21 279
111 273
318 494
140 253
306 345
168 203
126 182
1 207
62 253
18 234
33 81
258 352
264 485
146 379
123 426
398 439
232 248
144 183
62 163
55 377
285 346
1 432
90 237
176 342
330 411
13 165
222 291
429 480
185 389
329 410
422 429
137 366
48 372
217 415
120 361
281 473
50 275
153 332
81 367
91 490
185 462
131 145
427 462
67 369
211 245
217 385
203 288
106 285
112 200
33 229
79 404
55 386
175 416
160 408
112 208
304 498
439 450
203 210
221 360
104 226
40 335
236 306
15 297
181 428
82 397
324 376
127 486
219 258
123 281
394 419
152 347
250 322
101 441
85 230
53 215
45 384
272 428
92 315
194 297
170 352
275 452
85 202
213 393
373 491
204 382
129 432
138 201
173 379
33 64
246 269
195 245
69 370
36 360
35 215
350 444
127 164
68 295
310 459
16 348
150 438
151 205
6 486
31 225
107 448
156 177
15 250
227 387
20 130
429 463
64 396
208 260
315 335
95 486
381 439
226 286
113 130
413 452
107 382
155 214
246 290
302 329
252 291
40 177
5 302
125 365
304 416
418 480
398 458
91 400
96 390
304 479
216 310
143 463
371 433
354 482
36 60
3 115
21 496
447 463
294 383
143 367
63 324
254 445
162 451
48 183
157 357
45 278
36 445
344 498
264 301
423 482
265 429
58 430
11 487
195 336
78 232
374 393
380 424
179 314
325 481
221 433
333 465
139 405
261 316
415 422
120 379
399 491
61 385
2 210
2 215
279 413
18 110
249 474
75 432
371 374
274 373
31 209
15 444
106 290
9 75
89 199
148 419
283 457
131 484
419 423
348 365
60 456
148 396
311 325
11 180
260 332
383 399
138 165
43 335
138 444
36 498
83 366
254 478
36 134
268 302
326 365
10 54
194 320
298 481
92 168
249 448
351 478
108 166
84 141
194 241
60 499
2 209
344 456
45 165
25 131
59 234
4 327
86 436
143 453
150 457
239 500
265 313
359 465
180 357
94 398
41 276
327 377
335 354
141 417
259 408
24 455
251 377
110 149
146 484
72 365
98 117
168 316
202 252
92 458
255 385
37 487
8 95
67 213
104 246
55 116
153 313
57 340
23 189
403 414
37 172
135 456
311 379
324 341
211 392
151 256
23 99
401 475
164 262
242 342
129 287
150 243
264 313
29 196
194 472
100 284
246 278
298 339
141 415
300 401
251 409
154 414
176 225
36 274
11 79
263 372
223 418
91 427
230 323
165 394
189 254
366 390
351 372
106 175
62 105
208 405
403 424
138 370
218 404
29 201
287 370
424 441
54 125
214 352
2 167
276 282
189 261
304 375
270 445
179 234
408 465
146 229
104 154
313 338
13 179
43 103
60 322
185 434
267 342
173 447
76 422
4 369
84 467
102 132
7 232
365 431
56 494
146 152
133 271
396 401
144 429
120 400
138 244
247 333
145 459
12 53
205 433
352 372
123 393
139 316
155 301
247 324
94 239
147 192
18 497
109 247
271 424
153 231
8 227
157 188
178 316
49 109
31 117
176 333
12 18
247 430
141 252
61 228
23 328
68 297
5 290
290 427
116 158
184 265
127 452
43 377
267 476
108 500
105 344
77 430
211 332
14 439
234 300
256 391
265 297
40 116
268 274
383 445
276 295
4 9
150 274
337 397
92 372
392 496
128 239
159 175
78 132
90 266
105 111
86 298
109 187
126 457
236 238
371 457
120 130
52 143
281 333
17 166
74 380
183 419
156 499
390 481
207 277
45 85
101 343
150 342
382 473
185 222
128 369
290 484
4 91
277 500
220 480
7 23
149 264
323 438
118 192
59 396
89 170
18 174
474 485
393 466
251 255
314 414
251 294
8 456
428 465
56 116
20 406
305 476
252 337
312 480
286 398
345 496
101 223
169 398
28 471
103 382
192 343
129 492
144 439
215 236
277 495
149 170
335 451
21 105
38 336
63 321
317 422
58 95
308 410
242 332
243 466
21 71
177 496
177 211
101 232
71 446
401 409
19 436
226 356
143 444
81 456
227 293
115 497
135 497
98 420
37 292
169 446
68 134
106 119
156 234
262 278
456 500
112 122
52 241
60 393
221 268
145 495
102 183
176 477
56 423
177 460
34 350
365 462
82 395
97 119
125 457
68 487
282 491
298 384
67 209
26 435
108 411
13 236
276 409
89 228
229 309
91 310
383 446
337 436
104 151
202 317
396 471
339 389
17 480
234 348
144 190
198 253
100 494
31 311
354 495
34 181
180 289
222 260
166 238
133 209
54 314
210 428
92 141
232 379
97 115
163 476
368 441
255 464
314 477
204 471
31 156
48 187
90 373
71 232
453 491
32 330
15 178
211 303
57 423
89 303
174 270
236 421
193 292
141 216
25 71
403 434
60 234
391 403
37 276
53 228
28 395
67 121
71 452
265 277
78 381
357 396
237 360
77 353
134 431
56 395
178 430
48 287
81 287
107 192
258 275
105 181
299 429
153 479
245 318
47 135
56 464
58 233
244 440
100 452
158 235
179 430
250 350
34 208
7 282
15 403
204 235
256 340
199 427
150 420
409 483
130 221
254 479
79 165
310 317
165 405
189 428
476 500
175 283
260 396
182 327
40 308
65 497
165 474
29 226
218 457
73 126
105 191
106 434
165 369
16 249
372 457
143 492
20 160
267 478
93 311
205 224
238 307
361 377
8 362
287 380
264 311
427 460
57 164
39 225
265 423
101 207
315 385
7 146
311 339
210 388
9 94
118 242
117 142
84 471
37 41
333 457
226 430
28 135
6 390
313 321
45 299
111 465
332 484
31 291
218 321
51 317
6 398
49 102
465 467
155 215
67 402
353 380
60 116
36 418
147 163
286 296
97 472
36 496
407 496
61 233
14 233
142 302
330 339
78 294
365 425
47 306
296 379
166 341
12 243
49 472
162 429
164 470
147 285
22 282
68 499
215 409
185 191
82 275
70 248
151 154
255 473
329 432
131 347
307 349
30 246
120 419
158 434
127 134
208 441
178 330
23 338
21 475
203 226
21 85
188 263
153 176
336 475
77 409
164 478
120 467
299 468
185 258
368 400
160 395
271 380
61 328
36 444
298 340
196 409
221 391
111 452
171 252
55 184
237 379
78 240
137 423
46 217
93 473
64 240
139 387
70 175
383 459
342 417
219 356
445 458
154 168
102 156
316 388
107 286
138 359
131 400
85 475
41 260
162 345
27 464
64 492
191 427
176 421
71 337
379 444
206 259
7 241
290 495
5 7
222 306
55 148
147 298
188 446
25 374
22 294
150 152
50 394
173 191
216 458
265 288
192 196
124 260
30 273
14 163
136 408
282 319
184 192
138 417
51 100
451 461
343 472
10 45
57 94
124 165
22 439
404 439
104 221
17 365
152 465
249 273
184 404
110 400
27 131
367 463
16 157
208 353
332 449
48 351
240 244
195 313
187 299
202 429
3 374
22 348
244 308
118 460
126 192
103 344
32 317
100 402
173 428
165 339
81 253
247 280
259 492
225 449
319 472
151 210
454 468
397 400
390 456
187 291
43 389
209 435
312 458
125 440
342 411
36 67
183 441
260 455
355 499
158 335
77 323
69 76
159 314
232 239
197 303
453 485
3 312
134 328
101 390
175 376
452 453
65 486
64 221
103 267
297 327
357 430
87 148
162 372
284 353
311 434
84 343
205 233
26 337
282 321
77 286
426 488
97 491
4 473
93 147
377 434
138 142
308 387
248 430
147 479
38 93
100 445
25 63
39 135
117 401
65 369
228 379
164 165
246 268
267 343
19 304
26 85
71 118
276 341
65 183
149 476
135 228
171 487
200 439
316 444
94 489
339 486
19 322
103 168
194 476
89 123
26 387
79 242
9 204
64 159
11 347
41 375
286 331
241 308
292 298
291 452
33 495
433 479
361 463
186 217
122 408
16 330
195 365
72 332
17 25
88 264
259 260
160 251
139 291
246 436
183 359
91 274
407 429
7 29
181 331
84 432
63 179
48 488
250 416
66 304
23 229
145 441
293 341
287 333
226 407
66 479
259 343
132 189
178 373
76 461
284 304
140 171
172 354
59 343
79 270
383 434
81 338
11 182
200 250
100 244
8 164
129 342
195 400
29 395
129 449
95 331
14 468
5 310
35 297
4 353
59 291
50 433
11 48
82 214
224 289
207 399
203 438
312 405
101 189
25 41
260 479
167 344
43 158
71 248
156 204
107 197
133 498
295 300
1 27
395 457
13 306
275 415
32 243
273 332
134 202
54 487
55 442
120 278
30 129
112 256
158 260
15 500
340 455
190 220
259 336
259 317
11 229
40 137
108 348
233 284
83 443
252 350
15 410
63 313
259 425
175 366
33 387
194 221
288 498
264 412
266 441
81 131
29 495
25 149
67 101
247 277
309 414
103 392
205 300
86 252
175 306
36 427
262 497
45 452
346 357
152 234
123 338
387 445
28 450
400 414
58 171
257 287
78 251
63 305
249 420
435 461
38 157
34 487
372 424
192 236
329 468
210 386
199 387
466 467
173 347
342 365
140 153
174 465
373 462
300 484
309 399
118 269
286 344
201 238
4 261
79 142
188 297
420 496
437 442
371 401
133 251
18 246
229 378
176 471
69 73
39 130
50 114
126 500
44 389
235 280
256 481
7 159
169 459
68 267
58 67
54 388
12 475
111 207
65 250
15 259
137 399
179 369
274 390
162 194
22 454
207 374
153 322
427 499
376 433
449 497
101 230
207 400
138 331
156 191
262 372
134 273
49 387
29 94
22 146
239 262
9 425
206 245
331 470
265 375
143 151
16 90
10 175
140 160
15 149
355 373
315 497
80 335
283 426
246 347
75 251
34 473
120 199
237 330
108 465
110 152
238 490
182 366
5 352
268 374
401 402
46 284
236 357
12 364
297 497
186 232
93 449
78 308
358 394
378 472
238 305
352 455
22 289
147 301
129 163
4 214
42 92
399 499
36 69
178 269
13 202
66 85
276 462
327 464
265 394
85 169
167 259
72 361
135 348
104 355
12 256
337 408
22 422
169 279
230 279
348 473
119 361
5 21
161 216
194 278
184 247
273 404
150 256
139 190
40 254
242 454
297 369
222 243
91 300
30 198
283 361
292 389
345 402
104 428
317 482
117 281
96 437
207 269
81 130
147 262
141 328
372 460
68 288
157 496
127 420
100 408
216 242
220 483
362 380
36 423
261 263
261 345
126 250
197 376
255 256
63 83
374 472
31 470
12 194
82 243
405 416
61 251
165 463
44 172
408 445
35 415
57 299
178 498
266 380
31 359
63 448
33 139
263 367
169 434
50 157
177 443
108 386
46 163
317 334
336 347
304 489
135 211
231 475
201 433
21 113
103 402
26 471
90 250
121 287
20 254
126 292
377 487
209 369
177 352
157 376
403 436
194 382
425 472
17 220
80 477
369 371
197 262
125 469
129 256
251 298
228 329
99 415
52 385
75 349
262 303
390 403
20 272
397 404
63 102
109 115
102 491
198 491
96 369
19 29
135 280
129 403
89 415
202 403
292 341
258 344
54 430
12 199
121 407
79 243
293 326
360 445
199 408
268 435
48 97
197 245
331 459
396 462
212 294
130 357
249 332
367 417
253 346
176 384
449 491
226 296
134 171
154 422
70 500
323 474
217 285
175 367
73 102
64 500
150 173
227 332
398 433
96 500
316 359
165 333
357 422
372 378
207 453
75 256
457 487
165 280
152 296
130 284
196 289
168 226
86 379
343 411
3 359
102 208
124 456
181 203
245 483
52 271
238 438
198 219
70 414
302 426
9 440
84 177
383 478
52 266
89 473
38 497
185 376
136 347
405 496
71 90
210 361
307 496
21 49
34 162
170 273
136 415
111 285
254 293
67 130
9 28
323 466
366 439
106 267
52 450
107 144
29 198
54 175
95 484
65 145
213 236
291 357
200 288
204 233
233 276
306 456
205 459
24 327
255 430
261 472
305 329
46 425
31 167
205 451
44 173
115 218
6 129
95 281
175 318
180 497
144 193
5 417
191 496
59 311
127 310
190 416
18 499
175 291
328 435
23 40
44 315
96 266
373 413
26 251
284 378
247 500
359 467
33 239
55 181
180 428
293 422
40 127
26 105
8 13
291 364
264 400
318 467
93 290
194 491
10 455
78 230
103 278
304 357
237 353
11 270
156 342
218 325
168 416
23 101
7 281
14 220
73 220
109 206
340 441
124 343
120 437
207 340
235 350
236 272
19 147
189 443
101 150
23 351
178 359
170 455
419 462
370 388
31 90
73 118
59 350
207 342
12 451
418 494
135 496
59 355
287 475
281 385
198 299
74 133
16 261
260 358
155 480
124 427
39 95
67 151
21 193
119 196
94 495
357 487
295 327
103 446
220 366
288 357
244 442
155 191
283 347
12 257
279 375
160 464
227 266
137 250
42 138
231 446
191 292
18 292
219 354
44 296
123 365
93 270
284 391
18 63
235 397
230 347
160 171
100 186
60 447
147 375
333 406
304 309
251 353
98 208
400 442
113 131
104 326
68 304
54 147
9 491
440 458
379 426
136 189
29 111
67 222
439 465
442 454
27 489
67 417
101 256
31 435
53 154
112 136
51 200
387 489
18 165
38 397
351 394
142 328
135 241
102 305
253 399
147 260
211 463
275 347
55 421
23 237
269 303
295 395
22 217
114 383
280 467
114 388
1 227
210 472
266 276
19 275
5 235
8 454
123 214
53 279
35 213
274 319
87 348
376 432
128 408
83 191
101 181
31 301
99 104
368 478
125 374
97 471
85 211
13 135
62 321
131 431
259 299
334 446
204 265
151 281
130 180
55 89
294 410
356 459
179 471
122 480
174 400
366 463
303 343
183 193
291 331
276 383
90 413
191 371
225 324
136 217
201 468
71 247
21 244
209 257
10 218
348 424
106 236
83 256
61 378
198 209
101 168
135 202
228 358
49 275
201 223
222 493
271 289
13 456
277 298
351 435
7 87
268 383
50 422
148 276
51 444
62 229
72 291
276 395
218 277
145 289
47 61
206 218
294 343
268 405
369 435
233 305
18 153
233 413
41 237
227 379
81 273
248 431
187 229
228 470
133 211
190 404
27 194
165 289
183 216
92 216
124 172
64 271
132 360
7 215
35 383
473 496
40 234
63 109
1 309
69 448
109 243
231 500
60 467
186 315
62 190
35 437
41 202
141 319
32 468
322 484
3 493
420 471
55 489
245 427
103 238
29 423
115 305
397 406
124 240
47 241
152 328
138 498
239 308
122 495
5 279
413 469
309 341
232 478
304 370
20 319
215 467
182 210
70 253
176 350
235 314
358 442
351 429
49 100
159 257
228 312
35 272
22 145
134 177
187 371
41 274
22 70
181 235
34 182
57 157
119 292
310 434
187 396
101 121
58 176
16 259
61 425
206 239
78 355
197 207
83 474
98 398
35 112
236 499
26 270
58 98
204 490
12 240
296 347
132 160
39 257
190 465
66 483
16 398
57 357
251 324
57 73
218 366
22 155
99 413
378 459
55 302
30 378
28 494
57 454
24 291
305 308
190 239
49 386
20 127
12 393
145 466
53 401
72 323
272 376
68 158
217 245
46 356
280 332
26 351
70 410
72 488
31 349
1 451
28 231
174 205
3 190
3 138
248 455
412 478
114 214
191 347
193 471
294 456
244 311
331 490
196 441
192 484
153 169
105 315
27 291
19 81
288 346
12 228
214 362
65 339
83 385
142 500
24 329
173 179
77 390
60 271
84 336
336 389
229 444
155 324
229 333
242 253
96 264
6 64
102 279
107 444
193 368
87 189
87 437
15 59
378 460
89 312
198 261
196 408
7 421
20 307
246 495
21 363
139 388
433 471
254 460
139 250
130 379
74 92
20 71
133 460
331 468
155 292
46 328
231 266
361 487
77 171
53 198
185 246
46 235
256 303
82 320
94 423
28 194
369 421
200 344
279 449
92 105
181 221
39 44
295 445
219 451
198 419
135 413
338 386
214 224
163 183
261 329
309 458
251 293
266 403
164 169
186 221
187 228
371 477
36 189
143 214
315 494
48 290
182 355
42 409
82 174
13 483
1 296
37 195
274 385
55 266
62 415
265 474
368 420
104 404
55 183
280 460
49 240
398 447
31 429
258 463
38 137
411 434
103 389
20 171
92 145
161 396
63 186
35 368
15 276
134 154
93 416
33 438
71 281
50 241
10 466
281 460
122 282
82 362
338 375
127 469
9 238
86 96
31 425
366 443
75 318
231 341
102 286
297 473
190 476
126 293
336 340
461 477
33 348
6 176
26 490
68 275
11 284
14 108
197 259
150 388
196 320
41 258
452 478
83 188
306 339
18 411
256 461
93 216
189 272
341 386
195 423
200 389
289 467
147 465
112 154
233 383
29 356
109 400
178 282
171 319
93 144
6 125
417 436
10 452
50 313
16 338
120 407
125 494
395 487
139 330
157 286
106 258
54 465
33 98
194 473
325 343
47 125
83 368
142 421
393 395
157 487
267 415
236 462
67 488
172 184
135 443
30 235
195 210
59 333
89 379
42 160
4 425
211 269
195 340
27 292
132 351
299 435
120 385
235 343
107 214
5 277
169 368
196 275
46 265
8 75
123 381
95 216
260 311
202 479
73 294
230 463
19 442
190 326
33 425
44 67
232 287
367 498
19 234
192 398
63 235
111 438
93 275
76 352
241 262
109 213
199 411
191 219
234 469
7 432
141 487
291 469
318 350
133 479
186 463
287 405
274 417
186 341
220 302
187 357
13 431
122 147
166 395
261 382
200 474
420 480
49 476
193 428
271 325
92 446
88 378
250 476
6 485
163 198
371 478
78 312
206 444
47 479
29 130
29 290
202 219
191 494
54 106
38 378
240 443
70 102
286 298
22 491
126 205
55 144
208 224
59 90
82 417
325 387
195 352
211 475
461 484
233 387
171 241
196 268
201 231
71 457
8 142
5 306
140 178
182 490
20 260
210 328
134 484
117 375
159 438
65 96
88 240
63 258
97 247
104 397
155 266
113 172
35 288
372 453
40 163
129 323
122 267
293 459
306 332
79 96
367 487
74 155
37 441
60 128
455 499
26 98
374 457
330 384
217 218
310 338
12 219
36 93
81 340
199 284
315 479
406 479
87 444
8 271
1 121
162 479
309 438
136 247
134 366
21 297
234 383
101 107
106 357
353 396
156 228
53 465
252 463
273 421
40 455
173 398
224 432
170 229
134 375
146 347
247 292
54 307
290 419
163 352
248 469
92 247
196 248
60 344
106 173
382 388
97 180
148 250
46 48
133 186
7 255
60 367
111 242
319 377
447 474
135 206
265 339
128 396
337 459
174 288
382 479
189 242
237 291
343 347
350 384
344 370
115 153
248 283
6 140
292 486
303 351
59 188
42 310
296 317
109 388
208 449
330 363
140 169
216 235
138 301
233 472
99 194
41 455
162 418
157 312
65 87
88 106
238 299
286 293
20 366
182 500
163 398
311 452
67 421
9 164
32 247
79 220
45 103
115 198
315 450
222 239
36 239
256 499
414 458
46 338
40 275
444 493
292 403
98 220
112 495
57 378
157 212
42 150
180 220
60 199
200 367
182 225
40 358
139 195
35 375
23 217
243 427
155 305
66 400
90 392
72 154
240 380
149 482
241 493
46 382
113 145
327 405
477 488
139 431
104 133
35 298
197 378
190 286
202 460
187 465
162 254
354 456
77 179
112 130
282 300
32 72
183 456
8 256
58 384
81 177
235 445
390 466
190 461
122 133
332 427
88 469
10 324
363 380
116 133
189 222
14 360
59 306
162 379
43 383
62 221
177 354
286 467
304 377
177 200
74 443
205 444
108 346
317 351
414 462
418 493
29 63
255 383
186 396
22 255
152 467
48 131
26 472
29 243
111 229
143 466
253 384
38 248
30 410
360 432
9 125
62 104
176 220
401 443
230 260
40 64
194 453
90 202
122 368
34 124
55 449
236 360
297 308
51 430
9 91
96 490
176 380
106 324
141 376
78 387
161 476
39 178
93 119
222 496
86 473
47 275
117 288
134 175
428 452
106 229
147 237
53 186
40 118
171 355
100 267
291 421
244 296
112 113
164 212
371 425
267 334
72 472
67 265
24 345
155 315
37 146
97 256
223 287
27 232
174 249
150 389
86 232
105 217
470 488
188 312
128 230
330 370
140 493
307 337
3 122
33 352
286 336
197 320
278 366
395 500
125 338
229 467
17 265
296 492
57 220
51 115
31 37
12 262
146 474
30 317
184 307
61 88
376 399
197 489
148 234
100 110
38 440
156 294
48 113
394 491
229 379
238 287
268 316
182 241
194 408
367 486
21 311
46 392
85 478
39 116
313 485
369 393
40 178
222 300
74 131
110 291
135 390
160 250
131 261
21 108
31 159
51 68
442 480
72 223
172 245
258 418
384 493
264 475
20 320
366 410
66 229
144 307
89 211
247 340
7 89
1 4
133 465
395 446
39 112
48 250
358 440
162 332
251 395
24 270
13 266
212 246
89 178
402 477
74 337
1 119
172 175
175 233
187 274
335 369
348 442
409 437
54 156
19 374
246 265
114 324
128 442
274 314
217 423
107 295
81 246
171 496
13 366
77 377
248 392
46 310
53 418
228 423
74 119
201 310
65 367
2 18
13 55
141 489
178 243
356 396
207 398
205 488
327 341
39 101
106 111
26 425
4 97
200 470
297 381
101 396
211 421
310 367
158 315
88 105
202 235
80 450
346 486
294 352
89 266
163 178
18 148
96 491
17 436
164 500
259 262
128 416
189 469
152 392
147 151
205 389
70 411
150 320
25 33
60 374
27 440
37 286
282 471
29 340
261 293
315 447
270 424
115 189
122 486
334 335
198 353
9 193
415 480
205 258
149 176
107 397
66 398
39 466
291 396
226 390
29 316
70 303
86 99
81 368
45 467
248 404
135 372
149 488
20 67
346 442
136 396
325 328
71 296
41 62
70 142
83 252
97 208
28 396
51 297
221 242
34 390
340 407
275 431
226 405
117 259
70 416
69 417
73 364
219 351
115 176
147 178
103 112
138 189
315 325
434 475
263 440
30 53
48 298
226 302
268 458
277 382
68 268
107 259
435 448
310 456
35 58
7 311
165 245
38 429
128 347
50 164
419 448
111 114
69 161
51 310
38 171
273 364
307 334
87 235
338 383
110 380
23 438
284 339
81 421
385 463
336 456
34 498
14 247
129 154
297 332
404 406
383 393
32 342
124 481
12 205
136 314
88 232
202 241
23 261
110 446
137 298
91 120
45 277
43 385
359 429
171 254
238 453
148 233
186 428
140 398
70 360
53 117
34 477
323 487
25 242
87 250
327 423
120 182
298 357
224 412
25 31
74 453
36 353
148 289
203 402
297 374
250 405
378 382
145 326
196 215
1 373
188 277
111 193
81 242
225 342
367 405
228 357
15 439
100 163
220 274
223 382
87 354
392 440
431 484
7 450
55 86
186 247
140 292
238 429
271 298
191 446
308 437
18 90
177 425
426 469
23 455
131 171
182 414
169 191
261 375
83 460
1 178
184 497
200 382
63 151
56 164
60 149
307 485
295 367
161 218
283 330
215 290
153 158
52 240
317 390
1 247
326 364
336 387
420 460
417 486
130 334
125 379
21 428
53 70
55 253
32 282
140 469
204 351
200 403
239 359
200 211
188 225
121 131
97 361
238 388
247 268
430 491
61 472
217 318
323 337
365 419
114 306
385 437
147 494
263 398
311 315
81 373
81 223
110 358
207 432
438 452
14 344
320 413
55 370
308 415
44 469
206 421
32 158
34 359
271 369
14 390
274 482
97 185
246 470
117 494
447 458
222 490
59 419
177 264
297 305
242 443
102 350
78 492
275 326
423 486
198 254
37 480
301 340
26 186
250 314
37 296
62 404
298 453
165 255
371 379
124 488
187 279
75 145
376 483
374 497
58 409
192 301
200 260
331 409
122 366
107 129
43 318
352 495
268 317
13 338
5 76
130 405
124 453
227 335
145 391
185 433
119 256
324 449
302 388
157 276
22 331
215 274
39 316
32 380
119 294
81 279
396 402
255 342
384 483
20 470
167 492
31 407
4 280
402 467
232 298
253 286
29 93
228 449
350 389
285 290
291 335
329 356
54 311
95 289
9 334
247 336
5 208
343 420
238 431
312 427
107 369
312 370
13 471
61 200
216 313
97 439
258 321
4 469
238 304
339 485
181 193
61 390
68 480
301 334
300 421
386 399
451 484
228 425
182 467
413 429
201 241
212 372
48 201
22 328
72 453
37 218
227 462
241 269
17 182
65 131
381 414
30 211
137 500
15 325
384 436
192 326
183 329
181 338
306 374
340 461
345 396
18 357
196 308
199 236
36 52
136 382
148 167
55 295
108 273
102 176
83 119
156 195
321 364
73 140
71 240
29 136
183 378
238 381
102 140
107 274
325 451
271 478
6 278
303 382
160 474
165 337
8 55
34 206
24 211
218 382
132 232
186 362
96 430
181 416
86 273
54 225
49 59
122 238
123 220
71 205
449 488
78 419
184 400
9 329
139 479
374 424
170 272
234 240
91 158
266 444
125 403
264 479
32 278
111 276
172 379
56 424
217 327
170 379
142 214
266 493
251 380
65 161
111 140
218 348
193 401
73 320
188 304
188 496
271 319
57 337
130 207
169 214
343 479
296 441
50 263
49 128
58 422
202 355
78 333
7 452
28 307
215 424
326 451
447 475
253 453
129 381
77 288
204 304
8 358
130 469
39 456
367 457
216 282
121 333
193 475
301 358
196 258
355 451
214 237
243 359
113 375
106 423
210 314
36 231
462 475
350 361
51 302
142 369
225 295
180 476
199 252
317 412
44 124
73 96
97 331
151 348
165 271
54 256
238 391
361 439
22 170
116 129
111 364
81 238
28 403
105 459
290 379
38 399
318 496
194 417
382 498
101 328
109 450
56 243
235 297
295 487
165 239
174 176
222 253
2 139
170 174
234 319
183 374
343 393
9 162
171 394
59 120
408 418
350 393
111 375
225 323
246 483
113 120
196 315
38 252
390 443
89 213
125 145
31 197
329 405
34 324
110 206
335 411
141 375
92 277
185 329
28 470
270 396
250 372
124 381
166 448
324 435
140 200
229 400
78 160
84 337
159 368
245 305
92 415
173 458
113 254
162 411
190 458
185 497
103 186
55 260
182 399
134 260
25 150
327 427
209 353
162 455
350 355
275 434
194 383
365 400
27 496
14 450
86 181
376 428
172 434
134 183
37 399
155 284
209 386
17 395
104 288
8 281
199 497
122 256
322 359
235 494
263 381
192 392
57 216
178 351
239 356
106 281
92 206
95 110
53 164
129 165
107 479
313 434
40 438
139 229
189 296
243 316
213 446
37 334
171 265
95 238
102 211
63 425
426 464
3 156
169 358
44 122
364 452
116 475
248 413
18 91
2 235
241 447
236 352
266 435
240 345
341 459
299 494
116 471
186 248
147 448
266 335
365 408
24 423
203 277
331 349
5 269
313 487
292 468
259 449
112 276
355 445
121 193
210 325
75 210
17 360
7 192
143 283
89 474
72 398
359 492
246 283
31 327
58 349
142 344
149 470
91 406
279 320
288 301
263 457
67 334
118 248
129 171
27 169
326 390
34 242
335 420
204 409
282 369
59 455
34 424
324 413
279 499
190 287
277 468
9 69
66 74
21 321
14 26
23 150
186 267
147 332
139 326
426 478
193 276
66 469
395 396
341 355
228 362
72 308
2 257
14 493
107 355
250 343
100 131
171 458
127 320
204 286
13 330
276 467
35 427
362 397
30 184
156 450
312 430
260 340
2 182
24 393
166 434
436 468
332 381
15 134
172 294
2 421
70 288
259 416
29 464
104 368
175 402
62 219
78 323
464 493
167 254
220 444
4 199
103 165
144 200
61 135
162 179
142 281
1 95
212 288
168 458
216 252
223 471
299 349
36 318
115 494
47 69
180 226
156 158
251 492
350 362
242 294
137 247
150 238
315 341
198 454
92 445
92 252
152 373
149 418
50 197
14 410
316 357
383 493
134 211
45 339
4 495
73 112
176 432
6 336
110 125
6 227
355 413
43 56
359 368
187 330
37 81
5 362
35 271
175 221
169 295
259 283
410 481
51 103
174 486
329 344
32 312
240 396
92 204
53 218
183 300
40 184
55 294
378 410
22 175
139 194
305 437
322 481
98 112
40 372
49 430
66 421
56 412
3 338
86 151
242 298
75 243
138 182
154 198
78 347
6 291
315 358
102 330
178 251
214 428
146 246
176 227
348 382
116 206
276 442
83 357
80 251
147 218
24 50
18 320
291 482
60 469
63 119
178 207
298 395
195 322
184 369
282 410
144 245
134 146
101 360
25 192
116 360
76 303
355 479
307 397
305 490
63 369
29 55
57 240
236 399
92 201
119 343
161 464
228 283
218 431
126 258
91 278
165 439
121 420
51 265
426 436
264 500
403 494
206 211
65 476
111 385
254 365
457 475
38 186
261 282
64 470
400 453
29 159
380 410
143 431
109 332
300 491
200 262
393 442
27 401
276 356
220 467
287 463
256 349
282 377
38 299
398 487
75 110
426 452
180 190
3 497
174 294
117 463
124 276
55 249
184 398
237 493
23 482
124 463
155 429
170 304
427 471
115 482
180 317
19 269
34 479
77 250
237 405
331 433
18 94
236 496
293 353
392 443
3 110
66 338
240 254
187 205
67 226
150 292
178 293
155 487
140 362
266 405
137 335
84 369
23 175
55 179
53 88
34 166
24 303
433 495
73 153
306 439
227 319
23 279
60 413
213 361
79 447
197 329
324 440
92 143
48 435
294 468
286 299
10 90
25 159
262 468
50 459
138 448
7 227
462 473
121 245
26 470
95 430
67 476
202 272
140 142
66 382
359 466
251 449
85 254
26 392
48 365
15 291
72 372
131 418
154 162
44 441
163 205
176 371
165 365
280 350
25 158
68 376
45 168
290 423
7 390
93 404
68 443
15 217
279 371
61 466
71 285
69 72
107 364
245 453
422 445
125 157
16 364
114 220
92 367
167 189
3 228
79 259
35 229
135 388
76 241
111 238
435 466
42 133
177 415
26 333
229 373
440 481
372 443
28 481
400 405
157 224
43 476
19 477
87 484
113 303
21 332
321 324
297 325
229 476
73 157
54 139
283 312
146 342
31 292
191 320
180 213
378 455
182 412
88 109
110 211
22 40
126 241
76 372
6 119
166 404
12 344
344 358
86 480
341 356
261 372
281 488
13 46
395 435
74 144
63 254
62 191
153 237
289 460
211 272
13 272
28 235
419 459
76 105
162 394
13 106
147 404
87 410
219 297
432 472
287 392
281 291
12 392
77 306
98 358
2 348
214 372
42 191
278 330
5 322
445 489
157 185
31 293
111 124
153 347
192 296
33 94
110 423
133 283
317 364
276 373
237 314
74 480
80 219
290 383
85 186
104 497
359 360
98 338
272 450
47 242
16 412
216 316
38 350
369 385
145 475
76 484
225 347
15 199
165 212
28 301
199 377
59 271
134 477
160 215
175 308
3 169
34 408
122 344
249 419
45 330
40 235
100 271
153 342
166 324
29 492
15 207
84 335
242 473
64 485
204 486
66 499
160 476
14 100
55 381
235 245
44 410
126 174
208 459
36 219
120 295
240 498
84 351
270 470
19 218
177 190
363 497
32 89
69 479
191 388
170 447
129 378
4 196
199 425
150 193
57 452
140 373
38 490
171 350
44 440
35 462
104 111
334 407
246 327
151 258
59 157
131 500
460 474
76 399
235 363
11 68
134 414
275 314
129 427
11 198
140 217
140 249
95 447
69 115
190 193
148 316
224 441
245 395
14 92
107 193
235 464
305 497
308 404
429 457
75 370
293 379
62 354
453 469
77 401
141 153
207 292
146 281
298 367
185 468
288 373
86 395
118 254
174 476
52 220
164 411
155 268
11 240
230 426
222 463
305 495
252 265
41 76
410 422
44 361
253 404
50 375
155 296
50 136
22 250
139 282
84 123
92 436
73 285
251 391
169 486
409 454
245 424
98 304
58 407
138 423
348 370
268 391
149 363
108 342
11 383
248 251
250 447
173 444
112 335
110 337
116 364
82 313
359 434
46 94
94 120
39 488
229 348
252 492
121 408
77 280
101 348
84 447
53 234
153 459
237 427
434 457
119 260
230 318
101 173
21 430
134 172
63 251
442 481
118 453
139 178
253 327
71 88
204 469
133 247
15 466
375 419
110 230
356 411
256 466
136 437
170 463
44 87
374 470
123 332
161 467
230 241
168 371
73 470
87 428
482 487
48 120
185 472
191 422
116 291
78 348
21 361
68 225
62 154
287 490
45 88
308 350
22 36
61 203
220 244
181 301
139 412
191 208
234 467
225 340
52 414
6 495
66 427
54 358
52 319
10 296
146 301
179 437
32 62
62 370
182 494
25 240
262 277
229 294
379 394
442 461
5 158
10 323
14 391
226 450
199 447
64 139
324 411
43 302
124 319
253 260
115 221
9 417
33 457
300 365
219 315
21 261
399 472
112 219
129 189
304 436
77 365
112 294
284 408
268 482
84 494
66 230
19 443
256 319
335 472
21 229
110 213
75 454
101 253
32 78
159 449
149 448
28 89
272 378
187 486
69 142
124 352
107 323
167 459
269 306
264 272
83 163
166 200
6 166
209 280
89 223
86 360
121 391
297 461
36 483
31 404
166 228
112 223
23 114
216 222
122 352
5 375
135 290
283 447
59 380
55 152
268 500
113 206
127 162
247 327
119 339
40 493
248 479
89 235
126 436
369 414
335 485
155 202
381 426
308 462
448 478
70 299
470 484
112 323
5 162
196 260
197 365
150 371
55 472
120 170
131 314
94 308
381 442
209 396
265 282
233 293
153 329
145 494
18 344
8 397
63 423
197 390
20 298
402 461
407 438
495 500
79 99
85 290
289 469
346 459
352 393
90 254
77 283
176 251
43 69
335 350
151 249
47 284
389 430
127 347
20 99
11 134
67 430
35 394
2 242
283 442
32 377
190 391
98 195
398 455
150 187
226 370
443 493
247 372
245 402
3 242
266 314
240 251
84 284
164 200
169 453
71 234
237 416
80 141
79 157
240 289
369 434
116 363
25 227
184 185
116 200
42 337
426 432
198 225
12 61
80 272
279 433
46 84
45 471
246 340
81 218
13 25
348 355
91 433
98 178
173 469
65 267
6 272
109 229
480 483
62 450
233 268
161 377
248 436
136 139
115 427
176 402
18 282
3 154
454 497
135 205
73 307
18 99
51 413
217 246
17 161
186 235
361 492
110 122
34 151
281 330
277 282
291 313
63 134
291 346
360 433
76 254
437 468
74 479
14 469
171 224
339 344
45 161
74 226
8 452
103 115
44 85
90 243
47 169
32 419
27 203
141 256
179 283
239 365
118 328
437 475
28 173
83 113
31 213
13 223
29 259
368 372
133 304
139 172
483 498
51 289
52 87
21 343
1 125
219 257
24 298
193 299
213 384
37 49
330 365
222 458
454 479
69 481
39 242
289 416
46 286
134 213
115 316
145 291
284 346
264 459
12 224
307 458
55 57
149 315
375 442
351 482
307 309
303 377
21 212
299 436
49 173
327 474
20 148
160 412
17 346
181 285
81 315
81 154
277 433
11 292
401 463
9 44
101 251
50 346
81 335
297 310
261 319
313 486
426 444
103 424
348 450
153 433
103 357
38 107
365 451
287 432
307 411
55 446
14 138
93 361
148 317
58 483
108 145
145 348
14 465
60 245
89 479
80 391
262 476
15 451
183 308
336 383
223 411
307 467
124 254
302 321
127 307
220 409
145 434
194 463
276 331
193 342
184 341
11 468
367 372
58 305
40 452
82 352
83 273
135 363
396 487
94 192
221 265
59 388
377 497
246 407
179 319
131 363
23850 40123
14574 20180
39951 23622
26075 25762
26410 11942
18409 22055
25034 36476
33161 17702
19318 36546
42266 22669
21809 27392
21586 28236
23548 26562
28384 40807
11421 38729
37967 19018
13471 22145
32046 38750
17562 38451
28526 11225
18356 17532
21003 32474
37992 27262
41967 33973
14982 21077
23059 42123
29307 18764
26855 11295
37331 21073
31988 13796
10492 23719
42687 13659
11853 21211
32241 40347
23110 38393
32694 22065
39194 14591
11363 29227
13674 37010
10331 23920
41044 27376
25651 29779
31404 33830
36884 14695
17289 35459
24161 40340
20484 18252
22938 36458
28732 16305
20865 16054
26014 25088
41851 23891
36451 37657
25144 11843
27225 12322
41110 14846
23783 22652
25539 34570
20555 37877
32930 37324
40487 10559
26737 30366
24892 14497
10408 33314
38005 28396
41508 39893
41767 25777
15236 16103
20119 32177
37588 30026
36029 23701
29289 35081
17479 16095
36107 24539
35297 21793
17754 13560
17076 27500
33898 42283
20524 30220
25521 16680
10495 22130
11811 39457
33643 27762
31899 31892
29887 18351
29053 19815
10780 36179
22425 15670
40573 26115
10323 17900
29173 34834
15617 42640
17976 12788
12181 20834
17501 10486
11900 32807
12258 36909
18374 25281
10993 11180
28550 39938
36833 25594
17788 32962
33792 40388
24049 19759
10128 14798
37347 17509
34575 20783
39522 28223
12732 33214
31546 26476
39254 24264
32978 30661
40743 23044
21844 25309
29249 14536
28942 42714
41736 27004
27161 40324
36848 19792
26424 13212
36744 18986
14850 10863
31672 14562
25668 38827
33350 33714
36001 38768
24223 35048
42619 25770
24789 38366
20759 19359
26084 36396
12795 10948
42297 37660
20123 30165
30581 16223
10549 28452
31342 19198
42234 35634
13942 11155
30062 12924
10465 33976
40209 21911
22465 31936
16191 34687
21236 18853
18773 37421
18017 35394
14101 14695
33150 16322
30284 40924
38934 31577
11697 33392
32841 37938
27409 15829
20948 31144
31913 21083
35474 30136
31188 23049
31811 29622
16102 42220
18317 40768
24663 28591
34880 28529
22820 26732
38622 29270
30834 30146
33627 27814
21108 29736
11553 41389
14480 23936
40023 22410
31933 36592
32867 27546
33840 41197
30637 35636
27959 34200
33958 25751
19557 24910
21514 25632
17647 20858
14434 20929
32854 38318
32460 25262
18758 20211
33022 37721
19903 18781
39049 23969
19570 33762
22363 40774
12654 27243
10632 17569
26107 30252
17482 35730
22470 10289
34374 29369
31551 37434
11536 10473
19776 25033
33778 37081
38895 41337
28649 11549
32485 42129
31985 34901
38544 20697
20610 28069
35541 15021
42331 34149
39162 18255
13438 10777
24772 18818
12156 35235
20700 19540
12274 26295
12919 32827
16468 36496
38966 32355
25065 22241
13387 22087
13335 14351
23006 39295
41185 22429
11695 23000
12974 38632
18940 19882
30540 31252
22949 36454
37940 31558
28302 42351
28688 40467
38725 23339
38266 22329
30693 31833
13063 40077
27194 35237
23684 12597
26917 34169
29055 33303
19266 21527
19722 42641
37065 25061
41659 22891
18610 33799
11511 32266
20765 18227
36976 34278
30448 41153
39149 19006
14530 13826
13130 11786
12536 11731
18623 39985
27437 16498
24421 13820
10456 31120
41973 17866
22824 24743
16595 18950
18483 31629
42572 11351
18768 24394
10268 30998
24769 17191
37940 11013
12438 18951
42682 24382
11469 30202
32592 34153
23230 31248
31641 24626
40887 24171
39673 27131
25315 10904
20381 29133
34416 35360
24764 33941
31728 40793
16924 30349
30720 30850
34007 41208
35112 23311
17759 10258
38403 22850
15040 23879
34464 26107
19237 37283
40231 23249
18846 27786
16832 42081
16672 39593
17840 35046
28878 26924
25029 15627
23926 41265
29685 15101
40031 14205
16450 36803
15170 42094
14561 37586
27030 30769
37274 15324
18192 32565
41586 35562
31595 35552
23944 13994
31589 12928
23613 38154
40714 41092
18327 29189
27956 16364
40936 18621
16467 24062
10154 37579
10346 37947
30126 41427
11866 36497
29302 14171
23651 33234
17631 20189
12264 26213
29186 19994
22642 19260
13405 36786
26616 21765
20014 31730
22622 15781
23328 41965
35387 26594
25897 37582
41183 23391
16563 18796
24469 15566
29690 38943
27685 38497
11701 19155
39581 33921
36600 23386
42577 39619
19545 40455
31777 38168
27218 40056
31226 10564
39142 37555
18336 35985
29319 17013
11434 33220
41528 37062
34766 33616
13551 41425
19294 24010
39485 26355
41747 20125
38960 21266
42762 31487
13945 10544
16396 21283
25802 39231
41234 13744
24706 40759
31240 26483
40332 22631
18386 13136
13956 17160
25997 18047
10268 39960
17175 40181
23487 20326
25809 37407
17780 11753
37027 27094
39172 24149
19521 26000
23135 15344
37037 14803
19772 38818
22270 30704
34816 36684
25183 16365
11745 28507
27482 20163
37963 21149
36951 15562
22402 29779
12127 32881
41610 26759
36134 35122
11844 11936
27977 34501
15321 21043
32724 12436
36443 36380
18439 41328
10154 42446
24666 39810
19605 26855
16318 18564
37954 38152
25638 18993
34512 35299
34374 12025
36666 33685
15002 40698
17535 20279
41899 21804
19968 11695
39310 14555
26409 22732
27309 11099
18003 24211
39370 24055
27369 18131
15680 17450
38602 14080
25484 30226
30447 34877
41229 38689
16206 33723
11016 38166
15870 14658
41967 21291
10651 41997
31971 38288
12012 37339
36983 16665
33219 32835
23223 17204
29989 25672
29289 13853
24235 36909
10130 38229
18728 11147
27452 38480
14988 29088
25719 31085
37129 10730
22174 26412
15220 36596
15579 11676
20717 38769
16109 29202
19394 21895
25385 11040
27537 24685
41407 30405
33453 31800
15679 41186
12995 29682
33884 28141
23742 23021
24815 32233
18407 41558
22591 23446
17489 19469
24703 35813
19572 35764
12184 12718
27160 11527
26409 39333
25205 40555
16844 17035
28056 23241
42396 13729
32008 42396
16372 17250
21930 19785
36473 30833
32994 26544
31066 24273
22779 15616
25302 24404
13513 21711
20479 22358
30348 22890
36542 13994
33304 17769
32024 14805
24115 36743
21935 38010
34111 18609
42380 40982
10521 24669
20251 25326
28224 33565
15991 33605
25146 18292
13032 31441
12595 40168
16811 40560
24296 12632
30193 19992
34499 16528
12841 24844
26439 33307
13954 41558
15535 10584
28844 29041
11986 11217
30943 23366
22090 16839
24607 16218
40149 21778
0 7
10 0
