98093
56896
97601
97332
98093
97743
99977
99148
99977
97332
98093
97601
99977
68107
27015
-1
98093
97601
99977
97743
98093
99303
97743
97422
99148
99148
99148
99148
99520
98093
99148
84723
98093
97601
42986
99148
97422
557
99303
20871
57507
97601
89747
97743
99303
5454
98054
99148
99303
97422
97422
97601
99303
99148
97601
97743
36321
97422
98093
97601
99148
97601
98093
97743
99977
41855
99148
97601
98054
97601
98093
97743
99148
99148
99520
99977
99520
42665
98093
97601
97601
51716
87563
99520
97601
97422
18263
97601
97601
7994
98093
97422
99148
97332
26632
99148
28015
97422
97743
21083
98054
99977
99148
98093
98093
99148
99977
98093
97601
97743
99148
97743
42122
97743
99303
98093
97601
70056
84406
78209
99977
99303
60166
99148
99148
99977
97743
72843
1626
97601
97422
99520
80854
12152
8630
98093
97743
99977
97743
98093
50069
97743
99148
9048
98093
99148
99148
97743
4240
68558
99148
99520
51299
97422
96132
99148
68558
99148
97422
83352
97422
97743
78001
43665
43374
97743
97601
97601
98093
98093
58593
97601
98093
30603
97422
99977
97332
97743
97601
30338
99977
91144
97422
97601
71215
78209
41123
99148
99148
97743
99148
97743
51811
97743
97601
34118
98093
97601
97601
7994
97601
99148
97601
97422
99148
97743
97743
48952
99303
99303
61475
49143
98093
99303
98093
97601
99148
99977
82501
99977
26919
33408
99148
98093
61897
99977
99977
99977
97601
16170
98093
99977
98093
99303
98093
98054
99148
51752
99148
97601
99148
97422
99977
56193
75465
97422
75888
99148
98093
82011
99303
99977
98093
46904
97601
99148
99303
13881
99148
99148
99148
99977
22362
99977
72914
99520
99148
99148
99303
97601
99148
97743
4240
61897
18263
97743
97601
79455
99977
59106
99148
97601
97743
97743
84733
51811
99977
99303
22943
97422
65657
98093
1684
97743
99148
40354
99520
98093
97601
97601
98093
97332
13097
99148
97743
97601
99148
98093
97422
87563
97743
99977
98093
98093
97422
99977
16442
92308
78886
97601
1853
99977
97601
97422
97601
97601
99148
98054
10120
39951
97601
98093
97422
99977
97743
98093
99148
97422
99148
97743
27015
97743
28874
36974
97601
26544
97422
68821
97743
98093
1853
97601
99148
98093
99148
63571
99148
98054
84838
97422
99148
66037
99303
99148
97601
99520
97332
99977
97601
99148
99148
97332
99303
51811
98093
97601
67189
97743
99977
97422
98093
90169
99520
97601
99148
85168
98093
96663
99977
97743
97601
96864
98093
97601
60459
99520
99148
63571
97743
99520
98093
39209
97743
97332
97743
98093
97601
99303
99148
97422
92996
98093
99977
97743
99520
99148
99148
99977
97743
48802
98093
97601
42122
21171
99977
43904
32308
99148
97332
98093
97743
26544
99520
99977
99148
99148
54185
99148
97601
97601
98093
28947
99977
97743
97743
65657
99520
99520
98093
46535
99520
98093
99148
82399
98093
99148
99977
97601
99148
20871
99148
99148
97601
99148
97743
97743
87563
47353
99977
97601
97743
98093
98093
72060
99977
39259
7159
31282
98054
98093
99977
40539
99520
99148
99977
99148
97422
99977
98093
97601
28463
98093
99520
97601
97743
98093
97743
87999
97743
97422
