500 500
58700 58329 38936
58593 58089 95713
74878 74250 30004
51571 51170 4553
9725 9949 37635
92308 91930 98141
88505 87906 72928
41032 41450 65597
34312 34419 58072
70056 70152 20831
87721 87370 21095
22362 22220 31403
58640 58163 46714
78959 78222 50208
12544 12555 69990
60166 60110 56062
86166 85538 67768
21227 21455 19244
13073 13854 54598
88994 88623 82702
9720 10131 57445
36420 36883 3564
82628 82363 70767
25390 26026 97977
28375 28728 92829
7275 7706 85563
101 1006 58766
39505 39414 45012
72914 72187 95574
49239 48976 10531
84406 84052 84606
9134 9016 25525
66037 65746 93574
28947 29459 28880
56812 57180 18000
1684 1596 89071
42809 42982 1632
26919 26711 76753
21647 22382 71384
91546 91009 63590
4104 4671 4152
68281 67926 47624
76272 75872 10055
85168 84797 52053
13097 12875 68691
28339 28616 88725
36321 36071 87988
48134 48174 22361
90482 90192 65321
7159 7151 96975
78890 78503 726
96864 96026 60119
67207 67445 71295
7110 7941 48765
58394 58513 83909
87697 87351 90753
13881 14405 95119
89392 88825 51657
59609 59945 49092
51811 51808 73458
43904 44062 39769
66312 66218 86354
88552 87835 24557
9048 9436 80194
56096 56004 18116
60108 60386 4580
62327 62458 68979
75302 74926 29780
83364 82903 52006
24673 24849 66335
43374 43415 49772
85208 84560 7709
53144 53049 76749
56996 57255 66938
74535 74343 85544
77941 78076 72405
57205 56697 52858
37739 37824 74183
37809 37662 58877
93092 92372 550
36317 36353 38928
20871 21193 84418
54371 54437 27098
12163 12019 93633
12305 13046 19676
78209 78351 39093
7169 7835 8712
14166 14657 6651
63571 63696 60118
55900 56063 23845
41131 41245 40324
97743 97639 72320
30338 30553 41860
1341 1601 64440
84492 84550 30857
77360 76865 48853
39951 39670 64897
71215 71076 87290
14977 14805 46420
39078 39117 84965
41813 41470 13028
46420 46394 65511
91866 91045 12437
7110 7831 85246
73275 73252 81864
26544 26272 73651
93368 92973 35912
49185 48794 26760
30934 31383 16482
91288 90430 41377
82011 82072 68219
2177 2939 45307
40026 40340 40657
84838 84014 79774
99303 98412 22858
54307 54622 94006
90270 89375 58024
66511 65867 88996
90701 90226 52997
81051 80745 50472
36974 37344 88671
20424 20602 63947
99148 98149 85665
177 783 44835
1626 1729 57199
97332 97114 45964
72337 71781 64481
83847 83414 40161
56903 56547 57097
85699 85599 8635
13293 13127 59055
98054 97263 8626
59745 59974 84877
65925 65683 16974
63193 62798 61112
65183 65317 75523
55488 55266 65217
59270 58652 40187
93788 93003 57393
53362 52949 48336
37861 38344 43021
24889 25325 69350
7294 7843 20266
90118 89650 45126
91650 90687 63179
91534 90995 1529
83651 83366 29348
23582 23470 1549
23185 23299 8403
17445 18038 39306
87999 87404 31956
60167 60318 91428
56188 55548 90149
61475 61370 66458
7412 7904 34668
34118 34613 51170
73325 72818 2701
92813 92223 23442
68107 67619 58400
74289 73630 5814
6678 6834 27917
81044 80724 74414
16442 16418 49158
56315 56150 54596
56557 56095 52003
80116 79822 2991
64714 65031 27540
41388 41616 1552
72611 72047 31574
38894 39008 88466
79455 78975 56690
39274 39167 57758
85446 84818 5717
71166 70727 81274
15588 16077 344
72475 71994 50678
1853 2112 70186
56450 55963 12165
35182 35517 75300
17437 17705 37777
82501 82053 28111
31282 31174 77726
89142 88565 54110
74935 74928 68585
47268 47705 43175
3982 4077 67181
58985 58385 33466
30603 30423 71339
47353 47125 66955
63822 63194 626
8630 8756 82706
72060 71793 53836
84723 84611 13483
92996 92134 66639
54307 54677 49379
67358 67007 14749
69317 69234 1613
5760 6534 34552
84161 83557 71693
92197 92072 95929
13773 14180 93619
89821 89472 22698
63988 64190 11135
32229 32380 6346
51460 51381 41910
46904 47171 63449
44744 44971 81349
77696 77603 32539
60429 60610 9733
67209 66825 82340
23866 24411 58459
65987 66101 69645
65657 65396 71921
17270 17337 52308
96553 96403 44262
69638 69468 6679
39335 39559 7652
97422 97352 52783
83352 82885 68836
78886 78841 93579
13727 14505 74655
76097 75265 37178
21899 21973 3243
90545 89835 83369
25224 25121 10604
4931 5448 63525
18263 18261 63905
6865 7416 43570
40354 39919 75697
84215 83755 97411
17626 17599 26597
81937 81628 31590
12152 12257 99412
40539 40210 60472
11456 11619 27625
74846 74842 32232
92420 91736 4951
3778 4545 84058
6602 6953 56974
8460 9019 46485
42665 42537 84721
46535 46811 85144
51299 51137 36541
15488 16086 91765
33408 33586 46249
61897 61659 93864
7358 7701 69926
89410 89008 69512
27015 26861 85650
59106 59002 60777
39209 39259 23069
96132 95264 82565
7469 7536 37796
7577 7733 77457
60758 60178 32176
48432 48557 13410
59468 59157 2837
73175 73321 41687
90126 90036 21351
26478 27002 56148
28015 27955 60715
89169 88225 48246
38015 38393 63516
67743 67129 8984
72340 72270 89125
50069 50186 39641
9622 10480 70093
93513 92624 20354
69998 69272 75456
32308 32755 58658
15671 16037 47543
22119 22108 3667
13009 13168 14004
56014 56200 51507
37773 37520 86481
22082 21796 31352
95945 95644 49851
4240 4607 88581
8021 8917 66822
29592 29394 49077
91547 91220 18466
33767 34220 52028
97601 96744 84378
76297 76042 33104
56465 56407 13518
76167 76175 14934
72643 72375 8499
35776 35941 3344
95359 94561 37338
8270 8968 58788
5454 5883 92032
10970 11308 20581
89633 89609 59455
15648 16142 66980
85370 84889 16733
5495 5808 49982
7994 8163 88567
87361 86608 25882
80854 80524 38610
78001 77305 92165
54505 54168 11300
95861 95424 44269
85286 84725 84286
28874 29048 79968
56896 56282 44053
66398 66623 76800
21417 21597 74775
81607 80785 27672
55801 55277 60429
87563 86738 91154
60218 59995 11771
24162 24593 23542
51716 51736 26430
82399 81596 49771
53929 53797 6599
3755 4633 28255
47892 48097 26780
67846 67433 89955
8029 8235 18325
63353 62922 87828
55433 55064 33233
19341 19484 62469
71730 71103 72063
14575 14773 834
14704 14672 17272
67189 67333 71839
35391 35798 11822
72843 72279 55714
38181 38540 10260
25307 25203 65146
56056 56393 86923
56345 56150 22420
89338 88836 5775
47548 47989 1044
42122 41842 63116
47092 46920 13435
81436 80851 19389
53687 53800 45177
47652 47662 66370
28655 29161 9262
55617 55178 98232
4790 5571 3652
76242 75872 37314
5301 6000 23034
6406 6948 68174
44840 45252 31731
67521 67496 85700
90234 90266 96893
11022 11239 47133
32079 31943 39889
73841 73987 23019
54185 53962 73214
43579 43936 46450
41855 41605 28708
68399 67837 57702
58429 58472 17635
72070 71546 47363
84298 83768 35526
55275 55193 24121
84733 84279 57130
33889 33909 78947
94867 94461 80095
557 1098 81938
75888 75876 89126
68821 68312 94434
89476 89052 74407
7706 8602 46614
705 1090 45141
42182 41770 47389
24364 24718 91629
47677 47826 58315
51752 51772 46803
87268 86774 90190
62216 61704 69026
59761 59622 42479
16170 16427 66234
42986 42759 15050
22943 23473 59053
51647 51925 22429
39652 40175 88278
19575 20143 96868
95137 95106 33675
39259 39758 80104
51161 50877 19590
34509 34855 98853
43665 43623 27240
91403 90954 51713
90768 90449 3509
68558 67817 80570
71209 70964 88248
22991 23519 88054
52535 52055 29510
48952 49340 87295
99977 99354 46900
17105 17556 47415
60459 60628 75787
91680 91618 83137
24811 25350 21832
10120 10638 89858
82267 81430 4789
84235 84025 93115
19646 20056 2214
5290 6111 66975
88252 88104 34730
70146 70242 63544
26647 26674 31536
89747 88827 36180
48776 48657 27834
75332 75034 64602
11352 11880 86097
64594 64737 64763
15722 15801 82760
83081 82930 35760
94680 93787 38609
74501 74603 85465
46166 46317 92755
57507 57624 62917
90623 90050 1281
21171 21818 71924
74970 74821 1423
2916 2938 77072
96663 96142 83575
75773 75519 972
23240 23654 87997
92088 91644 22173
34087 34299 25426
8194 8086 31624
72264 72273 29942
8665 8625 90666
48802 49078 65574
47859 47660 51791
6245 6586 88444
4545 5146 19379
76140 75676 33958
2488 2404 2058
83903 84016 26859
99520 99125 22295
91144 91147 83695
3593 4292 97804
14531 14412 19714
18009 18369 71942
71996 72072 34612
92727 92662 16110
33936 33806 40767
40558 40379 91128
20055 20293 63969
73825 73240 83738
24864 25157 53130
6174 6521 57473
98093 97825 81478
41123 40876 76105
44961 44617 81590
21083 20925 97143
5173 5404 39297
37777 38211 67843
83671 83707 66908
77120 76366 7002
72561 72586 36670
75465 75419 86701
15636 16214 91416
54983 54836 35160
8691 9100 32319
56193 56502 75090
88335 88256 83428
17626 17670 78914
42420 42217 13852
88509 88612 78477
9333 9730 86149
40558 40383 39327
40009 40523 45896
42340 42613 50125
10116 10065 12169
4669 5168 68274
34364 34241 10703
77535 77465 97112
89099 88395 19867
81160 81199 23927
24040 23878 18469
79808 79701 75898
52866 52957 33685
20954 21191 62143
80895 80456 32269
12910 13346 8348
87001 86664 93853
16683 17094 6338
4513 4809 23061
69623 69866 51454
49143 48724 15820
64289 64137 26562
4378 4915 30113
75289 74750 43504
26632 27085 67048
27570 27598 73151
89972 89887 66721
31010 31208 8062
85735 85694 5587
90169 89237 79322
7374 7516 87016
8138 8665 83375
28463 28702 51532
93726472884 252809
28368031291 493367
71935781359 344152
64539691424 494181
31069154501 228656
37868396548 337983
69806349328 27397
15938304749 133402
35218754224 29202
89813977838 487880
55575549593 177810
58572500031 386641
64625712248 6953
23411232645 344048
13452177220 475896
164107069 353237
89649340945 181301
80098837420 423306
92651208191 39604
88928769865 284050
73510737563 195580
29583149777 88504
70044215426 327131
55921369347 447432
27215335647 143136
15600764186 133224
29078007749 170691
63985750679 113063
82913088219 56204
44271902079 222620
19899111412 126851
33628671511 397048
71713433315 200579
76509646244 405213
16475108120 371928
44023082743 139927
88380180340 450923
946309029 463543
59600432273 81966
10747651533 495713
2599388079 44815
57334224487 385569
36394988090 406213
96891309850 308125
88283666964 84653
1872711168 288844
86919136429 264619
44179768105 128888
85024211903 89592
46844567806 439424
47260579981 442906
97261594629 375344
70545906614 77358
79009285974 157612
53656127117 423715
45339762167 332093
13550460048 360591
83738112592 452111
63984556993 195309
99030748194 385165
64640159043 101905
68917829720 377032
20921659472 192142
42940603343 316381
78583163296 9069
18251280683 427002
90183669507 131103
97811322879 349606
77978265424 265538
83994808915 349929
30918249432 195419
39408982588 318582
97463738955 125035
22393155337 105433
90051217897 51327
15242078028 41932
44147998727 65507
11795823162 270191
72277153201 233965
70257843322 345193
49880341192 412823
25680189583 484677
28355179756 323281
22018864582 53657
86773304778 382572
64280024680 462788
2037193097 104713
99712352735 412808
38466419492 346374
1690621175 201629
95875740220 212845
94203751086 473271
31801591680 171018
86457181616 499930
11288025271 414478
31391183367 127039
14353517585 496427
66795426298 464525
39682599741 335722
7378201673 339521
93660167388 265454
99947136943 27614
77404905844 100272
90051767364 187997
84368654331 192131
43819936534 121538
89015525062 2199
46841736410 184681
92600742085 363113
92613725745 300864
87454548253 108279
52298438313 294245
19168358966 445159
78381706832 327788
30476634224 90587
72636853988 196710
61785895826 420801
8311701559 118016
18777534602 222850
36544668929 459924
58955202109 36826
49490030051 90861
7530482347 125038
97400754946 167825
98814410580 137385
42028499006 32864
73355388880 276457
13110255673 180446
837645565 351094
85957468876 361832
58720220545 446272
33649948398 64611
37475977667 461025
5353022000 419952
3303499434 363503
83653690465 203260
78002847020 335971
62016705669 42183
31474030742 319591
58333741580 193434
10305882108 201096
89639810331 319549
91561704629 128187
3559312003 355469
31299723165 245082
45706278834 95680
84972297289 107922
97013864314 287921
789083515 162916
22742634214 329557
37343257714 126714
77986943807 62191
16097489698 310035
45264134966 449392
40225828579 417403
89331811548 94205
25710421884 372139
29510101240 127812
69323174586 474752
31818061434 381484
88127157106 449107
45507884707 336884
20003535364 255106
1192732099 27168
17088071262 381003
36301998361 277904
70816834380 422172
87427444562 348025
94881472161 232484
61843480428 218727
27097207215 457272
50128534370 374914
90597115314 210345
7539755840 239362
73061472482 456780
24686924214 31281
60205769062 492544
56369775869 290289
34796305652 340690
11738147509 368594
88667019110 38442
37934303274 416598
65369755003 432675
50509588256 420738
24679459398 344585
22197871251 281293
15487165673 368714
16158227151 138729
68335347821 126187
42992905559 332956
71126669601 177339
65408606787 290440
24239789831 454950
86982329495 273099
57054838800 415087
4091861113 118372
33116984367 208066
58173170190 374351
64258715047 355635
1803497672 216210
69856681695 419465
40384987258 93238
48370560026 411573
98404662551 432208
86638326806 113189
77117054478 269019
75220567225 272471
24020608966 467746
69550536698 77863
63799898066 91341
17357598371 280666
25117573168 487296
50843006747 201346
8182139531 72638
59770459258 222713
66115739370 342663
11810843993 95224
61212012094 13200
33608311369 405081
68157529761 27545
13962371766 498094
11572568199 338689
69594398042 96044
83052147337 228909
24215579809 386660
10803227266 34760
3973112195 22914
32159847512 21583
59327182543 421128
3711730956 219007
27198447358 188574
97095260644 46211
22597087565 181788
10259081420 75792
89778990410 179784
64580559421 265564
22566516526 152657
23630534528 445756
92303047518 144583
92679543481 367071
26501290789 165245
90782455627 443931
91120019714 10174
26092297698 460873
36449836167 478461
68745021220 438806
35265689728 460637
26725860997 155098
35745124747 228568
22437501248 272872
95139008809 85072
65900224910 7132
76265442624 247386
12241787653 258050
46313214771 375389
55398504118 160313
41004907629 74939
4176044212 274413
96775424868 132058
68609118388 105328
29003234869 147689
38035879229 12956
9975507118 418138
45049178842 1144
18561109818 254362
99583384624 49693
31884296628 170304
79758457429 139581
80263883623 69862
41959603023 395949
50951425299 173732
61688582132 334508
1635477974 311608
26815950787 427367
5249639098 266558
76371270689 307107
72696892383 382836
29139951814 362112
94463687013 11603
20786932531 348332
58697429089 104939
60591904723 377506
33909023496 310427
73762008422 269673
30383984577 357828
7411996579 141523
11705063661 11103
70139622196 75245
6927469338 291703
54551495202 466654
4763445694 72667
81356611117 242537
1533741441 440393
74497666992 313504
45009180153 125584
9350071571 232102
96581996331 56387
62645117726 183764
45553650586 412019
68853062915 345461
92734440545 247689
64578927531 487664
3734723797 266796
72364289406 163800
36443302691 325247
72528815428 372093
40443586103 145907
93803758724 219629
73538876153 427113
17477921774 200027
54519669043 334953
49591253358 31021
98797209646 230551
60760729337 222476
63664389643 452344
95480785990 11128
7850338602 444442
30002778953 324441
32965583059 413592
40752590737 413088
1533533966 411857
93364980674 1546
54550056099 407587
62990345535 441274
86033997327 352161
77779012947 416224
73081847968 138151
60472399252 264372
1870663013 163422
9999106117 249807
56308167735 348463
67135466358 256668
78542429636 475290
43577377910 28580
99240330529 325593
44806134069 236307
31423498093 175274
72230079212 449906
28112724183 135936
42732103701 280287
3054103853 111498
72195743138 272321
8232002408 272569
13043698281 345385
89686300075 399742
1354258803 51122
51918155250 464838
22725817841 327295
86866771370 321185
41436450251 214763
1893697378 480415
52492187499 387561
55917291873 121423
35686059396 187237
62009359071 139218
4525629152 70941
88140042403 122473
92733763847 259413
28908539694 339587
50456516496 453351
30447047544 164949
27810105673 418619
84594427897 78135
95532527280 115185
93967088494 417656
42367916252 66577
53002356759 478853
60376115769 7904
61583002706 388427
84958065342 159787
13480191534 95641
94129493461 478448
53998921193 87203
13123500335 248588
54734920202 179863
86848053060 348620
31432405176 466617
72917344638 304934
29500507070 32414
80245182088 430983
86242397947 213349
38309862734 426329
32677951524 66099
50035889858 357774
72688472613 175256
35531597423 414009
34359335627 201013
41190237074 424217
32096449090 2688
39823807618 331377
89835263561 412031
46095631706 472841
44803876677 217621
97116138462 341720
23448820949 380589
53298059506 65777
91344744201 147380
22666521311 349256
46803966184 282907
93060069035 61177
97010938851 232009
8492784566 215051
37779072179 334115
77068896272 484752
86471309676 320530
89302435568 200137
79756798102 418516
58118040304 76610
35753864416 122160
96333751269 472855
23870505202 255019
58899217037 194147
98094731500 10920
93834329165 295805
92697542524 54809
55890071041 98808
30244815003 167091
14279615952 45264
66069327362 273747
24140495805 476554
32204806266 217230
65343695645 353018
19161082162 445665
7877735446 352316
53920908623 33284
21519919620 471048
14253644031 418824
60195467924 140795
65609398344 480077
52416981547 189325
99743257943 326694
7646474052 284145
30030920736 64759
22251481581 37500
40553952119 155786
57466321507 102200
17836657218 326223
36795194370 132933
96675446951 389211
61764715871 373340
64743596128 236968
4360906581 145391
22999885738 32620
83894654391 299462
75207286023 272292
32790186313 495957
39091962237 53157
21314532531 65857
62971135285 201171
8422441271 178867
95583457982 67754
82143750540 218852
83318364455 162226
11803603610 143340
63510827965 180283
47845303871 95949
12003451258 7800
21542468286 221036
80907237551 155858
9858760233 458666
41493608440 149062
78806746727 150888
98782114903 350230
37345487762 153940
59661328034 288831
81852374237 292023
39706595211 453021
11330798340 238202
19758297501 5928
94637183522 366208
36545734040 272192
94475287007 204840
77059229890 241227
35606934876 494232
24582740605 10333
12003595177 302803
2134294898 284232
13019131582 390078
62814486312 265683
64868649343 182515
36168574842 1678
12700794138 311284
22665199349 52438
49975929257 109786
89358072111 38323
60428012531 134517
90728412286 470056
37242229763 28607
77692439492 221202
98081108367 360288
14807423218 486013
98888911056 181007
25217274054 66989
51034476985 349354
68042708636 331088
32966697546 181761
56447941345 274250
19071374129 216601
84803933242 308210
62698160737 448356
