98056
28060
99744
98510
98958
60859
84038
98958
98958
99926
99926
99744
12798
49987
98958
99926
98958
98913
81089
99744
99744
65066
98913
68685
28413
98913
62765
99926
98510
98958
98056
4258
99926
99926
98958
49164
23178
98510
98848
99926
98913
98510
98913
98848
98848
98958
98958
99926
98510
99744
98848
99926
99926
98056
99926
99926
18869
99744
98913
98958
99876
99876
99744
22139
98913
86795
99876
98958
98510
99876
98958
98056
98510
99876
98510
25672
99744
93481
68204
98958
99926
98913
99744
99876
99926
98913
99926
99926
26825
98958
48382
99926
47337
99926
98056
98510
98848
99876
99876
99744
98848
53004
99926
99926
98848
99876
98848
5420
98913
24002
98848
98848
98510
98958
99926
57937
99876
98913
98510
99926
99926
98913
98913
99876
98848
99744
14446
98056
99926
99744
99744
98958
98913
99926
98848
98848
99926
98510
99876
98510
6773
98848
98848
99744
99876
99876
99876
99926
99744
98510
98848
99876
99926
98848
92938
42655
98913
98056
99926
98913
99876
99876
98510
98848
99926
98848
99876
98848
99926
98510
88267
99876
98913
99744
99876
98848
61850
98958
99926
98848
98848
99926
99744
98848
98958
98848
98848
98848
52694
98913
98510
98848
99926
75624
93481
54718
98913
26395
31682
98510
98913
98913
98510
52694
98848
99926
99876
98848
99876
77535
98056
98510
98848
99744
98958
98848
98958
99744
96902
98958
98510
98848
82366
11492
54365
99926
44868
91038
79907
98848
35125
98958
1111
98958
98056
1149
91038
1149
99876
99926
99744
99744
99744
98848
91829
99744
99876
98510
84645
98848
98848
98510
98510
99926
98958
99876
99876
57952
49369
99926
85028
99876
14371
12024
66643
32440
98958
98848
99926
98958
98510
99876
-1
98958
98510
98848
33823
99744
98958
99926
91383
98913
98848
98848
86302
51204
98848
99876
76464
98913
98958
98510
61186
59006
98958
98848
99926
99926
98913
99744
98510
98913
99926
98958
86795
73552
98056
89286
99876
98510
99926
99744
98913
98958
98510
99926
99926
99926
98913
33506
98848
98913
99744
6103
99876
98510
98510
98913
98510
98510
78142
60859
98913
98913
67112
11324
99926
98913
98510
99926
98848
98958
99876
86795
99926
98848
99744
98848
99926
25550
98848
1398
98510
98958
98913
99744
98958
1111
98510
98958
9239
99926
66643
98510
99876
20210
99926
16640
5625
26395
99926
99876
99926
98848
98510
99926
98913
99876
98510
99926
98510
99926
98958
99876
98848
98510
98510
99744
98056
98848
99744
98848
98913
99744
99744
11324
98958
99744
99876
98848
98510
98510
99876
98958
99744
99744
98958
98510
19413
99744
98848
98510
83971
25123
49558
98913
18680
99876
94552
98958
99926
98510
98913
99926
5531
98510
98510
99926
98848
98848
98913
57815
98056
70758
99926
99926
99876
99926
98510
99926
56267
83971
61186
98958
98510
98913
99926
98848
98510
98510
99876
98913
98913
99876
99926
99876
99744
99926
98510
98848
72592
99926
98848
98056
98848
98913
76694
98913
84226
-1
98913
99744
99926
99926
99876
98958
42498
98958
98958
99926
99876
98913
42914
98958
98848
98510
99876
99926
98510
98510
98913
99926
99876
99926
98913
6255
98510
95197
99876
53004
