500 500
2410 3275 14796
63975 63965 68050
59692 59905 52600
1605 2282 43625
76610 76013 4738
28060 28440 68848
75681 74981 64965
17159 17725 25290
17674 17661 13232
68239 67890 79863
97270 96659 81529
89558 88962 82269
29812 29647 90103
86795 85842 82610
57946 57773 9943
98056 97496 83314
92530 92431 4179
17569 18026 9035
41989 42202 65755
89565 89058 24611
8582 8608 60186
5252 5662 76846
94232 94132 20071
5420 6225 64944
57611 57308 12303
63695 63670 53046
932 1381 59541
57875 57731 77863
76785 76586 11983
79171 79058 29267
65066 64500 42953
70122 70270 13026
14169 14139 42659
32265 32301 47319
50361 50621 8544
84259 84172 22817
67644 67348 74291
57780 57676 13996
8312 9034 92308
46619 46966 66820
91383 91375 81653
78142 78126 72137
43133 43635 55257
53004 52484 85883
71091 70945 12017
48240 48092 27894
87594 86956 81415
73552 73070 45359
10549 11222 93965
1413 1848 44380
57849 57515 58292
64715 64128 21243
16426 16768 79653
60106 59978 55938
98510 98368 92692
3812 4270 22648
26354 26149 15877
30425 30339 83410
12024 12513 53413
63800 63517 39337
99744 98963 48280
8071 8318 19533
71918 71820 80096
12798 13427 48661
4691 4867 41291
46600 46778 14010
49164 49128 41612
37508 37812 60612
51809 51456 85106
4258 4661 95455
36887 36688 94307
52694 52942 91405
81010 81009 8892
29044 28934 66672
96717 96180 27354
6479 7115 24950
5851 5919 74882
83854 83735 90104
3663 4133 41001
70035 69616 20261
12131 12742 42574
10003 9910 10052
29567 30177 56284
16695 17122 60735
18680 18785 99129
84521 84418 2136
87221 86846 25559
47337 47399 76637
84038 83742 34861
76864 76033 86827
42655 42821 32337
61506 61792 43192
96902 96532 56453
65742 65846 75142
60046 59869 62061
11430 12139 59629
37637 37491 98552
91829 91861 1178
92938 92394 17904
89674 89572 74086
11971 12524 18211
48525 48182 69520
63017 63085 90455
14177 14481 58350
42914 42602 92575
41521 41133 84746
58484 58690 51321
13777 13842 50377
51204 51082 69453
35209 35138 94469
70758 70811 95140
53766 54156 70885
17259 17543 19513
26825 26820 47942
14937 14949 15569
52317 52234 21079
52331 52700 32092
44868 44886 41700
7972 8596 22176
90497 89721 50787
29021 28975 79961
46334 46806 58788
7712 7646 84167
31534 31736 90309
62003 61810 36467
74550 73857 18602
18869 18794 40415
24002 24488 70910
23409 23348 33269
21286 21366 56812
72091 71985 33620
24306 24914 82066
15377 15437 89373
17788 17922 1510
62096 62366 29080
24262 24416 44421
48084 47592 36274
25123 24998 98246
45787 45329 7218
98025 97403 3746
40760 40500 61401
17813 18262 52635
94552 94176 65168
19632 19763 34406
31682 31849 59006
65802 65890 92030
79907 79489 96379
69663 69679 44756
81455 81107 35755
8855 8806 97330
54749 54344 44714
69019 68720 32155
95619 94656 98807
73927 73443 57032
87763 87524 55923
53968 54311 75476
59387 59362 89603
84392 83536 24170
96609 95969 55272
18109 18254 7201
10467 10328 4119
9342 10142 6767
13933 14285 79952
95108 94203 72709
57080 57373 57704
93121 92369 13786
84645 84461 5850
14262 14826 84777
75006 74908 89135
21724 22353 31172
82968 82885 1924
23078 23228 28424
89286 88890 34743
95247 94727 32698
30012 30488 91863
77589 77462 23545
98913 98456 77646
34422 34104 17455
42373 42213 99790
88859 88824 12861
35121 35291 11131
65952 66202 11555
81089 80226 42249
40162 40423 5975
11015 10967 99920
81470 81556 81993
88403 87702 16104
35086 35278 18866
51798 51367 70916
32440 32919 46574
22139 22594 99135
83255 82412 16639
33823 33763 27070
43397 43297 8372
95736 95413 84046
3282 3648 37429
28413 28284 49576
79991 79557 79253
46730 46771 71097
68766 68042 67418
40106 39983 2122
54901 55060 61616
30956 31004 70254
6943 7532 32420
59471 59667 79297
84226 83585 71818
87999 87274 29462
48382 47901 61039
35870 35829 5186
57451 57230 67048
15561 15533 47904
83074 82808 17640
50456 50593 63589
86425 86314 65050
40037 40198 53135
88371 88261 75688
33506 33250 34643
13090 13787 82819
76694 76155 96213
85343 85414 61925
22544 23081 87191
45625 45938 89045
8048 8368 97064
91038 90241 40679
60287 60494 80532
46890 46667 20528
97455 96988 72905
51750 51410 7990
68481 67819 71936
80255 80298 53465
50014 49881 54633
72241 71522 60369
76964 76918 40471
61173 61405 81337
75189 74725 44828
88267 87609 40788
87765 86874 87839
45184 45335 59831
37655 37551 49837
73155 72918 81353
37307 37807 2717
52618 52236 99963
1344 2030 15131
86187 86058 1021
45931 45624 81573
39059 38840 8233
55941 55957 1225
75624 75474 86000
38225 38020 94059
74680 74761 6291
20152 20687 30990
15804 15681 96114
23592 24124 26238
61850 61828 61930
8101 8404 89012
63003 62745 28971
95091 94310 97443
60306 59911 48517
90355 89681 17778
76434 76351 76332
59006 59099 87829
82366 82042 46708
80312 79927 22924
56958 56865 98927
86302 85545 64515
49558 49785 84107
18522 19140 62067
6986 7791 22809
26422 26618 80737
83070 83137 70648
25849 25652 32099
61066 61340 13917
86484 86263 9215
61913 61551 64525
14446 15075 54836
88829 88803 3682
66485 66309 79137
3699 4182 4569
76464 76428 27104
14371 14375 21335
53704 53770 17170
57373 56998 10504
29045 28969 26824
6103 6682 88877
83246 82953 94582
72592 72759 81931
49369 49768 75729
14246 14238 87812
85028 85142 40428
36228 36405 69310
47308 47435 5732
20735 21259 1588
80323 79710 80360
54718 54247 94117
56267 56028 79167
94891 94506 23514
79799 79143 58911
67418 67192 39273
34138 33954 52274
24170 24829 142
83971 83372 70381
40737 40592 870
19413 19655 40295
98958 98085 62849
61186 60558 88270
86795 85838 21409
91134 90324 50224
75597 74828 69353
58020 58362 49481
93353 92528 63405
97217 96811 19042
23128 23816 42921
36250 36127 24897
16475 16975 95037
16700 17142 18501
28749 28979 84318
64849 64843 74808
39745 39873 47907
27553 27813 488
88482 88039 18122
64500 63909 46172
67112 67368 56085
79915 79851 24889
84557 84516 87286
55943 56237 64354
49403 49714 32029
74865 75016 44381
70969 70320 3931
54065 53779 40632
72614 72536 16286
92339 92118 1658
62622 62325 5081
87279 86642 26348
7667 8045 5867
98848 98482 81063
56967 56344 4961
62765 62410 75013
79519 78928 71989
68091 67923 5742
682 1186 56961
93481 93186 99453
28056 27784 16725
82678 81880 60101
65611 65591 40159
11492 11548 59457
51768 51350 85543
55727 55793 13377
16399 16206 2893
15709 16506 95125
92434 92160 51329
47245 46804 65740
41228 41643 89937
10571 10880 75725
56059 55785 62240
21295 21735 78879
59508 59880 530
5625 5773 45007
93390 92696 14332
59384 58963 44344
59355 59080 85897
1149 2066 83829
44058 44060 64553
92315 92065 6839
32042 31722 1264
35478 35553 30802
56419 56686 37182
90954 90961 9001
60658 60287 60269
99876 99209 42794
351 1283 74176
25512 25785 55911
51673 51279 64668
16640 16947 54449
79856 79808 38602
48102 47720 32828
8939 8982 36205
72842 72083 22172
19943 20321 71050
81544 81115 50479
57937 57352 73409
25133 25694 53338
11324 11200 55053
26639 27332 40398
35824 35984 49538
37577 37419 27589
67952 67428 44204
5531 5949 80538
43129 42943 48055
26395 26921 70227
49987 50265 80036
81 587 31179
94924 94114 60500
67352 66905 17688
57815 57723 1898
83654 82831 31959
6190 6333 55205
85885 85927 45330
21452 21446 72762
49396 49375 18468
75127 75320 48353
34221 34062 74198
83571 82875 74963
41073 41328 69338
12536 13174 32945
73314 72957 89568
95785 95619 7976
45755 45928 28994
77206 76829 47253
40212 39821 33726
1398 2160 53428
15853 15794 13221
94163 93370 4042
17572 17536 3720
4383 4808 99892
16542 16414 23386
23178 23210 67538
54365 54479 83809
13782 13721 93276
19150 19224 63491
35125 34844 89152
14861 15132 4075
69524 69121 40145
83885 83878 43234
5169 5717 26900
85382 84944 43585
3722 4124 28195
49128 49172 2466
39529 39440 69599
99926 99650 71637
42498 42287 63622
46596 46985 15984
23228 23716 56896
6773 6898 15934
77535 77422 61475
57740 58029 99348
68031 67813 93891
60545 60194 20545
79434 79444 79300
40813 40458 76100
57776 58111 13859
4477 4753 13700
32854 32977 45266
52386 51917 21398
12809 13317 9638
69936 69867 49979
60553 60548 84665
96127 95503 17191
1092 1422 11726
63135 63042 42058
25672 25830 32215
6255 6316 78635
57952 57789 26055
81371 80848 66980
77823 77176 62083
75041 74771 29534
47576 47753 10970
56470 56290 4616
64067 63548 90903
41073 41453 69573
65135 65169 71325
9608 10173 17399
11167 11719 11735
20210 20468 91997
25550 26181 86878
1111 1773 93360
31311 31089 16525
22058 21833 52687
66643 66112 66220
3832 4653 56539
13266 13587 57508
95197 94262 58368
48423 48006 26369
62206 62112 53646
87419 87352 97892
92196 91946 35935
31357 31915 92493
58987 58804 92
45759 45530 35888
44688 44480 96851
3380 4173 51793
42046 41961 53868
7843 7784 4384
72328 72222 39507
68204 68082 68372
68685 68301 76418
7111 7035 36109
49354 49329 89788
8012 8305 93461
35739 35703 94717
39519 39713 28076
52571 52091 73342
9649 9987 57932
12536 13105 43080
9239 9692 70901
85529 84894 5383
60859 60237 99557
82067 81552 30191
94590 94553 63833
83888 83306 57942
90276 89391 15507
57035353130 498106
10623355113 367404
77251514896 149994
74072455564 440950
70660979307 194776
28049746325 458374
28375653579 336313
62014628826 171533
96705642860 192493
69385956882 35431
68319321885 60128
26812138164 120462
4755023805 347079
14459626922 286140
48858299195 189889
44587396874 45541
51386478555 216254
60983946088 278210
35873124113 440700
72231612530 157997
54400967948 136092
2062333025 31721
53318974906 289961
34556338769 493280
9708017742 333868
57641532482 265889
29040038408 459147
50800548802 32003
91479886243 426940
53133955659 184980
84503120212 478803
1594489582 311400
84490025022 32132
69757434749 67448
62699053746 221644
23584931019 473637
4542317786 189639
89580069745 428248
36301259390 352295
7636689153 30354
30543007842 274690
64077284945 428984
69067865748 246730
47288040680 310848
57137142232 334120
43292278859 186912
42786521931 180336
65787326889 60068
79416044599 456633
38406273866 145251
40104052790 340721
95166740687 63052
54328001089 27095
79362607683 499035
63894136796 36709
27976691849 54165
9315084114 460689
24170415728 144028
81722484011 299432
37415840729 168521
23792792470 92936
69848127469 89855
41044567252 118978
11080308394 469884
76980261678 292586
41466503585 477035
8594071724 84571
23628045211 189436
66159945452 403484
37221137634 81782
77845288350 183798
67149254040 486118
97654889474 429024
70704542633 112708
81689844666 429705
12086357353 444800
59390594161 147876
33947407459 360408
32379434278 473253
22452312842 204641
24823075660 45565
67125282779 278241
30242529759 124986
19586232152 102695
52826222743 42657
73456041077 263037
51214825291 51047
95664627792 67248
10068958726 351335
24374245561 194584
20813243904 423229
40385962093 66190
10820223622 226240
12673688328 32795
95038818401 482496
99148228497 443665
86544245548 324071
16421427009 111651
84453881165 75815
68224440219 129877
80910834220 331032
1751902989 33000
22457926023 19854
68713440990 10971
61852077194 381344
85386925561 97923
77806190493 304906
3077747302 488985
69832323217 293507
6846939239 274057
42952306982 337479
69291118981 307641
92496969098 441997
76985894560 217987
25614845758 19439
7003649945 120783
9663177563 75346
62150006973 297997
99673683381 452235
6923656149 25980
9662782941 44846
89029082131 253758
32861113853 236007
12708410037 105728
73813320222 354925
97324071560 150328
920217311 61120
70367889616 480346
61550281329 44206
29959398234 114987
49808195934 156771
58072975065 166891
49853401989 273594
8151370631 66508
52043626788 318348
80486248143 320588
54370649554 49293
51740488900 390328
51427010769 86011
38690377271 388271
649058038 89746
70708618017 384025
83494565191 377423
20170805464 149353
99556277949 85966
23515529125 96864
44320553479 107195
54705217995 8735
25236449677 118348
54889651415 387115
37568657735 340422
19617032695 94096
83357635488 70874
92426360473 318182
38668615997 413445
19005438149 433940
86066341667 288542
72296241744 485613
41661411528 42118
81756447614 295385
59293801095 74349
19235081174 91209
45038595895 424129
74228808040 341356
57784605518 30845
91544646032 330324
94435708403 101973
70987328047 362869
85154017499 21152
45101451714 392677
27248164464 307777
13123785218 98438
44235878858 294689
17591444998 161344
33575559391 72229
94165243262 363084
30168323780 482864
84717064216 221025
10343585942 13721
80271537583 361622
39622857126 347297
63522338760 55574
99309096564 139825
59907775792 330520
80967253586 187578
60245262200 312458
59082011014 334239
39868711385 317570
6795948682 128698
35971075576 302007
50240499260 460225
92278555182 349663
20879310369 23961
7255898417 96472
16017076621 170211
15295401504 278137
53303879265 230150
11617894379 421233
15569658191 465839
49749315759 447252
61075640514 257915
32225018906 257877
74181058009 448835
9340428562 176190
88158761012 321572
36006883502 8730
89888128113 83166
71536131915 341563
75494680051 92029
9433871572 121766
74582205575 481359
64864011984 440739
42307523984 354915
16236945406 152685
82147760307 165261
68900077676 353227
61882246267 225124
98539168702 155089
44898908648 460670
22096554774 219340
87970642860 398641
60470373904 367746
19634439284 237878
2375300319 186097
27065950851 488814
52295634769 62920
21815330230 474380
38195684304 415081
21107582268 264866
77676111448 366620
16589612986 465660
25053992705 218627
956050282 399300
45881551545 201315
57628714323 482485
776700846 299289
34340378524 373897
559418217 241532
90404886819 106793
3460521891 13719
49752097901 161115
42397477019 144925
44140480535 155519
78607294714 350135
33186554868 357680
40614001469 116508
24082297344 86390
47505283483 475965
38143437791 445343
44109425646 314626
36927695176 326616
90681243693 389328
97562358042 449289
80390707901 20110
45052714910 182716
73967140394 91612
19207540234 77045
8870130699 151284
23090542130 459234
11494818599 54607
29740247732 347561
20445838286 80378
5242058723 340235
1865970188 143664
26006170241 385947
15197642500 445813
34588805086 181108
63217449899 380571
58400431399 53400
38593875539 170664
49921257668 460731
75537899684 98315
238595902 248198
20197351209 169855
57043901832 464452
46548736426 320042
10323214215 300065
90271286037 143244
68038322099 209236
95881084756 16395
35891544852 387407
96771263806 241769
78072684732 322373
78932700504 330109
19865884153 230587
19149579100 372643
74731608371 338708
96664849226 81383
30812691861 402492
98581648708 252303
48378856385 192716
68372620583 397385
11511028936 188123
16665884258 281588
68119168068 182188
90414481886 381680
92993448566 60998
84247307045 33769
84331092715 267236
56791068221 136003
50625973149 435468
64566604746 280145
16769380182 45413
59529002999 180847
41682309555 479772
5358805309 73173
70004982364 494689
37768244024 421211
20058460878 112098
62831306238 460943
51134474844 1950
86228692152 141130
41215592628 292992
80521353966 223702
83788677568 424944
87043956018 65371
9310209904 70972
45607679271 70328
42948394955 269664
17370599436 499196
59280180171 362835
97258285798 290063
39807160897 129303
1821299539 270306
92298332751 81381
88302736639 417328
89753174173 412031
96629072053 241857
97196784866 399804
83746491285 464876
38265945535 482747
12705712827 210023
71169601068 300232
86786463823 289197
30858745160 456559
5872716411 467413
35229307766 23608
45797453973 285793
98459078572 393138
91105686986 53112
93612675822 374242
44050335189 184383
35209414577 94695
38315982392 440106
60927698194 13439
78675346347 332281
63420683249 156239
92561583238 343087
83585229882 65012
11698484542 437093
95196988660 329995
1466427705 393080
80556939401 402447
25975465913 177266
76076179682 294074
35285382635 137187
70402869073 217093
1155937994 425366
97482551332 398881
70033661466 221764
1490747434 147770
13269277893 69962
8953564917 134353
72856286569 452732
96288640953 100932
4853464285 230018
13616597265 1850
4625604979 259209
2180674185 346393
10554714222 380793
78196817533 45491
87725737526 84623
65185491592 7876
99821372969 363978
81496296451 462704
89157496955 54808
25265761593 246925
13514800729 89988
89703284280 410603
75853154046 13443
51289435355 396755
75151245637 30195
78585126133 199509
22902015831 107873
76138087477 316450
79066902817 393877
60568609922 389051
73390351022 153534
95939856327 493833
82795515283 371412
50311278881 137995
69366080082 323382
36390092147 278589
46236543954 149360
86789901586 133245
5130270083 409150
56959782141 194087
37484204441 144121
72395090010 112768
69319605772 353703
42872611147 416064
69638189859 443151
57269009716 94344
62050265875 208729
59965902488 146835
84959882559 148062
83996646640 206772
60533618436 386819
4556815063 225405
63076976874 158709
59871809976 356586
93880744308 446758
15562600444 185863
8526421492 328958
23407854975 461645
91988620908 258401
9022724497 457714
89453700568 86856
32644940457 346373
75984929405 179334
76188565853 57988
71682484017 425089
54418481768 294871
16244241615 66540
1299827078 216686
81754742316 463448
45883348669 401277
28549733678 14857
79822933917 379148
42659821900 378333
81365440194 259499
28530337654 490213
69163206068 478947
28415476735 395142
46166635609 6858
79170959163 68969
19435209643 80676
70925972317 63700
82716276815 424944
69330723707 63223
24080441738 422598
17935513783 214578
29596655769 477001
98899359486 178538
60256867596 453712
69784599099 248277
16386354115 20715
96541675235 329162
84690461423 399919
55492168783 412170
26779148859 102072
85428435507 253816
24380294409 240974
28849017718 93414
44329391244 32775
61728153064 92560
89303099967 159937
37710058428 18342
60833398506 421188
39732596357 320189
35599017316 485543
94430078894 27463
56037094857 333554
90071611894 498503
42459349197 347476
87074258740 272802
11501065250 151136
93609621694 291847
19630300344 233027
29720088 489729
65860971372 300260
17794219662 141021
12798031498 66926
50007378678 60182
16102148430 105729
76819002632 179810
19111856639 440606
65501950058 223727
65812267104 224352
49760773776 52208
81749468082 95215
38837665282 262194
19991702220 455009
42886770850 221935
71672932715 352663
42338688551 418891
37044137146 105379
9632793671 48179
65362214959 400241
79766938247 415153
85025643932 256911
39830752282 43129
64235661306 87711
93294663620 2617
79797000089 243936
3013643314 394480
90218972711 442800
47535600356 497598
78067544417 80782
11562361186 215082
