99960
99747
98932
99492
98823
99889
99492
99747
99046
99046
23330
99492
9867
38643
99960
85368
98117
67630
99960
99747
56277
34486
97587
43078
19587
57796
29407
42771
99960
97587
99046
99960
98038
99960
21126
46218
97587
8119
99747
99747
98932
4840
21410
99960
98932
99046
97587
71909
98823
97587
99747
79893
99492
99747
98038
80657
99960
97587
97587
98117
99046
99046
99747
98640
99960
99747
6043
98932
98932
99747
18918
99960
99747
36408
56969
38894
99960
76889
98117
76175
76302
98823
98932
98038
99492
99492
99492
98932
98823
99960
98117
98932
99046
99046
98640
99960
99046
98823
85859
99747
-1
99046
79893
99747
82357
98823
99492
99492
75486
98117
99492
39466
99960
99960
98823
98038
99492
98117
97587
99889
99747
42771
97587
98038
98117
99747
74456
98932
99960
71909
12282
99046
99747
99492
99747
99046
99960
99046
98038
14186
99747
97587
98117
57586
98823
98932
98038
99960
98640
99046
51916
99960
99747
43078
99046
99492
99747
92808
99960
98932
98640
99960
99960
98823
99960
98038
99747
99492
19607
36408
97587
99960
98823
98038
99960
48342
98823
22731
99960
99747
99889
91372
99960
24339
99492
99960
98823
99889
99492
98640
62771
98640
99960
95311
99747
97587
99960
99747
98823
99046
99747
99046
98823
99960
99046
99046
69923
70232
76350
1083
99960
98823
99046
97587
98117
98117
81389
99960
99747
99747
99960
98640
98932
15658
99046
98751
32060
54144
98823
98823
97587
99046
63640
98117
60712
99747
28039
76889
49911
98823
99960
97587
99046
99046
98117
99046
96643
99747
99492
99492
99046
99046
99046
99046
98640
99960
98751
99747
99492
98117
99747
99889
22132
97587
97587
97587
99889
98038
98932
99747
98823
98823
98117
99960
4648
98823
99960
37013
85859
99960
99960
98117
3089
98823
99747
98038
99492
99960
99492
20701
99960
99747
99492
9920
81581
22078
99046
78281
98640
98117
99747
99889
99747
99960
99492
81581
99960
98932
51916
99046
18126
98038
99960
98117
86936
97587
81389
76889
98823
81581
91184
99960
98117
28660
99492
98640
86844
99046
98117
92808
68769
76889
99747
-1
97587
99747
99046
98038
98823
98932
99960
59059
47687
97587
97587
99960
98038
99747
98117
97587
99747
98038
99747
99046
99046
98932
99960
99046
99960
34304
98117
99960
60432
99960
99960
28271
97587
98823
99960
98932
76889
99747
99960
98823
98932
99046
99960
98117
99960
99747
99960
99046
72916
97587
99046
32830
40532
99046
99960
25783
98640
99492
99747
97587
7823
98823
99960
10649
99747
99492
98640
57754
82357
98117
99747
99747
99492
98117
80657
98932
98932
65513
98823
98038
99747
18126
98117
99960
98932
98932
99747
99046
67630
99960
98117
28980
97587
42771
99960
98823
90874
65836
98038
99046
57754
99046
95474
99960
64255
14011
59492
10782
99046
98823
99960
98932
99492
98117
99046
98117
98823
98823
8119
66599
99960
54488
90874
91372
99960
99960
99747
99960
98823
99046
99960
98932
98117
99960
99046
99960
99960
97587
98117
8127
99492
99747
99492
97587
99046
98038
99492
99747
98117
99747
97587
99046
99046
99046
98932
99960
99747
70967
98640
99747
99960
99492
99747
99960
97587
99960
