500 500
85008 84878 30665
65146 65061 5118
10649 11051 16942
28271 28142 70749
16640 16887 43575
26536 26804 74824
1870 1908 10280
58828 58933 34829
39698 39850 88857
53256 52923 2895
40158 39771 30588
69580 69604 57932
9920 9932 19780
28365 28093 94742
63218 63051 84527
86494 85917 10602
73448 73498 63314
68784 68030 91100
46376 46794 34129
70835 70825 63632
10625 11055 21250
33749 34198 56795
771 1177 85517
25531 25992 53392
11138 11759 85718
95474 95125 37864
54144 54122 83840
42679 42860 18660
98823 98300 40655
49131 48654 57172
45669 45342 87261
27357 27726 7940
34338 34902 76652
36408 36819 86325
92479 91732 32331
62168 61558 95961
42505 42596 51293
37837 38284 1719
90058 89418 13932
34486 34741 81789
59024 59028 87014
73656 73692 35203
24252 24754 73566
62565 62727 82121
49367 49584 46235
28287 28812 6159
5435 5660 79069
59364 59558 19021
72235 72457 78302
57586 57024 89780
71109 71132 40679
60712 60545 85462
97459 96587 31908
56681 56899 26627
99046 98863 64242
72996 73082 80250
95946 94946 72247
7823 8465 65870
32675 32722 76115
8440 8753 43361
34364 34176 26104
96643 95646 22270
70335 70317 96732
3300 3805 269
19607 19480 10565
50381 49949 92449
27265 27087 9418
72731 72261 33
41226 41299 54893
45360 45170 81679
18686 18842 95724
59059 59054 67855
94453 94419 80567
34202 34832 59602
87575 86640 83333
11474 11605 12314
40532 40895 30861
46529 46815 64252
35681 35915 48081
56237 55969 76854
24261 24310 256
93906 92985 84242
85093 85091 50369
12282 12120 48301
57773 57631 3220
14705 14848 80147
74456 73879 74456
33076 33532 59454
89486 88765 2825
72113 71879 14277
30640 30630 94169
36174 36223 27692
87113 86630 98293
40136 40036 2802
81139 80772 94804
4648 4689 69056
75328 75373 96444
68803 68215 34008
35306 35440 73364
78281 77514 24211
92403 91903 39715
57709 57777 10910
55620 55607 35925
59626 59859 96029
90874 90336 22460
55154 54909 70716
65412 64978 47280
96987 96748 53828
36644 36648 34106
94905 93955 93147
56055 56119 57592
97360 96963 1164
55679 55524 91443
19192 19323 82561
45022 45096 11808
46446 46681 58317
82357 81588 90297
46877 46576 86297
20777 21266 21760
89393 89008 16318
39964 39863 17264
29651 29546 17267
93165 92703 54458
38983 39106 8254
6043 6407 98591
38894 39072 62449
22678 22561 3615
39747 40263 74398
57754 57330 73081
18313 18779 65236
62631 62906 60324
15008 15130 21996
68550 68466 28040
43078 43266 48786
5055 5357 17168
28368 28629 12741
17520 17763 85978
63462 63362 84326
4840 5133 89449
98117 97896 58457
33421 33902 47019
14186 14032 26537
74033 73366 35822
26348 26151 56621
89027 88198 63510
62771 62542 77042
81581 81439 77142
59450 59083 8667
47687 47500 46060
87712 86863 60830
13183 13458 22762
31551 31681 86278
7989 8333 75015
24083 24139 15373
59537 59873 25038
86844 86117 74485
15236 15527 12097
94029 93763 43315
54488 54221 95884
49350 49651 30543
1347 1646 43989
79893 79075 61219
66475 66637 2979
56306 56649 88978
92892 92546 59277
26228 26904 15512
95240 94459 1832
86350 85633 32155
5794 6304 63527
48422 48836 13452
69286 68845 80900
22078 22175 76467
29818 29768 16456
59492 59183 35661
28660 28932 95784
66023 66316 39863
50510 50736 4459
30953 30597 5135
86176 86148 67
22705 23272 41318
3535 3526 1822
16060 16781 20434
4493 4456 5757
42253 41955 46396
34316 34145 15591
11884 11808 47519
7071 7170 17781
25079 25459 92334
90632 90596 72443
97587 97284 49378
50944 51160 59269
88261 87750 408
43792 44003 14129
46218 46231 51677
91673 91531 76188
26528 26507 48981
90518 90349 71114
64255 64469 99722
51027 51241 37579
52613 52230 4994
22057 22703 47030
2164 2687 8528
8089 8258 28934
72169 72293 5273
3814 4680 17582
87034 86336 50668
38643 38654 76797
66599 66682 37294
66757 66353 28051
31786 32339 28753
31172 31499 39174
63451 63560 39750
39159 38785 1596
16789 17121 45923
82935 82321 7342
77946 77831 38523
28384 28312 38736
5633 6157 74788
2657 3029 73318
91184 90732 96961
48633 48530 14345
80657 80203 71378
91076 90613 31386
74768 74636 59391
42428 42484 15872
43158 42791 6262
33728 33785 49005
92808 92417 44764
6604 7394 96025
28980 29046 95575
49911 49528 41469
36586 36745 71304
45563 45518 9156
62688 62425 59497
25774 25953 15888
5087 5744 78506
98751 98076 9364
67909 68173 33085
28039 27905 67340
27894 28447 33535
97073 96420 82057
76562 75905 66651
48669 48522 78633
22328 22471 12870
89431 89433 52347
49547 49953 76562
26854 26572 53976
25706 25587 74994
73071 72688 65554
9389 10003 61741
26395 26039 94825
51916 51411 83929
32060 31723 78292
94878 94376 30690
80732 80860 1090
7844 7879 81114
25619 25806 17474
70232 69855 64582
84996 84618 19719
99960 99377 88590
59932 59651 90566
82789 82650 24986
22841 23169 93776
29407 29332 71869
51871 51814 69367
4077 3988 54130
15903 16324 74536
65836 65756 94256
87371 87276 37834
37443 37683 42665
31644 31376 23699
89738 89411 52294
56795 56189 28579
98038 97538 23382
55744 55662 69840
41368 41253 43874
58553 58374 3721
31282 31130 64262
5315 5470 42318
6115 6603 73426
6908 7752 13994
75486 74979 30221
92777 92150 20615
58034 57749 4946
15319 15576 28221
75893 75846 5080
72574 72757 95071
95803 95733 25349
11420 11445 18973
55954 56117 25482
45072 45346 31291
78796 78582 8635
6764 7404 33095
92114 92078 52874
15124 15731 15813
45110 44917 19837
71901 72110 63416
89283 88448 53695
10150 10821 98419
53473 53667 70065
21365 21687 40280
54164 54475 15141
48224 48383 4733
29991 29979 56358
60202 60337 96882
24596 24908 1675
48342 48326 66384
56969 56644 78845
88997 88069 19404
99747 99394 74266
24339 24484 55604
92574 91773 16543
26387 26690 41201
22886 22823 16074
38439 38131 65210
39995 40186 15076
65776 65556 19392
93413 92666 71112
18126 18124 37511
13013 13853 14030
76350 76086 99911
35598 35839 58876
75513 75708 10997
8119 8483 56596
58665 58314 84691
34126 33983 17926
63997 63811 18797
5670 6398 29550
26655 26991 65596
15658 15834 48347
23330 23945 53508
61581 61370 86044
75316 75301 54423
35833 35599 26252
91519 91522 2350
79685 78866 33917
6081 6882 53720
31997 32060 78648
70775 70531 1581
54407 54612 24132
62071 62217 69247
78960 78351 18939
88235 88240 93215
93829 92968 41395
85859 85539 87006
51441 51168 29173
81389 80950 72600
27951 27995 93237
65513 65088 95995
22731 22690 65307
66128 66079 66503
55586 55913 83293
35589 35299 61130
69275 68989 93636
68769 68544 58714
63720 63956 98249
5848 6564 24703
62596 61947 84128
79964 79102 53738
24974 24775 61641
55002 55273 51139
50797 50240 13365
16752 16838 13367
34304 34129 33863
3089 2980 71736
5345 5477 61855
47635 47772 5009
70521 70757 98075
76175 75497 62026
24111 24021 16071
80598 80247 12954
94468 93913 53419
73132 73027 43446
58625 58726 20529
2542 2559 18604
57796 57468 19045
66300 66077 86319
4512 4652 81875
9873 9940 26079
89248 88508 67270
50502 50524 73350
38145 38339 37232
22132 22400 58794
97160 97080 95153
60432 60183 87266
16103 16102 43371
5778 5663 20552
89427 88796 32057
55633 55751 50400
27516 27539 13476
71909 71344 43335
2924 3175 430
11872 11828 12476
74709 74672 99275
42312 41910 97522
74649 74604 68435
38613 38543 19924
41077 41096 52346
34156 34016 78696
91372 90559 70736
12468 12546 38611
99492 99256 33257
16036 16776 29434
70967 71041 56340
65039 64927 97761
93524 93382 74925
7685 7994 81734
49091 48850 9786
61933 61813 67302
86655 86146 44870
86489 86081 89565
46498 46483 34582
88281 88052 77312
23142 23122 13995
98640 98361 13005
63326 63430 89475
34826 35314 35434
10782 11547 69617
3770 4248 65984
37625 37489 69385
92664 92025 15855
59814 59646 22299
56083 55877 94417
98932 98632 33546
71941 71716 49573
25783 25461 81231
90053 89646 37875
33049 32850 92582
63640 63511 72390
5815 5952 80986
74448 74591 51846
31805 31622 82815
2986 3621 83091
47724 47836 13786
79873 79723 13286
75279 74934 85361
91904 91601 22114
39466 39663 43011
43395 42895 6365
64872 64612 34840
20761 20538 93547
69923 69689 45568
22058 21883 20867
83198 82657 7639
76302 75960 60055
95311 94504 93050
22638 22876 64294
41870 42098 51953
29075 29042 80259
49368 49691 5618
9820 9937 10382
67106 66442 95278
67159 67312 70270
80432 80124 55921
21410 21296 32894
20701 20564 41282
83493 83552 19051
67630 66956 35105
85368 84617 12145
10633 11383 80437
38577 38479 6861
8127 8703 57177
25457 25490 7957
19587 20091 74951
49497 49430 35579
37013 37067 84296
1083 1838 68356
2667 2661 78199
26723 26453 79055
16961 17173 8740
76889 76212 86799
72916 72574 49779
88859 88858 69038
69627 69544 50315
11187 11078 605
53779 53382 84034
99889 99453 12951
53596 53387 6864
56277 55658 16678
86936 86748 66769
42771 42495 74370
73663 73819 37041
18918 19059 85621
69645 69533 28366
14092 14148 93663
21126 21341 17412
20288 20625 85947
51736 52059 81455
57696 57613 86842
95294 94687 98822
25359 25816 11414
11223 11256 48222
32830 32896 91458
70709 70443 19677
92584 92463 59389
9867 9843 71052
21013 21197 70362
14011 14474 72169
89953 89709 16830
41476 41543 79585
61607143947 86341
29518612389 128913
42441822422 280406
64588140333 187276
64344290857 318202
78011573972 90126
58532930115 192392
42875116554 162601
39280211473 247227
33384998760 219908
4004336736 164107
37233700733 209019
3687659599 345561
19764596274 492978
61140944873 14391
26261317488 305902
68405008836 384084
29428342381 429391
22084991230 37143
87133475473 148302
21417720077 377196
17749091404 493156
88118463617 471812
14247300329 317652
6522079273 316758
5848734076 100400
5240419727 176338
10239746862 229989
92083050187 20053
62244755913 476921
88221371714 222279
61041318440 15968
62755425022 449308
19643278782 64756
6099750682 276705
21245472986 450724
82834570034 458479
4596939372 466520
48967575682 172541
85750312634 164637
59285593726 305614
2704571272 474345
11026461303 486846
50041539039 78929
49559307222 281569
93675103917 219420
99533790273 477111
7045623384 98436
41659027262 325218
75144069167 465350
78742809436 116638
12096075799 151761
47624670919 177957
64009489417 130351
91019824978 450358
30865023634 380354
64648620398 36144
62198313783 487901
92660569272 485709
77386257447 415718
66324426606 213382
57328415445 226938
81380358511 174307
68738517149 368314
23103342286 8904
32966491145 144001
3417751748 466608
48287851972 293679
47314321066 280288
41097457688 174087
8792842711 439919
22930456111 16968
26601474390 108470
18009096022 480866
24029147520 417874
19828236563 490894
46268396621 50600
21745426782 278644
46037040983 369973
33787167582 441354
32617638545 425018
63071465043 341948
51628394271 287759
95961789224 439111
56390819754 198849
44472137304 189263
60994511543 184269
93918344612 285241
98924804300 322825
17050919760 23870
97207341633 397245
60833641566 275412
98637241100 271317
76873285570 236020
78934701582 359747
56774529654 61137
97340873933 216952
57005320484 311964
29613124838 344110
90713145887 125033
15272338 288428
57713969697 263538
33719374980 419335
41472465980 139986
35212193912 416598
94833806882 316129
24270438365 195685
25581209578 206456
37870913868 496285
40578383944 378214
78943171593 208466
8221321304 205886
32308089756 48186
62110622111 20312
34516630992 331971
96393914837 450032
90835579628 186153
50085675147 394285
51933940486 494356
25589926739 97787
44841712308 108058
17986106435 399542
83531053696 455384
45032094959 435674
92007318710 402007
64222822967 125590
19686345808 263885
40581276838 305936
68426828383 28854
22644623372 313281
1162417824 92185
46017931900 255620
83572137856 163922
98620213519 205526
42883543578 103922
50414195367 223722
64133114754 54532
30021313431 219074
59209780455 442433
4721886552 302980
17187525293 113913
76874310559 459935
57768225230 370720
13303952885 231210
85194109567 324041
40717589727 280316
58574561681 446450
53270899751 74585
79689248441 366293
59483688999 242353
8246105719 157651
47085977882 34175
92909870609 125034
21696718453 477892
59721608473 265265
44341532316 180485
35143063795 102819
27554936664 297214
77594420769 54686
96419899385 294913
88180500225 368528
36099507596 78299
32743358606 38337
39874957081 307751
9240670329 69246
56402691557 449217
15547360019 145810
29480462589 190330
10399914556 493243
10543322687 285871
47114201523 468407
22797368433 69339
48472781782 311860
65929818008 444816
40507776602 50598
20099446286 408946
55137162014 344385
9445385142 395106
26842495368 35984
51805016854 140376
86801985491 95811
17866779063 195653
24761412957 5245
12218997213 480745
40387949679 192148
78594636416 3981
81851259991 323415
95094848759 92689
36246914359 200746
92122015649 368290
28892162332 455963
54986172196 365690
41490008488 43992
6026707788 63591
48185810675 120319
98645871599 473897
51055375848 8704
89755110171 112148
84587184080 317792
27504096116 268826
56866667988 106247
64159209874 271277
65573588209 334123
57582704847 57625
28829269731 255704
91402579953 255306
11981398683 171192
30050572717 425285
33923647197 439421
1404240969 494966
8204913672 54189
72973231913 342159
84117410160 229684
91541148414 456785
99212130473 415218
43947574445 384315
39334470112 473017
70758642337 43941
22143507442 131768
98347405012 133040
81904865514 53854
89678569154 361059
76402220855 298656
8599701950 496575
72441982405 221557
61228900502 352302
16360154748 492560
16776958049 306196
45862601995 334474
66576847263 329362
60800407500 495638
44632792671 220269
23079391356 358421
97005482785 419652
22434576174 364491
18941533845 138729
6150810078 219187
19883246350 255523
15838585892 314112
47948166592 310967
92411816299 28624
93899037877 499426
78050814169 271995
32112828751 246540
78537247826 428037
62443873335 251251
39322730556 405560
47149622380 104905
42266260172 177717
61417305628 179776
72053910090 256550
66360210828 253662
97258315322 257212
90254842730 244862
43806789132 363575
71998354357 53999
41592753142 353844
58402732704 122405
95085567533 176096
41052778920 381636
77748720524 103575
42929066098 98298
8305755881 361779
85476534276 456367
94919612022 460387
57461279735 467101
63456739158 96787
44752111445 436537
84652442645 274794
57639327212 137610
96151313882 329489
89187175998 343860
91512314737 386531
88904955182 83642
21296887 4285
41153058498 338728
64529395241 16059
16738794217 437838
42481266332 492389
33072060957 38545
58845011356 80687
59318035506 394169
1908886459 425009
64180621992 325225
29754136671 123646
53147809791 430440
71346760340 192515
64880836836 46082
22371024010 193631
9588358680 447447
23075495148 17831
40094634571 173015
25583979061 207855
3714174299 333747
20701768118 249840
7749633984 340920
57210499652 248660
19615190134 248055
42774341364 360658
80277358567 395336
77184090138 125832
20401444462 95345
66043785529 118955
2765696151 26544
49446935350 179713
40958205005 487598
18661093079 18365
99888359729 302710
4987040530 94180
98744626457 210405
8744396249 454797
77629614569 437112
54733521430 14687
49121624316 374973
42214966700 485456
75511107834 459013
33628850597 406778
31630072573 401421
90521639347 313955
32529987175 388001
31568554117 345955
26597878110 80826
47412219722 407942
7831520225 269624
58314617931 184626
61922391592 366764
21726361583 251180
35658021828 264305
92928388042 423102
40869860339 440018
21201260007 309442
35069170969 444926
37008950960 140908
163798752 358206
55362352470 474866
58968777059 106873
39758775483 212174
69821347561 429284
56049694017 324300
52171074121 301298
9864879833 45471
5694421964 96174
15749440072 324586
47854878964 466949
68334765666 477013
7739078622 54813
62139199654 443624
16447826896 161135
58947246099 383516
54859948401 457608
60195332304 106992
50160838887 449364
62628588802 123865
34935294825 231247
52210238939 258865
63387902882 304693
95205766033 67397
24559803230 240527
55753885863 44562
8648681638 249360
55116625950 388157
66879109785 33615
18545001696 304650
27183621555 15630
65629009367 30103
12371757081 430933
53871163575 469778
66570588764 309454
35226115780 4861
70257352755 294964
39065413296 493162
23208093571 174974
68298542970 55099
76712274600 308773
94259606956 294079
89027379161 245367
41031132758 71934
51523014832 398213
51478958640 69823
44712567857 169832
74878197353 33379
45070162904 211163
26997436085 368896
74117188245 452079
61726701392 242026
16096925424 479348
9964708725 241237
72489824532 245094
15672892605 67314
11065633137 422568
91381759633 365612
30016387906 197441
91626895011 167882
69261847515 457493
3380583320 397336
67584231856 346770
77911723437 77449
5554462522 458873
73158878301 137407
23074520670 198273
72815495054 359744
27924790727 476287
30766096976 361994
87644373794 417952
30969956063 116595
27761835940 156139
92849927921 189783
62328233561 411072
31394584233 385769
51826403120 304601
98423047467 284261
3697587700 56747
64764879491 343436
54519701104 431184
74206215342 156510
2268835228 121466
69183305211 371230
9995133067 46721
35423144151 301174
80460085226 303359
32188545987 168995
51701212793 223515
26764660897 391422
37765123176 59703
77270513880 399709
8416790119 287447
92302676121 453840
18484311500 413736
11930775970 23690
59327750489 329241
40262588475 441535
29333128337 442543
49155929403 447102
70809921867 227537
17392543198 298074
51455138732 232798
44156378076 458199
15448541724 60083
32417707309 496165
7248419601 474138
24234814988 404276
3557132408 305627
21459459858 215918
66434382029 328588
69833225959 2759
76983259025 306661
80863519827 206146
37929262994 383123
36607748079 209079
47057152356 377263
99651527636 325474
37333751161 326527
3440035351 361361
33308039446 493577
9908029701 8067
24834542452 449654
13574993702 149886
41937969340 456830
70249829576 17101
6655104977 53475
93747690244 154552
88795919009 20707
97451387839 325682
73965730516 273274
95828799613 59928
28756469479 285967
78800416607 374506
94100653961 79241
52518352207 232947
40065596165 8731
55387486845 75181
70822985115 462403
94087674539 417002
4538810229 442120
60079866903 202479
90360467799 111851
40142360869 193933
93825567972 469730
96864567315 270692
99504297033 436256
51900596533 185962
42018560934 116747
71002697198 386972
98668602634 163510
57551517264 459543
61683193950 212924
48888374233 226638
41963210229 234760
42472846025 289422
78633683675 88340
91982074030 122504
24354551757 338544
78544764375 357723
84839850904 164875
44590583577 698
37958381168 186404
56465531586 153857
57121119190 50424
93086079763 485858
61601010945 16741
