99754
99005
99578
99005
99005
99578
29946
99578
99578
99754
99578
97389
97424
97424
99956
99005
97424
67574
99754
1441
99056
98182
97317
99545
82250
72768
99005
99578
99956
99005
97424
39542
59843
99578
97424
99005
98182
98490
97424
46166
99754
99956
97389
99056
99754
29946
97424
98182
98490
99578
99578
99005
92389
98007
99578
17680
44878
99578
99005
97424
99578
97424
99578
99578
99056
99545
98490
98182
97424
97424
8409
99754
99005
99056
99005
94437
98182
97317
99578
99738
98490
99005
49911
98490
97424
78165
99754
83689
97424
99005
88861
99754
98182
97317
98182
84659
35003
97317
99754
99956
99005
30730
99738
58676
99578
99738
99005
99005
99005
99578
99754
99956
98490
99056
99005
18573
97424
2854
22573
99578
99738
98490
99754
36203
99005
99754
99738
78165
99754
7472
42360
99578
99005
50797
99056
99056
99005
98182
98182
99754
97424
99754
98490
99056
99545
99754
98490
25560
50312
99545
99754
73356
29946
23167
99738
98182
98182
99738
99578
99738
99738
55443
99754
98182
97424
98182
22573
84429
99578
86797
97317
99005
13800
30259
98182
97424
99956
99754
99754
99754
73900
4411
77868
53515
80979
99056
98182
99578
38698
99956
98182
67169
99545
97424
99754
99738
48728
18462
33856
99005
87020
99005
99754
99005
24753
99056
97424
97424
69773
99056
97424
99956
99754
99056
99005
99738
98182
97317
93745
98182
97317
99005
99056
99545
43744
99005
99545
53515
99738
99005
99578
99005
97623
34482
98490
99738
36110
84461
99754
83611
99005
98182
22145
99754
18573
93265
98182
99005
99754
99005
30730
99005
43010
99754
99956
69964
68819
99545
99754
99005
99754
98490
29551
99956
98182
13453
99005
99754
51470
99005
99005
97424
54067
99005
98490
66577
4411
99754
31485
45984
73900
99005
98182
99754
99578
99956
98490
99056
42753
97424
99056
99005
63193
99738
99754
79743
99578
99578
99545
97424
99056
98182
10058
99754
99754
23167
77218
97424
8409
99578
99754
98490
98182
97424
99578
98490
1441
99056
97389
88404
98182
4411
97424
99005
99754
98182
99005
99956
99545
99578
31408
99005
99754
94366
73900
99005
97424
99754
7966
98490
99005
99956
98490
97389
80598
99956
98490
98490
98490
98182
99056
97424
97317
99005
99578
99956
97424
99578
99056
97424
98182
99754
99738
46459
99754
99005
99005
99056
73900
99005
99754
49263
99956
99578
92409
98182
99754
99005
99578
46815
99578
98182
98182
99754
98182
99545
62015
77234
97424
99005
83689
99754
4369
67036
99056
98490
58711
84771
99005
54441
98182
98490
99956
99738
22296
83989
99956
98490
98490
99005
99005
99754
97424
54228
98490
97389
43981
34482
99578
99005
99754
4411
99578
99956
99578
-1
9577
99545
99956
99005
51224
99754
99754
99545
17008
16031
99056
97424
99056
99005
99754
99754
99005
99056
99005
99005
29551
97424
98182
99578
85982
99754
99005
21060
70322
99056
11780
98490
97424
93610
99005
98182
99578
35006
98182
97424
4369
44361
99754
98490
98182
87403
99738
97317
97424
38939
99754
99545
49911
16021
98490
99578
99545
49666
99005
-1
95196
98490
99754
99738
99754
99754
83143
2251
99578
99578
99056
99005
99056
99754
