500 500
58711 58239 66354
61638 61031 18001
22145 22552 92504
45984 45652 4737
10954 11753 93417
95819 95351 29662
1150 1297 22995
46351 46636 28751
93476 93264 39458
37495 37488 57142
34651 34774 66671
88051 87180 21141
89056 89090 93341
18052 18606 57901
91880 91520 92297
58834 58998 48279
85982 85391 96833
94326 94043 2102
15256 15909 30766
53586 53781 32756
97623 97367 2506
11456 11600 11171
31809 32346 81204
29796 29944 48967
44361 44215 96961
54441 54282 73496
99056 98552 39093
98182 97818 69321
16895 16900 66340
18714 18546 84408
80702 79943 18317
28141 28211 23597
78160 78071 28642
62439 62448 33972
36851 36582 78995
7966 8458 81592
55255 54986 21097
63382 62705 58898
43981 43941 11808
39791 39714 42671
38013 38144 31194
49544 49541 48491
44878 44590 13960
2652 3243 63238
88861 88162 72268
49666 50053 70694
99005 98064 97352
27893 28169 19704
44142 44299 46345
84126 83712 24912
68350 67636 38877
70438 70654 94414
46815 47215 8825
12440 12907 44142
65094 65124 82324
56996 57241 48137
1001 1083 2243
95994 94993 11705
17680 17743 25377
92312 91536 61315
75716 74950 6997
87403 86711 95161
3376 3637 91795
23167 23370 67223
61582 61509 65617
74763 74747 16267
88391 87616 11124
42638 42909 18538
43744 43960 99415
483 517 43877
96280 95344 23617
8377 8971 35123
79186 78527 22712
99754 99601 68105
92266 91713 20460
42297 42196 38558
9577 9845 70008
77218 76787 81028
78200 77922 35780
26857 27169 24222
83106 83245 23479
93745 93745 45613
82375 81647 15586
34482 34095 10881
57268 57189 11428
53825 54250 50879
77891 77568 44522
50312 50374 13806
16031 15935 24206
7472 8061 64123
61667 61934 97199
55671 55281 18906
33134 33279 1206
53515 53851 88876
66477 65992 34617
68819 69026 39977
51574 51590 15247
41248 41052 86293
58676 58264 93531
593 1015 75177
40934 40937 283
41523 41437 48356
83143 82506 36384
67950 68112 23147
2854 3307 47381
97424 96790 48862
88404 87905 62209
92783 92184 27030
61964 62074 8574
87399 86991 26650
75596 75505 78670
52658 52818 85478
58269 58483 28149
80598 80176 97723
51470 51048 81108
26813 26743 26964
49911 49493 70543
60828 61125 6384
82556 82165 12714
71728 71708 53461
76758 76114 37696
15274 16013 58593
29946 30293 90255
48728 48567 40210
73356 72924 33231
88517 87982 84227
40589 40579 35619
15241 15343 88154
46327 46576 40066
60883 60370 97151
52270 52297 90209
75278 74873 61958
77824 77231 6994
43160 43154 33833
46 570 37408
84659 84711 72570
36110 36374 56807
10755 11060 2990
46166 46434 94050
32305 32188 12073
86280 85774 34952
3668 3928 75547
57777 57202 63307
55756 55604 14594
67036 66575 47456
57192 57299 32867
69293 69082 61948
15316 16113 69208
23550 24026 9079
75046 74708 62698
8303 8570 14902
37856 37573 90111
21881 21934 59394
80279 80205 98774
21060 21068 14783
46197 46638 94355
61121 60578 94283
38116 38521 41837
12085 12771 24770
86341 86122 45390
38100 37829 55235
93265 92543 60566
80182 79895 87332
28342 28187 64812
48223 48168 52046
2125 2210 65266
82255 82378 44525
86005 85367 76320
44093 43972 65681
49742 49885 27451
35149 34928 43620
90037 89963 25347
77897 77629 8014
82250 81537 91914
24753 25400 97210
28305 28991 36664
83611 83604 24834
68365 68161 76925
15843 16170 72895
85521 85509 2067
31408 31494 22609
62015 61772 33664
59843 59508 54774
34482 35053 45933
50797 50194 32535
89436 89264 62736
60132 60414 59768
72745 72646 24901
79790 79523 39849
12807 13019 10735
875 798 20520
56500 56410 45490
17008 17145 31149
90240 90187 75738
67730 67815 12661
81035 81099 5238
18787 18882 15264
22750 22907 76324
15945 16374 27022
24872 25528 47949
42362 42268 28062
18573 18737 83178
4544 5058 28594
53784 53205 67421
87162 86828 52442
51224 51429 88037
72599 71892 36104
67574 67438 67534
89326 88812 1336
47727 47293 54852
59573 59847 38638
63283 63106 31332
60450 60195 16503
49036 48627 65139
46459 45995 67793
49222 49061 27454
52 608 78559
75581 74995 53880
18897 19470 13108
90436 90482 11884
20368 20109 54547
32009 32072 77724
49601 49171 36021
74469 74033 86776
77868 77753 37732
35473 35737 75670
22055 22271 45286
85228 85011 80103
31485 31514 27811
88080 88052 35456
73501 73565 76077
73462 72891 38953
43886 43875 959
2269 2485 27327
64262 63620 28506
76394 76512 70705
88973 88101 29775
96682 96339 94141
53408 53660 40074
91320 90915 66571
7097 7603 7797
30259 30275 51716
56565 56367 4135
77812 77364 36135
89411 89175 36919
66577 65853 77318
27488 27787 97517
97389 96798 8253
90378 89477 76735
21330 21747 6155
39357 39223 52212
84571 83903 2819
65131 64523 42887
58528 58166 53466
64498 64507 53403
96041 96008 88136
42434 42513 14328
97317 96716 65217
42753 42475 86278
4411 4609 87823
75110 74449 29130
55443 55723 18651
38719 38510 49261
80979 80540 74786
68069 68199 24473
95196 94978 63044
25542 25877 28021
18462 18983 6836
73535 73305 46998
58823 59106 35717
60277 59880 53112
13800 13783 56088
29922 30352 91779
67169 67051 92695
61632 61978 32527
50070 50324 98765
77234 76481 53537
49263 48941 93805
3389 3672 92514
12889 12763 19400
29534 29641 38919
74008 74138 72744
55320 54991 48488
96421 96118 56927
32767 33160 11746
98007 97324 4780
18192 18187 48401
27772 27841 73600
30236 30317 54076
11115 11892 56689
24843 24749 48225
72197 72022 10665
35006 34760 62490
22296 22082 52381
21664 22296 83463
93610 93013 77040
53015 53226 93277
32332 32783 29533
39542 39598 82109
52109 52177 43012
72768 72614 93143
78817 78226 88668
79208 79245 92958
72362 71898 15211
35003 35244 62385
48022 48145 98935
35237 34860 84918
53299 53119 21212
86980 86170 8527
99738 98875 20253
63153 63093 66344
83689 82801 68671
2365 2598 73692
83138 82652 6499
11641 11811 19479
70550 70574 61775
1914 2511 87798
48017 48266 66654
4957 4852 18789
71673 71496 33027
48422 48830 55887
41262 41356 74935
78915 78681 66094
88409 87737 42658
13453 14179 49927
84771 84616 40141
12521 12676 33906
33267 33820 57040
32569 32787 18956
73900 73902 89717
7101 7307 39279
33166 33703 77538
16019 15914 34520
48907 48832 43662
96890 96416 80113
90133 90126 1054
1441 1434 69539
96100 95890 21799
59278 59005 20464
10029 10387 378
43010 42884 74183
29551 29589 19700
71337 70661 76716
99545 99220 13289
26397 26308 48203
2832 3682 19727
25489 25889 71275
70454 70313 30225
64319 64298 35548
16483 16416 76559
64271 64047 80457
84063 84039 45964
76093 75562 3912
44178 44328 96781
28909 29020 83514
51350 51685 24611
10466 11232 9946
48205 48136 2215
22573 22855 94648
79473 78958 40405
54067 53994 85868
15500 16178 6767
27421 27572 90165
32743 33138 26969
33770 33860 57130
42856 42847 75964
70322 70120 41634
99578 98861 51829
53538 53582 84463
5816 6035 45428
66987 67136 94220
87020 86921 60295
36203 36141 46233
95590 94659 11563
19319 19873 45692
2251 2383 50709
31845 32361 4755
1272 1829 21720
30730 30844 76889
11780 12300 87312
92389 91504 75192
86797 86086 88120
60228 60581 19818
61534 61399 25395
84461 84324 76827
80626 79950 12568
11174 11905 82765
61022 60867 33604
45477 45835 31250
87130 86536 30439
59248 58874 8459
58292 58319 81995
21876 22034 66750
19295 19689 72995
75735 75208 25431
94366 93734 46222
10214 10566 70585
69891 69219 44092
17585 17669 39829
76321 76264 64393
5373 6242 45472
10860 10713 39958
43702 43928 39765
99956 99788 35507
31676 31768 35305
31861 32106 29756
75440 75219 42523
54228 54279 19415
93299 92306 98369
9021 8937 91451
43567 43939 60099
29458 29891 23614
60669 60204 65080
47981 48148 47513
15770 15848 77216
4369 4406 58257
77548 77627 36431
57200 56802 41864
75410 75302 86528
11743 12070 94911
93495 92525 6248
93112 92825 65617
77961 77510 32163
38698 38833 99747
69773 69259 46980
52731 52243 84886
16021 16257 93649
84749 83947 69868
10353 11135 61642
63193 62835 92110
28159 28275 54156
48944 49036 97059
90422 90017 3095
8324 9024 19335
36599 36943 18005
92115 91331 4081
78165 77921 99867
89826 89369 3282
50306 50392 12028
31346 31941 70014
66080 65894 50537
29391 29501 64071
85545 85619 59405
66654 66887 32793
23571 23668 65057
57279 57113 23102
50806 50799 71883
80677 80530 66522
86552 85698 47838
69964 69562 72890
6116 6868 83834
42360 41917 94083
75566 75596 99911
26535 26722 67913
58660 58532 56261
30455 30307 31357
84292 83704 529
76257 76317 9352
71174 71030 4297
10347 11018 80794
43855 43669 20133
54400 54411 53003
85174 84855 74800
10058 10132 65476
11406 12212 59189
40372 40821 4959
29336 29233 9118
38939 38713 75409
35830 36054 62866
33856 34297 77695
57390 56837 59462
25560 25847 37003
76092 75447 35754
90680 90559 52846
48087 48127 68213
98490 97835 30393
84429 83965 50398
90718 90069 81693
53123 53484 75347
94437 93862 80803
92409 91971 64755
92555 91679 17318
39033 39527 99880
15916 16502 7632
64643 64012 14482
79743 79691 24232
41803 41933 10400
71794 71841 90516
29578 30168 48457
69681 69577 76368
57074 57350 79735
49496 49211 50850
88750 88294 16368
83989 83377 39829
65155 64527 42279
49232 48713 56401
92309 92035 87778
17347 17368 88429
61695 61630 61793
8409 8512 52303
98838240578 63768
66330920735 284102
92623213491 139644
96845998117 235609
76230527768 271518
20794628346 129743
6669544727 220109
72167982990 159961
60687035359 141955
78717125385 74116
85902664921 145326
56410951704 488287
60720351399 469364
43935061082 446016
29281329491 5812
84114470128 248609
61848700122 451896
26166551114 382881
45728601546 45690
1205460551 460895
55902773043 189743
56688353001 372416
65867880660 491860
64577963233 178349
40884081987 493371
33912611596 461410
48972676981 310580
42101651398 126953
57735660936 35219
93061659163 301131
88807060288 454523
17368415034 423585
18956850813 314856
15901869771 157296
94723681479 452501
31538225511 254663
52134988656 399463
84150886241 336449
57116624856 454871
18589609892 398680
70801417853 75751
33191505023 20235
84559441842 487462
64693356124 208313
5628996194 46957
9262518744 301463
77137775300 446098
84633967154 356892
35456322722 339648
65063541852 137196
94271629842 152082
73242824938 293150
18130099557 196962
58497146906 427050
25339587130 136291
9181560528 483033
6517743186 141583
77972615079 132498
97407480463 239061
63251465447 455646
52186001602 162545
93811229392 459553
87499994021 161156
33340540155 131890
45761368717 189383
20105195145 184822
73298321292 340731
83509851799 364479
81080118562 468744
91501918220 473984
3912940209 400223
34589413810 57500
84894467326 262594
79256230746 224892
64418110455 264165
43933366083 459925
88840681902 373050
91411905330 491184
58136567081 163112
64324675178 120859
77043339423 330406
47552603548 311860
5846604275 117420
76170051555 342070
90783266871 475234
14420491210 184761
50415027209 44590
25999013623 309741
46014641043 440644
76992714440 286218
18366511774 206931
72234872760 51619
99797870095 394032
75738293069 491625
65175663111 424551
34209964921 403326
14489220885 409063
93843019728 496600
36123527336 62588
82955264863 32013
90826609944 267625
9350470968 294233
76178472309 119316
25369401285 427188
99126070244 151251
26635155409 114689
93629193640 280867
70232131358 321686
63103499455 297135
21994383619 144295
13897889577 83976
60545533255 7904
64060412836 350320
81185998453 223047
57470809304 301507
7739470228 387815
59085055946 476058
838028544 232932
8585112581 360499
26014518664 130638
25614517499 114659
62306811832 336294
45475592222 58515
14564166999 388680
99461343087 274531
47161361994 99221
26844998267 116980
34207068326 434748
43269273748 74077
1320142802 157084
19861354591 462627
61767653961 147580
50658439884 234256
16807203604 328484
87375055590 190883
45344336089 224763
73264474682 259169
60630003475 416457
91419040694 397897
58167058860 85091
80421342316 440892
64415139050 60811
38709833449 332240
66461644835 225393
91977155370 187194
59414224115 90864
89730095027 328773
11697562276 428940
11234502291 220973
90344466371 181749
95634367729 77365
32289493841 438141
7682463450 251116
9997894669 397993
37933519136 107789
87175013242 364183
45745505446 422166
63065557966 108897
67047722265 172250
87858265319 116373
40982409593 113622
13323174659 235436
48120875562 42328
85803627573 370788
73589775151 436844
81436844571 377243
9824081392 408705
37569822254 444420
47006462682 151086
40692941382 467452
80768162343 492936
86416162954 231648
6313338247 400878
8078558408 258257
77341732302 390693
91002863252 478329
40659237257 5904
73831947632 102384
28893880228 42798
79382826713 88072
11662225753 157533
2973847383 442685
16634787784 213923
26767438859 496014
35342880935 430464
90797879199 218557
46217120853 365539
12725055356 127063
19323143436 491162
61900065031 27930
79025709069 383254
12830132212 190265
42157597126 176229
89584723940 461278
88941524230 64955
69377299814 105745
8929793401 183450
8418367469 430396
4373881646 126228
59871807349 306507
38099467036 436476
58070358845 248929
71852153399 35788
78154064824 242477
7283887445 285425
95116636393 196451
53874399564 459839
48340524036 472514
27749451001 395826
43836919038 225238
92036172210 457975
19477755774 34642
68826607533 54564
50987567455 222889
86232608990 265422
64062619061 120264
75499375294 356443
98768759547 495202
37187842340 392020
47027935192 393213
87587297103 493354
64271239754 264998
26001629843 227703
24015889633 178337
4842536600 110249
63126251117 239854
51835778770 175756
25492436676 472953
18075628427 111443
63363393080 271426
80523105804 156036
73301276906 280177
76356055817 430357
12009614025 344224
97874018394 337107
15296994230 104628
17317203896 462834
35216599883 416241
62915836850 57449
23894940461 285905
49771582796 313854
38885077231 392973
11401852426 486726
50994099108 53696
6280786014 324999
34913228877 375385
52751235491 410771
46165861532 324089
41158375272 39856
36035096545 321646
15684230166 486103
69257908230 288507
21179694298 482206
70508429303 54237
17477096768 1940
7437286606 106500
33179161579 475753
52388813224 185219
10029747577 98794
43972648489 254132
67456525315 92294
84228077956 338234
602075518 20205
93982756737 32671
44086429461 379375
5196086861 338301
97217646533 247303
35675199775 100349
7410401377 143517
78016832862 268841
33349042018 271417
71383797177 458803
26557852852 478161
56072958278 281690
96041017541 338655
15575219935 233889
1145503712 211330
58801036871 67535
10126087928 313872
11669635968 251712
32807999016 440224
95333441021 257598
79200349204 356354
20292335299 89334
67626383484 154664
70301009579 24540
46720187170 330338
74019078442 218463
13824273544 320270
46944047873 434871
45279566030 226727
44704474825 301979
23227146799 363925
13498615977 113911
38701392274 76605
15446926014 193510
40846314896 173521
72645863286 171745
73635798778 175792
88970043320 476215
71928852158 206232
89978440931 378913
2694745595 252274
30707355794 37056
70998740389 52779
4309654694 179789
36765817615 474623
59251636959 432554
836825993 95161
17312892079 154649
48373091822 43221
80220441258 339573
82326413106 397954
72656970414 454637
77997555979 140027
77608398730 337430
1340135280 493299
53750079140 196824
89074115936 483744
40885601601 461651
99252125281 407928
2683608525 391385
77166750060 455739
69312366611 240451
18005122644 87817
89390190288 369302
57164700905 318915
32536462198 29052
50552599996 183879
38983566640 157422
12733814996 393947
87193317171 269201
80469199337 48735
31713256953 334231
24489725741 329796
65085853577 318471
88167089702 462051
82158266743 100452
4387309931 466877
48305356776 353876
66784225791 279818
48915742775 5996
91346568701 332940
93340948635 488893
29700237339 365772
61475843573 12308
52280654060 326352
89567032587 352073
44953261502 335485
40906126948 412137
74412396393 227360
44083274372 446059
63091389100 491889
91375991279 254265
77298168829 124791
89268330075 6305
68961643807 457434
30208057827 144744
51185283032 207684
54583127947 463023
38001420879 357503
96617755119 76175
50894181464 114487
15756367273 328811
17668806783 74277
41049893161 303229
41544353400 311114
57011020533 225302
11061384011 149410
26484208369 237969
16763051853 97189
20717528547 416980
5671894047 14315
80210095969 168652
38457518975 414932
70376838972 372301
10061822706 64693
98051638770 270037
54887751359 165967
19473813203 405167
63177154028 126572
85050521993 368288
53354514846 395654
47042865570 67531
77019924436 418663
86644692508 184664
11212300871 179166
23531338303 303521
74463339664 471510
62761279440 296451
39827809147 474267
15981835895 70676
2145034391 374691
28198568847 415703
66355378084 206290
51973885053 345813
24340039914 408322
5947665094 70137
34727458897 311707
25709982095 458551
42590332148 406900
52483475322 333286
8008853390 29045
88971428719 122027
2903925308 127536
8025697049 95907
53292358618 34355
69195516704 338796
89672676315 332612
75304344628 238876
55344832232 304155
24439551444 46933
61111732606 477219
27509902412 492950
89422175890 327405
91749521510 484518
14042621101 317593
12922502525 369160
20406221441 138313
89143008485 312199
96041533156 50822
1483869461 251589
79831148241 155203
42515155363 22419
52802351430 152606
118221541 350202
1240597718 122745
80367026330 187965
98556111264 12318
59971708366 259998
19068244683 367584
43887665432 62055
32741155368 37890
32661855135 186046
6664190040 369635
3457335577 206093
80210750635 192487
68766802793 476775
29863865635 195894
75046446140 320110
74941786086 99706
71025592869 45579
89784090156 258519
97264064004 221802
83199944034 240515
86183468187 242391
9766205936 323275
92163013057 467081
64714339678 386375
33720158639 159504
17659419342 206603
20903507555 68386
40592882951 284571
9913905463 445811
31394044885 442594
90010132843 194007
3505928852 268581
72077987087 346979
60080268242 471445
17097784245 182381
65613410410 286602
81241790677 389325
30394256310 126741
11971032108 336755
93953385355 358948
83687266134 443749
1107167363 223738
2240771001 50319
34212630218 50656
41544144253 338847
85816676551 406912
44010348082 499918
76294250777 117768
84675141468 489724
54345866901 462369
16296458784 411236
93225779756 52072
70666417492 188645
12006070375 238946
8109209659 470181
52404155417 334684
22238070521 135636
22703473367 175836
19272471884 383147
73979483629 240839
7112316 378470
31831576471 331881
96474131394 335917
40149298906 88328
97439323519 119471
77400278456 63315
51395641325 80149
11115186054 133788
791211586 275305
97418390653 157053
88227041763 149165
31409279580 203959
97792652363 310208
38770094155 204348
62537827510 36619
