99393
98974
98702
13224
99769
98974
19547
99382
99393
99685
99393
99595
99393
99393
99642
99393
99648
99382
98702
48539
98581
5689
99595
99382
99382
99595
98702
99393
99685
99382
16227
13224
99642
99382
99393
99685
99382
99685
99642
99382
98974
99393
42757
99382
99382
14412
99393
99595
98974
99642
99382
98785
99393
99382
98785
98785
70618
99648
98702
36544
18141
99595
99648
98974
94580
98785
99393
98785
98785
99382
98785
99382
99685
99685
99769
99769
60687
99393
91355
99648
99642
98785
99642
98785
99393
99393
99685
-1
77359
35434
99393
93794
98785
98785
99769
41144
99642
98702
99393
41340
99685
5195
47775
98702
99685
99382
53338
99685
99393
18262
99595
98974
98702
98785
22074
99769
99393
99769
99685
99393
99382
99648
99382
98785
72907
99382
99648
18141
9063
99393
98785
98785
99769
97736
99382
53898
99685
99393
42037
99393
99595
99648
99642
10350
98702
44207
99393
40712
47868
99382
2174
24355
82426
98785
98785
99685
99648
62016
99769
98702
99648
99685
99393
99685
30000
98581
-1
99685
98785
99648
36544
98785
99685
98702
99595
99393
99642
99393
98785
98785
98785
99382
99595
99685
99648
31289
99642
98785
36544
98785
99769
99769
99393
98702
99769
60529
99642
86599
98785
99642
98785
99769
99393
98702
99648
99642
98785
99648
98785
99769
21419
98702
99685
52232
99642
98702
99595
99393
99648
98785
99642
98785
99685
99382
98785
98702
70626
99642
99393
98785
99595
98974
99685
99595
42034
99769
98702
99685
99769
99642
99769
97736
98785
99595
98974
54118
99642
81439
99595
16388
99769
64126
83252
99393
99382
99769
99393
99393
99685
54385
99685
97736
98974
99382
99769
98702
99382
98785
99685
21584
98785
99642
5102
57937
99642
98785
81439
98785
99648
62310
66096
99685
99382
87255
99769
99595
99393
99393
87289
98581
99769
99393
74687
99382
99648
99769
10350
99393
98785
99685
98785
15135
99685
-1
99685
99393
99685
99769
99648
87356
98974
57847
99393
99685
99393
99382
98702
99595
21584
99595
98974
99382
99769
99769
99769
13337
23088
98785
99769
99382
98785
99769
98702
72921
99648
14610
98974
99685
99393
99393
99595
99769
68159
99769
99769
99648
99648
99648
99685
46237
99393
72921
97736
99685
12782
98581
68840
98974
97736
99648
99769
38153
98702
98785
18141
53338
61658
99595
99685
99393
99769
99382
99685
99648
42757
1457
99769
99685
90741
99648
99648
99642
99393
99642
99393
99393
99769
99648
97736
99393
9063
99685
87238
31230
79096
98581
21584
16388
46583
99648
99393
99393
99393
28683
6425
99685
99393
85181
16168
99769
99595
99642
99382
99393
99642
99685
98785
54118
79390
99648
98785
30827
99393
99595
98785
98785
99685
99393
99648
30015
67128
99382
99595
30000
99393
99769
98702
99769
99393
98702
97736
99648
22074
99648
99648
97736
84303
64459
99642
99648
98785
9063
99382
99648
98785
98785
63767
99685
99393
99648
1813
99685
99685
44652
87238
98702
99595
98702
99648
99595
99393
98974
98785
86658
99769
98974
99595
99393
26282
99648
98702
99595
99393
91793
98702
99393
99382
32220
98785
99769
99393
83489
98785
99393
99769
99685
97423
99769
95274
99595
