500 500
71866 71963 12217
14913 15017 22706
90034 89453 85973
84336 84188 87837
14412 14271 46386
62932 62788 68005
7835 8347 91675
5247 5877 13367
46167 46529 4849
79097 78373 48173
10870 11474 71418
61658 61373 84407
64696 64925 29873
42757 43042 30166
67215 66818 99565
21996 22352 75551
29621 29420 44604
18101 18880 38030
31907 31928 20531
44507 44932 23221
48073 47779 34411
10121 10807 37786
40883 41204 88579
79869 79927 76676
35742 36231 43404
48539 48491 49647
76075 75609 51630
99769 99091 56145
79851 79007 38880
18660 19336 7724
11332 11589 69646
87255 86566 64807
62310 61698 70183
16168 16079 62694
54684 54358 36159
88209 87988 35035
5102 5342 95930
18838 19541 21381
28184 28458 33084
11261 11629 51771
65473 65273 72625
52232 51924 42280
68870 68531 45715
91355 90708 78272
56995 56966 11038
99642 98701 29411
83562 83309 92893
83509 83460 18034
85021 84932 2833
9336 10148 71317
64459 63901 58853
2360 2864 7082
11939 12285 89136
37225 36935 83075
85419 85348 72491
99648 98656 42886
42034 41804 90812
5208 5362 18812
54216 54230 38889
70626 70508 96269
20944 21507 164
52566 52375 63119
94272 93878 77880
70295 69505 27261
43338 43247 11839
69899 69529 60202
70860 70980 81347
41352 41577 3664
72677 72109 50857
10827 11227 1547
83936 83608 96595
95307 94817 15194
49839 50262 24621
88357 87840 14435
98785 97862 69356
9063 9010 58514
1240 1494 59010
31611 31782 26061
77136 77048 80384
58432 57968 12372
27076 27174 4144
30258 30091 45525
97736 97524 77223
34541 34195 88219
30000 30580 53202
22074 22449 71406
61532 61140 27393
59768 59762 90209
78990 78420 45562
15579 15469 59339
56422 56176 24118
24887 25073 96596
11520 12318 29422
72913 73068 8055
64800 64652 16588
82465 81888 76
69263 68942 31021
40042 40121 9650
68840 68581 57001
70196 69714 44800
16227 16154 63628
47167 47580 71058
15018 15787 48128
44207 44176 78540
61655 61849 17679
11725 12108 97397
74426 73858 17891
66682 66661 40563
14817 14756 67388
39206 39803 52535
12616 12627 23355
245 330 13404
66096 65575 53543
47775 47380 49114
24330 24939 75583
72885 72223 59121
95956 95550 36677
1009 1528 5034
97596 96685 47097
25897 25790 36384
78253 77873 1992
69890 69985 85256
26954 27570 74652
18129 18729 21919
75564 75263 3925
59298 59411 42468
15759 16018 5186
43193 42718 5269
46752 46468 48058
77192 76410 75450
26937 26687 90843
33755 34307 68643
32224 32477 28578
81738 80995 99741
70980 70300 65438
66251 65867 41179
67128 67074 67187
62853 62415 25060
51694 51950 10074
4680 5062 17133
34058 34554 86953
48319 48331 4138
41144 41463 21083
23871 24354 20342
65724 65831 47622
42811 43171 70624
18256 18168 35843
83252 82870 72767
35801 36177 27907
10176 10071 23457
20897 21498 10305
73550 73755 87536
47784 47826 1825
61583 61590 23230
97124 97102 59970
72560 72439 6009
82078 81383 48978
38724 39291 1771
55277 55621 93514
23870 24083 57755
35434 35185 63271
42687 42219 53969
5195 6005 64243
78339 78436 32001
16388 16344 55683
25184 25201 21525
47516 47641 81673
8482 8776 41619
60687 60150 81657
54506 54299 39946
30065 30363 5723
81439 81467 84704
50083 49603 13384
26411 26814 69107
31289 31278 94927
75081 74553 81259
57937 57366 41973
5614 6027 73410
41340 41485 85280
38153 37743 53840
41927 41730 59466
4402 5075 5018
17519 17503 30597
18141 18616 84840
44321 44463 68745
43384 43080 2903
84177 84257 1924
19981 20664 35398
1425 1808 92595
79692 79015 35111
72034 71550 58804
64601 64889 68778
96546 96341 31472
16849 17186 18255
86413 86292 26066
60620 60849 22354
79390 78940 50014
51998 52324 58907
99382 98667 59966
5080 5558 52483
46504 46579 4768
24747 25394 76092
26596 27043 37494
23752 24211 16882
13337 13478 90280
71289 71462 31644
19547 20284 33828
12024 12527 19909
92490 91635 60497
30015 30099 78061
13224 13440 78998
62016 61885 16384
47201 47439 31343
48796 48970 11945
39651 39954 49333
3374 4193 43377
94580 93984 94101
79688 79398 64882
28551 28591 15349
46583 46878 63577
87823 87671 24392
34289 34442 44822
84190 83392 50093
66580 66433 24785
36468 36935 40366
4585 4908 47038
29787 29484 37836
78198 77412 30698
14610 14801 87977
60462 60247 84539
89644 89480 33512
784 1450 8807
10589 11005 55834
63345 63642 76842
21419 21837 72639
91516 91062 43841
92139 91321 81983
28744 29153 18652
64126 63636 95259
51036 50630 60096
84303 83643 56467
95274 94322 92472
5248 6060 75182
31230 31507 96691
17419 17598 89970
60402 60049 18665
87238 86772 89542
65537 65137 60996
13402 13490 66686
46473 46248 6637
32950 33162 38088
12461 12477 53503
77427 77116 13133
2174 2438 30083
74485 73848 87862
25745 26168 21985
75511 75337 71649
45844 45933 76664
40188 39766 35460
41152 40747 4040
91068 90248 44055
2251 2436 7021
81134 80899 14389
11809 12192 56227
57835 58021 14595
72199 72379 20286
28683 28749 80244
4624 4599 93788
32220 32807 28187
11388 12021 77722
18262 18049 41190
47609 47435 30400
1813 2412 99067
38180 38220 28631
70618 70049 74208
59713 59602 55025
58538 58846 30472
12782 12702 81645
52037 51998 30260
51152 51368 31574
37216 37407 86685
44865 44468 11838
52908 53244 16607
87289 86372 42848
12194 12195 19097
47868 48110 49855
68159 67428 41685
57786 57688 84602
38268 38209 94895
34957 35417 40036
44652 44480 67856
6107 6258 54694
93576 93107 99312
60529 60600 95330
36544 36718 83003
63416 63518 61967
34967 35101 30699
33293 33154 93442
4190 4197 62012
89847 89858 81964
6197 6374 7629
7967 8702 74104
10675 11475 53181
72921 72413 53408
86658 86673 88799
77123 76788 11371
98702 97774 30721
90982 90597 96800
53576 53115 88018
55827 55703 61810
95215 94387 38258
67893 67391 15170
39702 39674 81077
3380 4216 89654
53898 53429 48785
88670 87851 55186
60858 61191 34101
10798 11283 7231
10005 10346 78384
46504 46511 46129
58881 58792 39224
99393 98533 73138
80806 80483 85563
85181 84994 70538
85436 85049 33635
68239 67941 13185
76827 76682 87396
99685 98879 43959
76808 76562 46624
69075 69169 31316
90741 90034 72573
85786 85313 59348
9007 9647 58844
43050 42588 56266
21584 21756 99731
6425 7099 61297
63767 63949 36703
35253 35470 88537
70839 70489 88073
72907 73113 57815
46237 46403 59690
66636 65980 77345
77333 77346 4662
43805 44253 22469
16121 16202 7617
6133 6640 68450
82426 82215 14723
39312 39727 78399
91565 91173 59979
11809 12339 89268
60414 60142 2195
84764 84515 51003
72098 72244 61255
57888 58020 79243
79096 78275 34018
3993 3878 14916
77359 76741 48618
87356 86676 26516
34918 34860 59454
99595 98706 42661
64623 64676 21962
93468 93019 73406
85521 85442 5877
61953 62215 49339
904 1793 45781
791 1510 19686
40285 40155 20831
84484 84194 78297
70534 69945 91782
5689 5587 57650
83447 82896 71539
8374 8441 63603
29135 29218 72862
43793 44170 37316
40712 40342 83756
23064 22903 27115
93504 93020 40390
92060 91919 33131
9843 9851 78714
86580 86466 76808
57851 57695 13430
8298 8703 89898
51664 51853 59165
34531 34501 13174
97423 96537 71034
16842 17140 20634
68366 68309 67184
10350 10491 97880
89016 88352 66167
15282 15274 93057
33705 33787 86104
83489 82879 67454
53338 52827 79343
56663 56848 99183
88339 87884 483
1457 2222 42546
33682 33929 38979
78024 78191 59349
29603 29458 34248
80873 80780 47365
19492 20002 68222
50783 50813 5478
49075 49161 20995
41312 41806 46312
29123 29160 2411
15297 15910 1448
34409 34852 65301
54385 53826 60394
86599 85695 49717
46673 47020 70837
4512 4660 22498
94848 94281 49527
63269 62765 85856
12212 12366 85208
27840 28276 90988
62951 62962 6615
66208 66521 72691
67281 67001 26030
66710 66517 83558
93074 92355 78890
38365 38618 75643
74687 73978 84981
18115 18239 78886
76544 75871 22519
59700 59344 60680
98581 98274 12785
56950 56488 96774
15139 15236 51186
37841 38078 2502
41700 41371 49815
91456 90741 54183
11722 12554 44242
39641 39255 34951
94119 94104 59250
75291 75103 23619
37801 38339 33332
74357 74159 99776
63987 64078 82944
70207 69694 66312
56516 56091 27574
17454 17527 11337
28355 28310 19547
209 279 11781
91285 90812 66231
91445 90958 49520
44905 45268 37643
25212 25117 12159
39178 39000 15932
48000 48507 9229
95604 95045 34960
40466 40850 971
3431 3830 50925
48603 48339 36473
64164 64032 26223
474 1025 88788
98974 98686 18543
37476 37346 6553
23789 24452 8570
26124 26178 17021
57847 58102 25303
35652 35991 5984
54118 53663 65432
69806 69898 41233
75687 75049 11236
27342 27092 87523
37668 37746 90183
35625 35396 4058
85608 85228 21432
78914 78589 82730
72334 72171 59117
24663 25186 27797
56960 57102 5806
68185 67792 36136
8307 8261 72653
14913 15032 19959
30827 31378 62477
93794 93042 94911
5492 6274 75891
41357 41463 95739
11469 11708 97345
3314 4123 20867
88939 88361 19704
42037 42384 88515
7238 7437 24891
13346 14040 8143
38048 37957 71409
17136 17813 27646
23088 23009 73332
26282 26906 78597
15135 15512 60721
82110 81933 63690
91793 90796 91439
41378 40894 25522
24355 24155 66309
95942 95204 17941
11298 11738 89134
7729 8465 33296
70667 70297 81006
2599 3153 78522
64918 64432 66329
28732190290 230590
97210838772 365555
51901947450 460404
5672494173 403199
3758792585 17022
85918312717 349453
4738677282 220942
68623065333 319185
58789609156 224677
73961052887 95064
97186752669 255546
82787620411 206979
49664352554 243927
54872102161 281213
31721161825 166912
63905650964 263005
48638593525 111243
56251613971 296746
64840747215 451392
15944933096 315570
46537185927 467246
620006050 100785
45468928679 198190
43436063580 312989
58759350585 336531
21799499139 187710
69085617583 465111
58035612358 277048
66473178167 66376
89919527351 319281
3558972760 212550
5924374772 417600
92153671111 172346
73052463332 329602
57568220168 276869
66318564693 74440
49466382782 288204
60548036154 88901
80695218799 144580
41176912586 290106
64204929094 361587
74074629011 241851
8643173807 199876
62810306533 334985
77199502514 326300
6084752957 406888
62410978901 261814
32019153160 183516
73985945816 358138
81375739155 166153
83816614953 291904
69422159816 389589
52448291435 228931
41782954379 348071
60475653302 415028
54481196447 397173
33922655735 480751
29398936279 115106
60361288741 465733
13760399957 367524
9825034674 485744
97597901593 174728
89636291996 108607
92310607205 360345
42710452195 449540
82152073288 385219
67607563226 230691
59327618004 377475
60940470112 423092
64105611576 311150
9246390532 94033
41007029102 333401
90697501168 76084
25912538354 67704
85754583612 46862
58658051542 18675
17452855820 285874
38954072175 247227
43379920319 476678
22645150659 137540
15901723910 155571
72501733978 381704
34532081850 171198
63187975884 412083
85028248837 216175
85103599753 236647
68271345662 98662
102561716 380702
26764207854 343008
10487821973 286913
28035904431 283824
15972519264 170389
98849385709 417003
51943125735 397083
60014275571 41349
18314407119 440933
64441362445 156507
89355288776 449257
88904823115 242837
20362076587 487592
44840586866 65180
3028835977 495502
19397357713 394484
56401780545 442195
65979330803 80838
95094130029 303363
20756639719 388266
9366608225 63563
85358597795 267415
9611783220 453160
40457164307 182418
87808521017 353679
98234158163 455061
77983093779 398102
5737153210 244150
75667723939 39777
36805958493 274483
91580675076 11126
67377412377 90271
97097333937 254683
59588072559 294991
67271120909 129787
34981964192 316558
82465434340 384743
34664808819 470397
57121796695 297192
44518189648 136982
7792658293 395641
1084218554 110694
46868837085 247437
75990123334 413069
70595451412 382864
92014184593 35527
70099129358 493141
71559036332 335761
11901191859 221271
6233346300 61092
29798330364 234994
15863742868 368506
45706049179 254846
51599824400 209262
30287389523 139864
33396298228 147244
4345298013 381060
72278959431 453506
18720615949 413320
68458482890 226673
7527755703 183182
24991619719 498038
39218203852 322272
218719073 72606
9930746048 388203
28472442404 342890
56214283415 424133
88905234782 370015
97190821008 98433
13211069313 127123
22170434764 353481
35674510868 4593
78716098158 447765
70465902995 125593
69750917723 88665
46527463780 219317
28502155299 56219
5962784259 196125
87429166159 475828
82685662 469465
9183541188 64277
71452191487 392328
51562845299 117642
16273796710 433880
85223444618 371264
12075446565 73740
64797653678 452017
63384116889 182573
81331747921 252149
22526729254 146050
48372077103 250771
90792648370 368796
77931391000 396347
81312115226 421670
95904029626 319729
80750487826 174872
99059630562 67963
45266410956 123949
10498776555 323751
78419353795 151096
55403077114 410176
17631645371 470005
48163470590 383781
61871740101 52925
14904420595 42496
41551437237 249667
82649316891 445714
39377246136 36672
26513483745 434509
38055053151 157154
38989197522 449242
88771598563 428635
32091097628 155248
93148565713 390132
23767530414 35805
74222145841 234799
64179978400 460527
62953112538 105148
80247663405 152525
82658791084 423247
79437056603 110955
92205857354 369153
72958324731 43942
8830649326 395166
73413885150 461333
8687636920 87130
17335534661 327354
66556775291 147848
68046543439 450291
85701099410 188055
97990171780 225165
63943026568 134279
77205825380 368940
85973562699 149372
48655533428 424368
94614836511 85667
97863369412 324223
61521238026 433269
46450090561 463259
19758113280 280578
93846780496 145268
45392798551 279217
80166217728 401763
61160380392 211228
44721135636 360689
43550256756 60687
38452646736 195480
12997351112 306315
77735397557 34630
82072047669 463150
76995605871 75634
62717116496 21592
40836694366 156441
47584005471 24802
55552171892 499028
53641267372 405385
46610082423 183134
87264462038 358291
24961166152 451826
57890524695 151803
25449272538 311615
94524412253 202222
8527326443 477441
48730822608 2782
13250331568 206156
41152855650 493966
47288544800 222323
39431193172 306829
6151574364 39132
70497887880 246314
72619517971 251462
25899589591 81689
20817594171 376036
91706890093 89593
85816000300 493027
89419448738 353590
36847738814 312630
91388726358 5235
89046996454 459582
73238790480 338083
50477705139 409431
54973223192 80002
8548629899 372223
97553321519 367221
54893768085 158558
2697218343 449737
12559502197 213415
85795062511 151008
44744494710 420171
38473492940 469148
72461094652 381377
28055230391 142006
18619353684 296467
31153419545 468789
88809712212 82600
40751197817 301026
40692056640 461115
81275034029 30673
31894924115 214135
94229831161 226919
67177617269 227180
37068011774 419574
86904036759 474102
24819368358 41072
36798122968 270882
26313939279 349346
66994186597 302849
49916381818 121421
48917768004 18196
2894001654 258018
60041998613 262854
80768893253 426312
14445493907 91803
95345603019 384836
7082104603 448518
27134655986 82909
43338118 418879
18499962518 90078
38771251211 269068
21030571459 64399
27968425252 9025
20718992158 111890
21265252108 241746
78220797778 357812
24910854830 423826
54304510337 274339
23026458830 75290
59719095812 284874
57173881199 348016
90530793789 453333
37033100918 210983
8314758732 361451
96494261135 186124
99063381507 359783
45277708543 302129
70338754995 33229
46699437570 35053
24211592460 21403
6238001212 431616
11075600553 450573
75443419328 369952
97226513404 29071
95630402261 298097
43615764770 420528
66423249168 40399
80521558039 437916
16454148119 223474
26180042238 119569
5134273969 339015
86103416237 362070
64586973695 65156
64597962428 252918
28389198140 253859
19877553584 173902
32400815290 37205
25590035282 372526
95669401099 32790
34064234051 30094
85398889280 137201
92300944553 121105
54998958172 137729
42596087039 77885
16552320761 353241
47202076728 287281
32647832097 441325
70774859301 494926
80787517528 91733
6525625550 472115
50463088721 477721
26557231501 383328
45072363338 350244
49849966853 479626
89661122980 124199
61528017665 28495
19200586853 493245
76106018676 441486
62505480154 402740
9944952619 484435
23442480829 435846
15898869080 255760
68760898970 210189
46871726844 93121
27199855384 221187
60457877496 56079
33822604767 337148
27441365437 97192
80666567372 129523
7397676716 171756
1620687187 474940
83989152837 48201
33839793045 62111
32458247584 358156
19173933697 115638
57794652223 142698
33834778916 144894
91388264450 236916
52232331128 151981
28141980871 255496
45228767247 267106
88092598242 16898
93681495561 101616
69950003921 488797
58949312733 280381
420012213 44635
50529675846 85356
39527315360 451057
5794730349 183033
27704027204 349822
65811030878 473590
4781651765 214664
8651105547 486309
17623529532 373357
97249625238 124946
47904914956 238957
40109331770 277043
29418868426 220711
13881096368 463904
2354882142 293041
43793301799 88627
77158721687 275625
27721262916 323964
7225574200 420101
74521838802 5914
84271810754 214360
51976928731 154749
91547361541 318776
96696726314 228289
95986414106 143364
6778846558 60527
81250254122 378255
13399296099 245791
33511866205 419662
14001486552 119833
57696479163 402083
15297330010 475659
92812177547 276761
95594359397 186838
84706679432 378137
57458849228 376225
11863804731 85762
92350904506 258402
40265113763 140253
10119324260 324435
19103450750 284237
60205867367 329955
36572550160 174949
4265126894 141254
93843267206 229061
5401467774 31008
99236442411 440779
99235991905 21335
43978487206 258476
58093476470 440350
98666727176 499428
98254163686 120453
4221529835 183359
21231581925 125697
38548011535 100112
87460186000 486421
30047048321 355804
9495756827 147743
29578242908 149713
99396636465 125601
53680129722 390328
2571648500 258702
71233061673 335463
47890631723 122223
53267067726 384139
72205730885 370873
22813282096 356486
49457227324 84910
93207111121 261942
75038444069 134818
990647268 286166
45352211974 85682
23062740963 78921
12035054778 263554
34238600287 391483
85254396276 464550
75459629993 193319
98837814940 464494
16212671561 118465
96166238707 177227
35935657854 247434
69045532261 364118
99599940027 415813
39653642534 454717
12263505194 24553
75442947478 360133
87839265975 182670
74387346053 265715
11383980852 419448
20005045994 118942
95827756833 438635
32798294541 205358
76093901723 282201
44948540616 486884
52530292669 438444
34990378380 234014
50757300539 310998
6228027050 188448
92912690185 419828
3726432245 11309
31947666063 217438
9644173412 115874
60776910089 431275
98729185361 270573
48863418494 30842
71581927109 78310
28931552477 297125
8179691828 6520
13784345932 144382
70287757155 190699
