99589
99590
99589
87903
99590
56184
98935
99097
98716
99097
38849
99097
93961
98659
7879
98471
12520
29619
99589
98471
65694
98935
99590
98818
98716
99097
99589
38707
98818
98716
98935
98716
98716
98818
98935
98818
99589
98935
19756
19247
98716
99590
99589
99589
99589
99589
99097
46879
99097
24016
98716
98716
98818
98471
30103
15647
20971
98716
99589
98818
75469
99589
99590
99097
99590
98716
39419
98818
99589
98935
98716
99589
98659
99589
99589
99589
80530
98818
98935
98659
99097
98716
98716
99589
98659
79467
54297
98818
98659
98935
98659
98659
98818
99589
98818
5474
99589
51089
92166
98659
99589
98659
99097
98935
99590
99589
98716
98659
98935
98935
98659
48324
98935
78941
99590
77303
29619
98471
98818
21577
98659
78331
98875
6048
99589
95875
98935
98935
99097
98935
98716
98935
99590
31394
92817
99589
99590
98935
80121
98471
99589
98716
33490
98935
14479
98935
99097
99589
99590
69158
98471
98716
98935
98471
99590
25805
98716
37629
98659
99589
99590
98716
99097
98935
98818
99589
44934
98818
98716
98659
98471
98935
98935
65654
98935
98935
60172
98818
99589
98471
98935
90351
98935
98818
6730
98471
99589
98818
98935
50713
98935
99589
98471
53553
98875
6852
98716
99097
98659
99589
98659
98471
98818
98716
98935
98659
98935
73061
77032
99589
98935
99589
98818
99589
98935
99097
21327
98818
82622
98716
98471
98716
-1
99589
99097
99589
99589
63322
98935
45930
26067
98716
99590
56936
90277
62964
86584
40803
98659
38805
98935
6852
60106
99589
98935
49286
40401
98716
98818
28815
99590
52673
99097
99590
98935
98659
99589
99589
99097
98818
98935
53553
99589
98818
98935
17826
99589
98818
98935
99097
98935
98716
99589
89886
6852
98471
98716
98935
98818
98716
41029
99097
98818
99589
99097
35048
98471
99590
99589
10755
98716
98935
87444
98659
98659
98716
99097
98716
927
98716
45540
99589
98716
24016
98716
98818
-1
98818
98818
98716
29619
98818
99097
98935
81244
17884
29436
98716
98818
99590
99590
99590
6730
99589
98935
99589
39070
98471
59821
98716
99589
99097
99589
99589
98716
99589
98818
99590
98818
99589
99589
98875
51553
98935
22725
99589
98818
99589
98935
99589
98716
32329
99589
98818
98818
73629
98818
81244
98935
99589
99590
66817
98935
98935
68073
99097
40678
99590
99589
98818
98818
51979
98935
98935
82133
64109
98935
98716
98818
98659
98818
98818
48978
98935
98659
98659
98935
99589
99590
66302
99097
88777
99589
59212
45930
98716
98935
98659
99097
99590
75469
98716
29177
99590
98935
98471
98818
70701
76090
99589
98716
53553
99589
98818
98935
55228
98716
73629
86584
98716
99590
99589
97163
41029
40203
98659
98659
99097
98716
99589
89476
98818
73629
86584
53553
99589
41662
98716
90277
98716
59481
16903
98935
30538
99589
98935
98716
99589
3289
65319
44704
99097
85737
19116
99590
98716
98659
98818
99097
30114
94459
98659
98935
16850
99589
98935
99589
99589
99590
99590
98935
76951
79118
99590
99589
66817
98935
98875
99589
98659
12308
98659
98471
99589
98716
98935
98659
99589
98935
94459
99097
98471
24095
60106
68629
98659
23988
21327
98935
98659
