500 500
98174 97512 3947
21467 21890 32115
25805 26253 72911
61036 61159 54029
21327 21209 52326
97163 96661 44687
21204 21448 29027
23043 23360 82603
51553 51059 35634
62296 62143 30237
63312 62974 80911
8872 8757 10932
15976 16694 2939
92166 91913 74700
17884 18215 14099
48324 48257 30091
16903 17380 40150
65657 65454 9882
65210 64868 62
26348 27035 4151
48978 48703 98220
7449 8122 91017
59030 59117 3325
80010 79893 32091
18505 19262 36293
36734 36910 1948
30114 29824 76704
2938 3636 29793
5757 6120 83964
18551 19014 54365
72599 71879 72301
5474 6276 47223
30611 30854 53262
23629 23440 20135
90351 90009 50490
48689 48850 41925
4798 4857 45586
29755 30114 46352
96595 96494 75636
54205 54460 69969
20389 20630 55483
57608 57689 29859
16850 17413 9221
68752 68638 8336
93265 92675 88586
99590 98897 46849
52676 52899 83974
94739 93844 14695
66773 66099 15814
59763 60021 64123
56678 56431 98806
66213 66384 32425
42191 42427 49749
86795 85893 60937
26067 26599 52825
84947 84387 32383
24095 24246 67941
23644 23902 33025
27282 27007 65912
27255 27453 66173
11404 11720 86503
82897 82802 99039
76056 75360 50051
64548 63873 47340
6848 7624 4288
60172 60191 48068
35798 35609 21786
38781 38912 73921
30538 30504 53744
31515 31548 16891
59249 59035 42542
69158 69310 75341
91147 90632 28440
65562 65318 7100
11821 12257 67144
42600 42638 98427
84570 83693 37013
40401 40772 16130
75009 74400 69589
21577 21466 88676
15021 15229 65476
3289 3784 45348
28454 28178 490
34660 34295 42888
75469 75164 36746
58574 57945 12456
28815 29185 93137
78678 78637 43008
4902 5588 88273
31791 32285 49770
45930 45561 77963
63322 62756 51967
68295 68295 85856
11704 12502 46421
61447 61774 80536
9753 9711 20279
4636 4644 62568
37629 37260 56371
89169 89117 83946
9395 10112 84050
66817 66587 90315
58455 57963 16457
78776 78249 71616
96723 96203 89323
79253 78932 58279
40336 40746 94462
46470 46764 29258
14479 14615 67631
20527 21020 85013
42823 43229 4302
86664 86673 12728
95428 95354 69265
81749 81858 4325
82133 81789 51902
70053 69624 64534
65024 64381 23431
88043 87763 68950
81379 81237 2335
27672 27824 15860
34239 34151 2231
81244 80391 30589
79118 79028 38576
20971 21123 43446
56936 57053 85342
79981 79940 45317
861 1469 58952
66103 65898 44323
99097 98566 39506
47603 47350 64042
9806 10589 32047
76275 76367 92112
50713 51174 82014
41029 40968 71745
58891 58578 31549
12842 12858 21494
29436 29179 78401
29160 29472 87947
67045 67125 69198
62751 62080 42130
49435 49008 27254
29619 30112 90951
37616 38039 61329
7879 7888 36639
60106 59953 31837
63101 63341 47953
14048 14718 46133
16187 16242 83637
19116 19483 79885
60303 60378 65564
80442 79897 44980
46084 45551 1110
44934 45117 82386
99589 98611 86695
24191 24360 72149
49246 49071 50340
25283 25943 29324
23988 24091 58374
39940 39831 21644
41658 41322 30995
98935 98104 82483
30103 29998 79342
41536 41668 40774
55228 55323 18064
78331 77935 66383
52723 52894 62957
71300 71383 34046
78042 78069 55965
53444 53794 72223
93874 93506 13606
64034 64028 64935
19896 20234 29933
64244 64475 3410
94459 93552 24123
14737 15269 23494
44360 44132 90363
68629 68875 70445
6590 6891 76250
80121 79662 66380
92333 92116 10047
43421 43310 57381
62964 63203 33178
89183 88583 47728
32875 33394 82248
85463 84643 62651
31369 31804 41161
51285 50811 83245
32263 32042 86243
14457 14798 56393
44704 44279 98083
13453 14204 83863
14345 14954 35367
80802 80846 15349
55615 55833 32118
70075 70183 3292
23775 24146 52875
19789 20250 56586
587 1055 19512
10490 11259 24073
66248 66351 25852
65499 65617 61552
54788 55004 58183
37094 37610 61922
70701 70210 55293
63692 63125 15808
65694 65678 65952
11415 11725 18863
13446 13967 29275
927 1606 24664
98818 98477 78816
94596 93614 24475
20530 20528 59714
59481 59245 86493
20703 20827 61022
48316 47853 5559
26033 25871 12413
11681 11556 75221
83630 82836 25181
87903 87302 86887
47860 47736 19830
58880 58769 66959
22725 22697 64086
38849 39380 79021
53363 53033 78236
50803 50334 807
53672 53297 45635
42812 43350 89779
45253 45009 22936
64137 64413 31892
80864 80178 8301
5228 5638 82703
21925 22409 48384
55437 55666 48521
44001 44365 65582
85494 84856 75867
35736 36171 60901
21757 21965 90115
98471 97661 86396
92875 92683 67682
85563 85588 5622
70470 70058 47146
38707 38525 53803
25297 25416 73979
2618 3445 17270
38070 37792 17796
73442 73445 96068
48052 48244 1363
6730 6643 73592
1833 2717 66479
59457 59317 46590
96759 96348 7600
20137 20041 9840
68249 67623 54867
2014 2303 53628
89476 89080 83320
94459 93530 56776
85160 84489 89689
41662 41888 86286
42901 43467 99560
35057 35446 33828
14630 15122 36482
22982 22945 73907
95875 94861 83764
65960 65675 44649
73476 73296 19109
37365 37565 94841
26207 26280 34775
34964 34593 84687
76951 76730 67686
49593 49712 90568
16522 17048 61729
34235 34387 17346
15225 15738 79027
45599 45434 13637
80204 79657 506
88589 88092 57567
79000 79058 67548
21145 21577 84346
39824 40324 57327
49332 49551 5756
27675 27478 55923
52581 52840 82213
86584 86227 90035
48084 47651 52848
69027 69079 14690
71051 70363 33800
47594 47781 40001
68091 67810 28253
17808 18479 6602
54333 54093 76530
82641 82566 6729
84270 83943 7115
73933 73531 42747
10707 11001 72951
36992 37436 81224
66302 66560 82083
3026 3527 31822
98875 97949 5548
35215 35093 21250
33490 33494 21818
65319 65318 59863
73061 72992 36610
66274 65753 44976
73617 73134 73632
74039 73343 29798
89964 89629 41624
35321 35073 36250
25623 25502 22329
66344 66555 47970
86772 86006 46993
68011 67358 44922
59336 58875 82091
36301 36670 8171
14373 14628 95848
43871 43443 55958
38408 38862 7392
24907 25503 42007
78743 78650 26713
36365 36516 88391
20102 20234 97571
96168 95343 72335
79797 79813 5898
15647 15987 69545
84590 83989 24496
78725 78704 26296
29392 29691 1050
35176 35492 59276
5429 5695 94372
32512 33097 17795
65282 64914 1956
59425 58899 14516
58015 57586 39158
91023 90632 22968
94989 94014 7488
31335 31198 81474
70981 70435 38964
39018 39045 81778
88417 88080 71034
13563 13730 22004
93961 93359 23283
98659 98465 72685
52691 52442 30706
40803 40761 92632
89326 88715 60563
32329 32221 40830
95573 94793 26450
12734 13556 65892
96294 95668 1624
77032 76456 74743
46051 46022 8837
2462 2987 14683
52701 52234 45679
86166 85466 61082
64109 63706 75935
85308 84503 44167
79467 78982 35029
9284 9361 95531
11138 11758 25959
65654 65855 75119
59608 59769 89070
39836 40300 47172
85737 84941 94158
49398 49798 6677
1711 2182 37309
20369 20369 94080
35176 35461 23082
16664 16935 7134
80214 79424 79230
54297 53861 31227
4524 4672 6415
5436 5889 82095
16364 16317 26178
51089 50582 70219
14999 15372 26118
40203 40290 88823
83496 83179 59881
64690 64944 79930
16813 17239 11655
73629 73099 55954
68073 67865 82364
36172 35799 55800
88777 87978 89916
51310 51034 93455
34537 34495 37854
80530 79704 88736
23342 23865 59448
89284 88521 36765
82745 82118 36023
9009 9838 26424
76090 76186 35997
71593 70849 18284
82622 82513 41386
33878 33999 38374
16258 16315 4524
31394 31068 51553
13542 14238 50589
15648 16198 35194
80619 79854 75769
94290 93937 89863
53640 53836 23086
89978 89909 13308
47729 47621 13717
30625 31112 36520
59821 59826 83459
24027 24742 67923
24016 23845 36628
82174 81617 44838
52351 52018 10851
54700 55118 42346
73200 72573 52417
21972 22286 29610
26406 27005 47300
25620 26062 1349
68470 67888 27403
40678 40602 60594
51979 52033 18528
80112 80075 3335
43527 43212 45209
87444 86597 94367
49310 48947 77617
55729 56024 46848
28109 28804 14426
37838 37482 23706
98429 97597 72327
52232 51849 68072
39552 39318 88080
90277 89436 68590
38805 39049 3022
75928 75813 13822
92817 91963 84231
98716 98245 65227
18040 18672 54238
37282 37492 38613
38082 37730 98664
65703 65264 39078
52673 52422 34846
29177 29257 91833
66741 66635 99595
12308 12694 42259
10005 10297 74877
6852 7291 42700
20206 20795 32942
26282 26827 30503
29545 29500 16538
40543 40763 33103
27184 27440 18447
20156 20380 66724
74029 73753 92719
56184 55941 14755
70901 71028 32015
46879 46812 59104
9163 9911 35251
25576 25557 64613
94679 94627 9600
39419 39752 42846
84111 84110 53839
36004 36543 92920
43849 43631 18602
18858 18821 7006
36027 36377 42470
52844 53271 14324
19247 19634 77689
53553 53168 90290
39070 38786 74104
6939 6983 2759
59212 58952 44188
32260 32595 60623
48203 47721 93940
78941 78159 13481
65078 64560 22453
49286 48820 21960
59212 58883 64471
19756 19611 43416
52372 52481 36900
43570 43465 12261
48569 48645 23456
95511 95365 26640
12520 12395 83935
35048 34882 64287
17826 18519 36519
45540 45499 30425
25131 25427 33094
81707 81724 24476
48045 48096 65785
89886 89306 59407
10755 11095 95468
54661 54489 65759
67806 67670 62139
25681 26344 38963
19689 20382 38873
6048 6284 29426
32180 31901 31600
76385 75967 72613
46638 46192 43829
5092 5613 19265
57512 57558 69268
35433 35987 54595
38576 38326 24335
77303 77255 66159
84413 84296 11977
77930 77273 94382
90383552437 64123
60186427131 28347
73538630376 101699
20893981716 238265
60678784942 8142
16449702383 288760
99661190108 222607
57238262726 137521
57142240396 390121
64448907891 136958
18823196803 475986
30314259170 144476
27552354865 293166
64569421753 451719
624298909 68887
62880367125 497007
6743430479 486368
8700354356 288579
58838393549 92976
88973797789 497491
26312898470 398206
97445958911 229955
57020766773 28821
98711766801 288278
62519323868 368877
63583394443 157370
47823289566 61967
14102778161 361840
76710510521 274822
86783845960 390934
38985730682 212323
42052665292 362235
54713700366 343611
56745259175 311475
91509171738 176155
76509564328 284552
9677092026 51303
28430832661 247848
1956031348 97452
6290248384 311877
56672775748 403393
24481621902 35090
58904082080 106605
96770824348 48740
44134537841 102643
95326364377 95219
66595308365 164096
11246761459 237280
76571543589 154130
2112183722 87603
96200641263 364959
47555074833 371015
42565698610 288053
42997409568 437727
9218182833 302386
7739768275 451494
3034582299 142296
67686204134 380900
67116648489 113808
91494399729 337463
36523605819 478997
67506526169 113005
59310174129 732
87161879184 161930
51915616258 26083
83138375485 391766
12515704528 313307
32545765067 262668
31929800460 87701
21002163838 204491
65294913551 344835
43096465875 52236
60255676717 428032
12853754735 88112
85327332537 115509
19609176781 106355
26601561560 329291
33290451652 321943
57685095808 183821
84827620395 430479
32363768929 140490
86708367932 403283
54736265360 352895
98753687848 112418
43675558883 413684
2038964787 25800
18952535951 345743
76693401384 272471
84689267798 439733
73954719095 241256
97305129862 470297
95795591637 438844
60099154503 337037
15654598978 87786
77083850592 336209
2250882934 339550
65120244760 120532
2077441055 41005
38020048498 410499
75263653029 469576
62274705926 70362
47186924576 422255
78402315976 148090
51720151983 238006
43433564144 3882
30532641148 55713
63733757746 362182
77908728865 461423
68817406104 240511
88087066022 215997
96096225372 453097
13278365795 272333
62895748964 197005
14073967111 178274
96643395285 31809
35104098124 449270
9536473709 317353
89154565611 482465
74383899872 276041
9870332584 433908
86603454519 433872
24172321218 307330
76107650537 255956
2068166099 288487
18442031178 115817
6932894864 72995
25176726824 197678
57931622974 180518
97058094756 136729
53140952506 244820
62667043398 358730
87334883278 211176
39434290586 23043
5085222905 159912
38820702868 416213
79486285916 77866
97931930210 12468
33309183994 224283
39028568680 487002
94195673157 495261
40080756169 60566
95560244351 399149
13142799726 379664
75253531424 201949
7283757497 462742
93583020274 187938
24934702201 136738
98216168940 93464
18624598603 2863
34827510341 493131
89231900499 478328
85044345435 401764
74619657452 225604
72567881404 496861
45559629669 18255
6439985172 242693
45809062684 351078
12163358847 320151
78037986904 469011
22012770625 51039
21613437559 35715
98927013927 371774
61978996015 170581
84601631055 254738
40817675649 302514
52337415090 101068
21623381512 468489
59865268381 284279
98071647608 348267
83843858682 464311
55740196129 499356
75500203374 178888
78700961379 235574
25855602418 392642
76593942812 246077
25974664222 239933
9533487227 156878
66189719813 295767
98717673820 94356
83982794090 484159
83069370213 179187
25867220444 282930
21358516540 209550
89367734197 318745
3745409586 444113
76745699662 479336
65788051799 92472
85545204305 293303
67834876708 178825
20256053343 397103
43889718423 176676
21844863084 71630
67534624936 482607
24719190818 456498
33816544157 257670
3450218364 380970
35066358708 341552
81292207947 136010
50886713455 418893
79436557946 105063
64539503830 417827
61080642492 494626
43388288443 331557
74251733862 383610
47302514462 243867
84434860567 472733
29397651992 198781
32245518250 440075
12822955176 166490
96705431176 91143
25240085034 207111
37918687243 112877
47899626304 324238
79626386499 81527
78942649293 251969
90556311442 162020
1420791327 66238
56714492931 318855
23411711540 282185
94220696272 349872
59133012825 480729
80312668582 397091
434713531 300479
35763753620 114334
96708857415 171068
13264668656 114596
23967786446 97549
23929923291 373656
59507079806 208103
8803671583 190205
10725380500 392428
50228027273 394225
30526487696 44406
16315017445 282570
15968795872 175567
21944091342 346667
24277737050 281055
11044946585 267572
61769969536 415326
11561227564 295543
64949237863 218073
3139891707 359516
29379408487 476078
5458898817 49784
36422571123 178994
12145337177 245612
18409146596 446884
88156397881 389625
33084922611 261419
12061287788 410788
47065939999 46017
11218902559 213118
67744313756 137107
83553362884 7464
69055241961 235601
45906228430 411661
43973284110 47594
85947430949 79594
88645393935 165947
69452063948 293268
91736124212 249325
21189805575 391509
72044713825 121546
28181568163 266982
29179524299 179468
7014895471 366123
72576894882 81167
41153611367 289719
83338939596 179574
65586286211 157668
68089146557 247294
74325670273 401969
44415436158 70655
27295859685 302242
2023159461 238675
56652411217 496619
88889798075 344990
67198279879 191769
39401124584 276150
50983109301 375271
13455322219 319854
21601787890 160155
30426128562 284449
66176829233 58699
58228628782 151150
13313193629 375350
85940235193 484815
5901094897 7590
63269940697 73874
5432885581 459676
82445045240 384445
22907836754 184020
8275215144 94747
84572532196 444821
86494217199 433336
81350529401 341536
55268767242 141448
68942473557 390661
298315054 128012
37566572950 361966
20386621315 436024
68696186947 113243
94665236553 363084
1170885028 48831
76955678828 389383
68750879937 279759
361423667 386862
73771314693 317611
60228400808 274966
38606147964 352504
14801824188 485001
97026764299 270989
50873204119 142934
59720680326 240567
3940966822 48445
4408464989 230850
4101863966 137475
48071919935 351108
95869753436 298364
58011710833 45783
93319778233 35289
43821642311 22003
1354550879 177259
54452369426 107705
73671229426 175227
95836877420 122803
15787524316 395941
72461120803 497635
14815522819 244363
59425154308 376285
29607894964 100585
85067820634 159579
47355178285 88361
62843925131 55901
78431160190 382093
63773832708 110712
64108921031 282108
47496435001 44530
61567014831 319571
13144947530 96266
13263048258 106681
70454635112 256668
26018119928 495450
54058001470 207090
10413283227 440663
53403390557 99907
37073529933 327270
29585805074 67585
58330139898 217774
83131231436 107028
71686562446 357334
8588162619 254508
51667707815 65985
57480489927 280232
81314329361 269854
36182634629 484085
40373544437 329830
10900137743 133639
81706993687 251554
41159064806 51997
11468387069 19852
28147335230 416120
99253749650 219690
92580728440 247808
33174552371 483817
50035377468 148528
6951765871 170178
75265450841 43378
82279602923 105541
80371325520 277709
91781074519 335915
15184368970 290337
58399426352 239347
71101932890 237744
40744326709 491168
4669786135 73113
57187026871 235389
53437373684 394762
74925140529 309517
97954821344 408523
45510068691 301534
62811450306 301449
14849855282 302089
82546818789 225518
77202831136 442766
62990439930 432407
37424392029 221517
34082860625 55744
17642901823 26400
28922517327 432366
43770302389 150342
24323439225 274687
14622415524 108585
12488277861 211749
20615911692 437096
71250201350 368879
67565670301 192960
89194139022 442740
70022385223 134072
95496490802 21721
30466073904 400261
59760364550 372268
10086162795 340206
43915939970 17242
52917635479 181410
83845587385 477999
30372604296 264037
7644622713 108375
24444054704 320185
46558725575 99221
68624386996 389469
21416840142 396627
48739029141 49708
34750012637 319860
34255684977 215445
18021090519 320064
85812793954 354541
22627556058 306556
26300917645 304682
73535259005 346801
53383918945 45424
61428320901 131213
35341026284 361370
19573546806 461020
16423184908 402637
99143273448 454883
68513678271 434074
38975898378 172896
90946917585 386620
9007580943 80196
29325558888 327387
92211937398 326423
24866673973 336342
33498963593 386514
6920336392 129532
61078707806 54026
11093621448 260758
41454589779 389046
42478788568 463734
74592490623 342665
11193738599 187974
3097533530 165892
38012981558 220654
9817729629 315300
52756565699 88719
21541110112 182145
60499986256 341114
49213691628 116451
1299799705 261796
23376506547 356308
3857507411 86175
72829736284 138745
17579510684 204788
7429630974 371122
43306766165 17748
61078504241 371882
63068282012 464216
68455406582 331981
31799665650 145012
14476305855 463011
43582649935 457694
50167634706 456029
62639485410 217180
7015157666 371717
27345419499 107190
32571964553 175363
77156609767 111133
45741910182 59572
55306492957 39950
79760665085 18265
98782012627 208859
19542992606 253738
26869809190 338396
26620805665 24379
35779127607 127635
22407119954 332354
72715903637 197484
58569071165 256635
20819851354 89186
75574924550 422442
1682509214 133308
55277479120 469302
86945073392 481869
19020656423 125012
98584071723 340470
50590245705 174417
67068798989 472103
50983470994 93480
43854672693 235207
40939836388 431299
94324324623 138603
66747764334 497604
8190464877 325655
18424344870 301347
25283613791 363271
77556369811 449015
9705755993 394511
9147337476 415281
53262111243 220480
91674454255 475264
