97525
99671
77361
68798
99378
99748
99387
99378
98139
99671
99671
99270
99748
80920
99748
99671
99432
99378
6489
99671
43302
99748
99018
99378
35150
99671
99270
99270
99671
99151
16867
33730
82739
99748
19140
76884
99432
99748
99333
99333
99432
3053
99333
99671
99378
99018
99671
99378
99748
99748
99270
99671
99748
99378
98139
99387
99387
99748
44212
99748
99387
8159
99018
99748
20888
99671
90962
99018
90078
99671
98139
73297
82483
98139
99748
99378
85503
99671
43302
99378
99387
99671
99333
19140
99671
99748
99432
99748
99387
99671
98139
97575
99387
99151
99432
99671
36463
99333
99432
32861
99748
99270
99671
98139
99378
61201
99671
99671
99671
99270
99671
32492
48060
99333
99748
98139
99432
99270
99151
99333
99671
99671
99151
99748
19626
99748
99387
99378
99671
99432
99151
99748
12456
99748
99671
88903
99378
99748
99671
99387
99387
99748
99151
99748
99378
99748
99748
73384
4519
69734
3053
99671
99387
99378
91431
99748
99333
99378
99378
99378
60
82739
17371
99378
99018
28221
99432
99432
99432
99378
47849
99018
65194
8278
99671
99671
27888
98139
99671
99748
66948
99270
99748
99432
99748
99671
99333
99432
99671
98142
99671
99671
85297
99748
99387
99671
99333
92011
99018
99748
99387
86867
99748
99387
99018
99671
99270
99748
98139
99748
99748
99387
99387
99748
99333
60
99748
48028
98139
68279
69091
99671
7930
99333
99671
99387
99748
99432
99378
99378
99671
99333
99671
44945
1978
99270
99151
99270
99748
50896
48202
99270
99748
99387
89576
99671
78031
99748
82483
98139
99378
99270
86867
99432
99378
99748
99671
99333
4075
47187
99671
99671
99748
99378
99748
99333
99748
94530
19224
99671
12456
81943
99387
23399
98139
19224
65387
99378
65194
99671
99748
9190
99671
99671
99671
50478
99378
61789
99748
42913
99671
93694
8159
98139
99270
99387
98929
99333
99387
99018
99378
9516
99671
14811
15395
98139
99151
99748
99270
99748
99748
99378
28929
99151
81943
99270
90078
98139
99378
91620
99333
99378
99671
99671
1449
19413
99378
99333
99671
77888
99333
99671
99671
99151
99432
99671
99671
99432
99748
99748
41652
73384
99432
56635
37683
99333
12456
99378
99671
81943
71952
99333
12272
99018
99748
99432
99378
85504
45890
19626
99748
99151
99333
97575
99387
99748
99378
88382
5519
99748
60
99378
99378
99671
99333
99671
99671
99748
99151
99333
99270
99270
99378
99333
99387
99671
99748
99387
99333
99151
99748
99387
99270
98139
47849
99671
99151
98139
99270
99018
99151
68762
98139
45462
99748
98139
99151
-1
34084
99270
99018
99748
99748
83777
74597
99378
99151
99018
82739
99333
98139
99018
99270
57106
99748
70998
99333
98929
98139
99018
99333
98139
99151
11577
99671
99333
3211
99671
99671
99748
55646
39203
99018
87951
9190
99333
75925
98139
99671
99748
99748
8278
4442
99151
99378
99018
99671
3211
99748
11044
78999
99748
19224
3053
99018
99671
99333
99270
99671
99671
98139
12456
99333
28221
99387
99748
99748
99270
51305
99748
99378
99270
99378
99748
99333
99748
78472
19224
99333
99387
99432
99671
99270
99748
99671
99748
99671
99671
12272
99748
