500 500
11324 11335 49814
74746 74876 36820
93694 93054 66380
99387 98596 37125
24784 24629 5294
64277 64098 83030
27888 28400 97707
81943 81602 67219
4244 4324 1024
3893 4028 21269
39531 39675 85658
82483 81949 74198
91620 91628 39475
16867 17349 46965
93223 92512 21368
11486 11611 57363
60546 60311 87925
89436 89291 45809
81861 81789 89831
17268 17087 94619
99432 99214 30120
6113 6329 17629
68104 68074 10701
30079 29778 59800
9887 10179 82739
30832 31119 78102
7134 7882 89241
4525 4908 16617
68714 68226 56504
18497 18803 77686
3228 3623 23626
64588 64631 88432
14762 15382 94803
77361 77071 48858
8181 8784 7654
28929 29380 95372
54647 54213 20415
85216 84949 8835
80798 80012 96912
25675 26276 79069
47849 47858 96914
60295 59973 23649
40842 41354 40977
57451 57103 23370
61399 61480 27356
49562 49545 5566
37233 37243 79515
50352 50036 13026
7648 7732 72306
84977 84458 10523
52787 52696 18779
98139 97594 45097
7315 7596 30055
11577 11921 99870
46393 46724 42992
27594 27703 27131
65128 65066 56505
32861 33172 40132
63818 63494 79423
5570 6425 1122
56635 56277 79670
48060 47566 66997
66948 66601 36136
11672 12008 7378
88608 88362 50514
55309 55072 92003
18267 18973 92010
37496 37579 59047
59471 59653 5186
41858 42159 74564
46905 47298 15516
56084 56057 55412
61800 61367 30349
54165 54557 53434
18341 18406 16037
9367 9353 18379
76233 76342 26014
94798 94668 61166
73945 73527 14189
53151 53265 76826
58995 59157 46140
39806 40230 45260
43815 44054 62128
34720 34395 20222
48202 48555 78520
26822 27243 32983
12456 12658 76007
88133 88123 19408
67861 68072 9624
39898 39692 44986
40685 40704 4882
32538 32548 29653
46680 46334 14068
31101 31720 65604
59771 59335 62508
23399 23573 80382
22325 22996 78342
36423 36329 79732
99333 98434 47416
78999 78811 53673
42110 41803 53657
64100 64204 39159
10651 10530 83360
72979 73167 44712
38051 38474 28576
54641 54065 42992
32492 32718 84944
88382 88092 81165
73384 72603 43823
94633 93942 30187
23684 23696 57416
43016 42866 97195
89576 88949 29718
49310 48993 3293
42913 42516 59009
11091 11862 55589
34084 33821 35084
21560 21640 985
42712 42443 50243
88412 88332 85158
82739 82150 94889
33730 34000 65239
17980 18400 27843
26337 26214 67051
82190 82279 16011
71647 70997 17193
41273 41238 13890
27046 27040 56625
48028 48242 72034
26114 26630 10345
50942 50756 92746
9190 9508 88699
95433 95214 93328
97470 97418 97457
83777 83588 49524
11029 11335 47010
60178 60172 98328
19140 19480 91268
68279 67596 58158
21810 21981 32314
77401 76891 42948
82267 82343 89924
91251 91149 94419
28221 28704 37585
61789 61498 48119
99671 99491 83889
65154 65328 57532
87052 86241 83444
72554 72430 84392
15571 16260 5740
58678 58578 96516
80628 80298 79811
25487 25504 29127
5495 5745 96608
25307 25105 95527
51646 51745 40982
44945 44995 13069
40548 40601 81582
84851 84173 99739
36463 36065 94847
27438 27354 87378
90962 90344 34177
80244 79433 94978
28324 28184 33572
20888 21069 66594
94358 93374 90308
43302 43333 93113
75925 75303 37523
10463 10685 29583
68798 68343 77430
14811 14768 92040
55646 55979 62766
66646 66527 29493
58902 58547 688
50896 51010 88081
15401 15536 15035
80920 80752 93389
17371 17430 62865
17826 18431 22432
96057 95545 9150
73483 73440 70035
31570 31886 19082
90554 90389 58072
69122 69205 1555
24892 24975 77370
5234 5726 23412
56308 55984 28398
61696 61816 66890
66343 66465 50825
80338 80299 8235
85504 84706 73651
88903 88325 38637
35150 35030 32440
96687 96182 45813
42459 42622 66279
99378 99000 73702
61189 61113 54262
39738 39775 6656
49681 49643 58796
45706 45746 66086
58931 58315 34889
43267 43267 54836
92754 92194 64193
33660 34131 65273
91873 91327 3787
31481 31758 62475
60398 60259 26999
45381 45597 77043
1978 2299 37973
76884 76420 47683
74185 74023 69
58213 58023 71545
7454 7971 75862
48076 48195 52369
19224 19830 93957
65837 65787 91143
78155 78212 40723
92011 91705 97890
57514 57858 22070
15027 15264 18648
90180 90160 33931
41129 40849 46119
87951 87353 92307
42914 42734 38820
12272 12479 48269
11923 12521 61147
52986 53221 15486
57106 56913 82491
63989 63366 68467
77614 76833 31782
38068 38324 5819
82763 82224 18375
10704 11496 20454
46566 47013 25377
92896 92289 5031
36879 37416 63251
1633 1881 38601
24937 25497 92198
96282 95564 60807
30185 30772 40671
15910 16466 2469
90313 89562 14730
51305 51138 88318
91492 90935 78352
1449 1868 49115
41877 42342 42715
66480 66529 65617
69985 69957 19218
82485 82231 36542
21899 21848 8082
13730 13980 95720
96143 95197 5547
14309 14896 23874
33123 33451 59936
4442 4872 91235
14864 15650 23538
74739 74712 43603
91431 90685 11004
32492 32736 83014
51371 51260 52703
38940 38842 88833
42683 42574 72134
8371 9063 9777
4307 4947 550
27130 27386 84963
3211 3680 92022
38104 38564 36907
63113 63345 54635
8278 8214 71757
69091 68963 3731
92223 91556 5424
49035 49390 53339
17490 17494 20924
51214 50826 36445
97575 97163 99248
88643 88237 23807
2449 2942 61281
3343 4086 45168
97980 97778 43506
65939 66083 68097
60264 59607 29975
57442 57656 29129
45672 45903 20966
59895 59333 610
50478 50398 41151
97459 96666 85077
18055 18051 21537
47822 47325 17605
62366 61986 17346
6479 7091 90080
4075 4675 26747
7842 8668 86775
69277 69349 9769
75225 74953 24169
81182 80882 81623
72836 73032 16749
80827 80922 42975
36176 36464 85159
98142 97192 1720
3053 2999 98815
6489 6752 51100
95428 95328 30412
5084 5364 33855
74597 73759 67995
41616 42156 68038
64422 64715 48690
89087 88317 68136
4023 4034 23554
53368 52952 26480
24100 24186 86479
91399 91070 54005
20504 21260 54673
51710 51704 3229
64117 64107 39110
80665 80480 36698
43027 42780 35418
37683 37330 73020
99151 98632 28967
25150 25629 57162
70998 70259 85438
90256 89873 89239
73777 73165 67748
86481 85792 43965
75498 74960 54177
1371 1561 84761
18645 18817 32320
69734 69702 47857
98929 98156 4714
9516 9689 29624
54600 54264 56119
41652 41313 72452
43639 43242 4778
87978 87746 31811
25478 25954 94078
95679 94775 58583
55315 55018 42017
50740 50595 38198
52720 52409 88741
5519 5843 90892
61533 61190 30117
55918 56060 16213
77888 77052 50273
95322 94399 88513
76593 76156 50010
85297 84589 85868
16034 16514 14611
53226 52994 45075
45890 45771 22913
73297 72897 33268
97791 96811 27392
48845 49230 67421
86867 85941 66122
60114 60387 33274
99018 98195 26629
29650 29336 85537
61932 61653 85836
78031 77267 64631
4801 5494 99420
71952 71675 53877
59958 60048 49428
96293 95524 30253
27363 27737 73316
59810 60052 53025
49580 49446 16447
2310 2394 11733
74602 74696 50859
50177 50459 58427
39203 39293 57694
21521 22036 13734
5310 5541 94318
32825 33077 3498
72447 72202 73527
7930 8548 52748
88409 87801 14573
4885 5648 97945
85503 85564 56335
78472 77798 47290
64413 64189 67365
47187 46872 84190
10968 10966 45296
54239 54169 28155
72816 72650 95234
25974 25766 77201
53527 53806 76515
36303 36079 53654
25500 25810 44831
39932 39522 20443
58340 58463 90700
19626 19702 70914
99748 99686 80902
57080 57326 19027
59074 58559 23834
47720 48109 17117
68762 68227 77741
26146 25915 25641
22743 22686 31519
4084 4218 44163
2419 2909 5116
65658 65525 17505
94530 94524 96283
61847 61381 36467
70548 70213 2039
65194 65059 64688
65387 64661 78728
21462 22138 3735
65610 65521 16531
11320 11650 33628
54857 54664 83324
66500 65963 3765
59624 59469 8996
87356 86628 9699
91010 90452 27262
71070 70449 48179
4909 5819 98289
64048 63461 32300
38690 38533 51697
32186 32007 81470
97525 96896 78533
40610 41162 74647
37056 37309 30827
72983 72798 83821
19413 19734 43070
38582 38227 19046
90078 89789 90849
29479 29305 1776
36123 36566 96493
79735 79279 6147
6319 7102 95144
20301 20906 25091
77223 76683 22931
81337 81137 54266
60 10 85801
87305 87066 30516
51495 51245 78994
91366 90581 40460
74866 74266 21080
62933 62873 99504
86473 86403 21917
29906 30599 29158
32023 32441 261
71584 71329 93746
25245 25636 85983
44212 44160 68919
65174 64688 66541
95058 94730 2911
7782 8436 81264
48436 48071 32995
14685 15411 64169
32350 32739 93410
72518 72295 21174
43513 43991 52391
86651 86470 21455
67715 67370 46166
77048 77063 1156
25925 26602 86367
4519 4922 80107
97037 96274 24626
66394 65956 6224
90981 90426 55194
340 355 58836
11044 10955 63539
53271 53420 2715
23702 23830 40537
72569 71900 48522
75148 74832 72522
29557 29520 45844
54491 54785 88879
25606 25675 59508
8159 8096 42317
87764 87694 3382
26485 27133 32807
51155 50865 12219
44465 44826 37282
61201 61166 32067
15395 15452 75206
27849 27809 58724
21884 22473 28445
49826 50186 58485
6061 6498 56911
62575 62345 46967
36040 36580 89210
78091 77306 26862
51049 50952 54419
81208 81339 76666
59462 59122 89128
12966 13755 12933
43138 43550 79386
76980 76511 21779
16393 17119 69013
51506 51219 13778
57216 57484 15555
18679 18553 13198
99270 98791 52983
45462 45391 45744
88299 88136 44930
97503 97111 87328
54000 53855 69857
30619 31185 58736
25317 25818 28706
34435 34193 8405
22424985795 230945
93213828815 109799
32817364335 422459
28504725487 405854
91286264767 253758
83720870401 8357
97730322663 223439
51545861422 296745
55244814193 472843
61840319040 157905
25812317258 86093
54543444231 363281
14348872374 67730
23247183161 286916
88155082459 19874
63441467029 113896
38409198284 173817
86930197734 284496
3223867389 413881
77169848101 88339
16200754742 363685
94319327838 44484
61722943997 444249
74810010907 275922
13933444829 385050
83401600272 142200
38265867381 360508
90920608778 404236
82902918521 128988
87363488911 426760
8380727609 462266
11798428517 334553
35993714994 429244
47517915273 52356
7547916161 375854
30065456641 389608
91787919833 182909
63911838419 77266
61370685338 323945
88704905821 322762
53980440898 174239
1832601994 431823
84034536216 310026
63285217575 155674
81289146655 240871
90555046229 439497
70834956744 115237
52400173113 264162
75716858829 52126
11872529863 48328
49779305090 401486
87087398023 111672
35476918551 67558
43604637163 232499
85594920784 496121
35908661693 228598
39130153085 223124
87903579885 13685
20028462682 437958
29429668253 72376
49872891392 225567
3068714599 332200
92465497230 446907
85661256997 62722
7126074432 314466
33165660902 144982
32214415390 354615
69620704280 455321
15276981987 170062
96505407520 151162
83664280695 477672
20345637370 277483
19375899592 235527
81244075355 472612
79477790857 67095
70459685569 269791
22128419653 258767
58256986998 91726
15326580550 346278
27745739580 239516
34258054465 201757
38945478097 92256
41068885936 346435
2617460173 133309
83983656710 104946
96519128749 54750
95817871690 171305
48557691373 22927
44165078758 211669
64037348915 107469
65169451685 469722
9419369459 96800
87969889680 231857
97371506975 420425
58976428604 184685
72239497402 154069
18426379025 491132
47497548919 323287
92424827634 178506
14388160632 415163
78747977992 29066
53803779624 377326
79442328001 123571
93030938295 497135
88026984522 238046
21103806783 343066
82916256054 92388
46388968129 118920
69311934047 97175
68126123986 395183
98277605422 101409
13848894246 415252
13587995931 280189
87964553832 336926
32630837056 40181
59112900399 490192
75743137424 193409
38161611888 381397
98696932609 433250
83080056031 319934
12880973416 98468
94404163574 127236
69526755211 422143
44157054147 29978
4379942256 205707
81715470775 22729
83699675700 224446
89402526269 284675
22586127131 91835
84854143362 185615
75368424375 429822
74410430871 59981
3529996865 254566
90798588257 29486
37624061607 140163
35742058619 399745
53285392549 274547
39536238176 79223
55742122606 99640
28844588551 217557
61169763415 200665
55709977831 78126
69494817911 429165
63792486179 53432
96246036790 276583
70758739417 12013
93364112562 11633
761042423 10416
504666744 99535
25128217999 354226
1359543275 356570
28657021775 143880
75745672027 217244
45713133971 299748
39878525358 433412
37356097725 32565
65053857856 307580
51498661727 256841
92818073640 271673
98280768839 259355
365965946 294260
7601534044 92336
3779463523 206242
31732068105 238625
60068847691 441332
14696897939 491726
25768186109 175183
69974000407 169899
27887204337 183039
56360443804 279488
15509604719 322593
62506462960 446928
21636466075 330301
4978584728 486635
47216556510 121271
82777453041 103309
13404679355 457179
91245543136 485352
57710414793 157130
11423571816 8246
3059750677 45677
47001247348 369408
89811422756 58795
71557456326 179303
61416366346 38375
62436958642 80926
97665255422 347076
56699506759 176591
31309017825 138495
49064928842 467485
18810036086 125517
69378913733 144160
42829952383 499084
24290503804 11434
71753353046 226228
87685567870 118426
97689066076 316665
32835260716 352115
66583111081 437704
37646369930 7004
45690615726 196286
27490783779 315335
18881861590 12593
63133474336 210634
77003815269 441605
66627291787 146510
71129793285 394351
14417156231 13930
74291161264 494303
74772101122 30522
88431221379 36984
38997065497 196492
92604636682 217427
60876075270 41082
54791742521 322246
209680698 204813
22270198817 19289
19376285465 399841
67698803712 482607
28879008779 418352
27814975494 393415
30189512719 134657
1137142244 137237
59397686297 347630
89089516074 113190
52128404283 225181
98577429524 70522
35739368663 182268
68167302898 248247
98426642763 242126
33316683977 125819
56361279138 335787
15114919700 91357
21817987646 471583
985990864 314018
37525299286 364377
73676665193 424554
73235497086 394024
74025968865 21685
14449137743 283760
7029921167 143785
52964537964 379557
97353630417 15979
66777531888 230423
28014161398 311586
70828996349 85868
34824340892 440076
58022894922 75599
24970319279 300754
63207537560 469751
43145134082 264635
92963762986 375700
32191344756 368689
40431206746 175604
70107238033 276932
90856216595 66443
48151142998 150492
42275846789 312840
916346328 193981
15914304652 332442
69521805326 112410
51780076999 160193
47776253937 1533
55752813202 302726
65856548504 51795
91667300383 333565
97455022511 71087
47138577255 496467
9550829842 456166
88082841883 160591
6094989047 423254
26080854221 317537
70539815226 197959
7729246527 320923
57177809828 468827
6738837541 326755
20732035615 315571
69645958545 283211
32547311221 494737
98912678273 138099
39517290925 72498
4854136446 455629
72519865924 132169
42905878528 124840
42019595804 124483
22211396259 436620
79970796141 294551
30646785874 490541
41112366423 31495
12042405019 280516
77658606792 154280
43998390813 466710
3075113648 326814
67729463770 487576
50361594232 396815
67226566150 216616
90753151592 465593
97975239492 338149
50445342320 201494
93031713179 438396
39653806813 270318
1712327221 167439
22606626626 152597
6523196625 403973
8249546199 472888
62116013129 497512
96563552187 428042
72588543416 8383
82570345605 372602
9307780442 7442
40416630212 63393
66521891988 236255
13494999993 445485
86471366933 426671
34958070371 424245
45281378231 383810
35514290991 393477
55560568855 477812
47055095603 264219
25534907875 277008
76067145188 309131
56453038940 283577
55390465356 164420
44545981053 117789
339338822 148484
8440884251 395552
73776054804 238578
32524563022 323906
21099141511 120192
26324290690 336372
37453032649 309833
14547127836 131795
17323210294 97100
68064556125 420386
71546235758 175018
93845836259 130241
61493313509 84199
25694820718 189406
44409239272 77558
59416554497 52627
18953216292 448015
32198630068 434807
22222803167 184377
24983594989 431919
16246188719 420044
78921197352 336090
2958276310 216627
66819145454 281455
72993451779 153117
29063811596 353781
4368394204 60883
59054826063 333139
6240811444 437865
82491893185 447529
28439540298 8639
31722178454 172060
75251017120 241257
10539307785 123730
12068789948 257306
8949753220 403435
52369733160 36765
68213193053 435056
45500523212 318792
44052534430 448261
65713108788 200755
94193290772 27404
74901091921 237893
26666563274 301855
1185999357 185620
15610245961 34463
417381366 274650
69867592483 290412
30682960448 289210
87589362991 89295
98561955502 349218
71432773730 129551
71890303019 132377
39309775224 28935
73327440241 408367
98201057447 312291
81895666622 368883
96650380579 364096
48683704587 283978
89617217961 324667
52879082996 220093
50906122704 114934
46889743829 57027
63182893961 224976
93476910458 329697
77104090011 409498
44587525031 40066
98870083335 217756
46278927803 390713
60761348897 489151
18209503436 376779
21077953974 149026
50544890747 425648
82846936433 489782
83840776702 358498
71865868477 438985
80153629822 412148
31591912593 452482
54051233773 486947
21425142652 457419
28861013170 38960
66605958630 473293
41132834989 413773
32173881 377815
14429521704 402428
70447721702 382656
61686714404 441988
20496370099 2774
97246623621 80490
41934070563 493133
19459153589 260522
40929814400 260826
78278810526 420777
81054579803 438423
2976937961 36006
98637436247 307946
98588233023 499725
72982594965 458416
98984844994 369066
27648071656 474292
63931682798 9095
34286740461 478699
86727129740 345912
26773454212 271296
58410467059 469660
90364852516 442115
36924397512 352176
48871431552 484982
63575802036 434966
4578400296 351542
43611368770 125704
55693627665 338106
1959952752 447951
87320984426 157020
14644596047 134294
4387688968 8185
19044837339 337114
18751691526 464887
32749011491 331167
37709770590 428561
3012981214 294796
74577076932 351860
28471812873 371396
45532513441 460670
40381707266 131862
58223307053 76283
69672442377 50368
1218357639 130779
784636795 158423
50019303407 428743
64846018822 269432
70288554219 444370
97602975786 90161
2097653310 464941
69054544067 4693
2053049053 180621
36881470074 460102
23915529872 1882
7965361083 384037
1689661115 428669
77738895294 456008
40610234074 150371
44026383931 343936
86710224853 369063
83492135938 119318
64203329294 143236
58195173688 481592
6696935838 459409
87742468372 346478
14252388194 478871
59935602123 226492
84834357613 77124
10411306718 4437
88364926002 365523
13875530804 270459
4976064006 13898
25829822480 257251
73676247018 364446
92013933951 257597
79914921464 12224
90095299883 342580
9303269867 42882
32951633757 412759
6753402403 326875
94270972816 310564
98277286237 222070
24833778137 166167
83407224466 158983
42387870698 369020
19929075785 64191
67376456796 153116
94757890052 15264
35454156172 119095
46357237767 159091
6170814498 430485
37534326616 36463
