98286
99082
98513
99538
36612
98916
98916
98157
99991
99082
99082
99538
8189
99538
98157
98916
98286
98513
98916
99082
17906
98286
98286
98513
98286
710
99082
98157
98157
98157
98916
98513
99991
98513
99538
97589
98513
98157
99991
98286
98157
98286
99991
98513
34561
98513
99538
98513
98157
99991
10187
78739
80966
99991
99082
99991
98513
33862
98513
98513
98157
99991
67671
98157
99538
98286
98286
52781
10159
99538
99538
98513
98513
99538
99082
99082
96102
68986
98286
98916
99082
8932
99991
93116
862
62791
99538
99082
99991
99082
99082
98916
74618
98513
99082
98916
99538
99082
99538
68946
99538
98286
89495
99991
48526
98513
10085
98286
98916
98157
98916
99082
67168
98157
98406
8189
98513
98513
99538
99991
98286
98406
99082
98286
98406
1863
99538
99082
98513
98157
84398
99991
98916
68946
31537
84363
81038
98157
98286
98157
98286
99991
99538
98513
36555
99991
99082
17906
98157
15750
98513
98513
98157
47722
98513
99991
98916
99538
76323
98157
99082
48454
97589
98513
98513
1863
99538
98513
59173
41245
99538
97589
98286
98286
98513
98916
99082
98286
3063
99538
98157
98513
98513
99538
98513
99082
99991
71272
37136
98157
84726
99538
98916
98157
58094
98286
99991
56396
20374
99991
89058
98157
38132
98513
88345
98513
98157
98513
62928
99082
99991
98513
99538
98286
98286
37136
40014
42079
98157
36713
96965
28300
99991
98157
84726
98513
67671
99538
99082
83939
99538
98157
99991
98286
99991
99082
99538
98157
98513
98157
98157
98916
99991
98157
97589
99991
99538
99082
98286
99082
99538
99082
98157
84726
98157
98157
99538
99538
98513
97589
98286
98286
98916
99991
98513
99991
98513
98157
99991
99991
59800
98286
99991
98513
30055
94300
1268
98157
98513
89058
99991
98286
99082
98286
43409
98513
99538
99538
98286
98513
99538
99538
75966
98513
99082
7668
62177
99082
80353
99082
98513
84726
98513
99991
99991
85833
88373
98286
98916
99991
99082
7603
99991
98157
51243
98513
98286
98157
80966
98157
98916
99082
99991
98286
98406
98916
99082
99538
98157
99991
73961
99991
18048
98157
99991
98157
22224
99538
99538
52781
99991
98916
99538
98513
99538
58094
98286
54984
98286
51243
99538
32537
99538
97589
98286
99082
98157
42582
21788
98513
49997
99991
98916
98513
99082
99538
99991
98513
98286
99538
99538
98916
98286
99538
98286
89495
98157
13210
98157
99991
99082
98513
99991
99538
99538
98286
98286
98286
73961
98916
99082
98286
62842
98286
98513
98286
35026
99082
98286
99082
24479
98513
99538
98513
98513
99538
99538
98513
98513
98513
99538
98286
99991
98513
98286
58800
98513
99082
54054
98513
99082
98513
99538
98157
98513
98513
99082
98286
98916
98157
50499
98916
98513
99538
98513
98286
98406
19701
97589
99538
99991
4494
99538
99538
36713
98916
97589
98513
98286
98286
98916
99538
98157
98513
62928
6556
98286
34779
43323
1754
98513
99538
1863
98157
98286
98157
98157
98513
98157
98513
99082
99991
53755
99082
98513
98286
98157
98157
99991
99991
99538
98513
98513
98513
98157
99082
99082
77412
98286
80353
98286
98513
99991
99538
97275
98916
99991
98157
98916
99538
