500 500
24479 25060 95680
28021 27862 41524
61579 60955 59849
37735 38131 20221
28241 28147 58266
31391 31535 21369
34573 34450 66383
40839 40843 51836
56939 56589 66419
45495 45914 12300
15750 16375 90404
56091 56141 37461
67260 67463 76010
41572 41784 19229
68557 68711 28637
74652 74064 84635
4185 4241 35696
13210 13128 81737
98513 97808 79596
8189 8138 85084
49882 49626 62025
4777 5437 44244
77177 76932 18076
80152 79761 87509
1268 1195 29181
24930 25328 54253
84157 83940 1774
6112 6181 3442
31667 32234 29044
18443 18692 1002
33862 34268 74956
23698 23986 29638
98916 98010 36340
31090 30702 77580
26014 26659 64822
9168 9811 48816
4494 4471 95247
40673 40686 71323
65001 64628 18184
97149 96192 88168
75309 75086 38341
62983 62356 17438
64834 64295 72732
46149 46568 38404
29532 29384 66130
99538 99192 64287
21790 21488 75056
5965 6228 11356
48526 48364 28794
10187 10894 56928
48897 48961 38756
30061 29804 57769
72443 72667 10362
36362 35950 38799
66719 66949 33159
70246 70118 21880
6157 6788 45069
42079 42443 47239
349 882 92935
83888 83397 36076
1863 1834 72837
13223 13329 34955
57839 57842 22222
58800 58242 67420
70363 70000 96741
50445 50854 35933
736 1337 62229
36210 36346 44174
88404 87900 56631
52202 51869 32234
34561 34462 88493
43010 42902 35483
32452 33003 32259
42767 42796 99768
24860 24554 64933
76137 76167 38335
67896 67892 15016
49191 48664 6199
72881 72653 58793
84726 84063 64976
2966 3185 26804
76323 75576 45171
59176 58832 23761
34779 34396 97560
20934 20847 20290
95074 94441 53510
96102 95230 58877
97589 97511 95811
30817 30656 30980
48004 48199 40202
35439 35946 31804
1754 2340 7339
25066 25372 42285
50499 50838 84787
58094 57896 44480
37045 37534 40482
40014 40347 94116
35217 35398 3089
9493 9653 10886
48598 48509 23296
17403 18020 16998
69744 69346 61861
42530 42811 95104
49235 49230 101
96852 96016 98878
68946 68383 91527
18514 18770 40626
62280 62569 94698
26237 26284 2633
46440 46655 56072
60708 60818 2100
90607 90378 25122
97402 97140 55112
16487 17098 54689
15773 16309 53484
57163 57441 87746
80129 79977 1218
61745 62044 99639
57752 57963 84626
42582 42414 68081
84234 83910 59186
88345 87972 91901
14988 15677 12240
95742 95376 48761
84398 83618 86708
42428 42526 75437
16443 16678 83460
54998 54415 73743
48454 48134 80026
42423 42670 88647
25609 26146 93380
67671 66942 95384
49834 49460 14908
36044 36259 63361
54708 54417 77554
92625 92491 15619
91196 90871 8704
71238 70835 13333
73807 73211 74186
94189 93855 37375
25180 25571 94948
26914 26746 18516
74618 74411 52195
96340 95454 43333
60477 60753 48285
85289 85265 21642
14117 14414 31426
54984 54998 87002
84806 84580 3217
50705 50722 66503
71272 70605 91919
16318 16479 77236
51389 51396 71562
86803 86229 21064
1368 2040 40710
78009 77546 52639
65902 65899 67769
41156 41371 41516
28039 28023 68479
73996 74027 7208
24772 24711 95413
40385 40019 27580
5257 5542 71889
78322 78433 761
89058 88344 70231
17412 17465 46567
8563 8498 30257
98406 97811 2822
27057 26863 45559
73562 73757 89925
9727 10203 54144
47048 47483 22119
38832 38502 34863
3063 3725 77885
57432 56987 85799
62177 62098 59630
55247 55515 10524
54624 54296 59350
43323 43746 34818
48688 48779 60923
84002 83776 6889
73961 73189 90439
48230 48384 33896
52781 52669 40463
18416 18245 13576
59187 58543 63582
80353 79827 70558
8932 8933 77387
87983 87651 3567
47219 47393 32611
56660 56359 11930
97004 96804 61924
14684 15226 32763
23297 23180 88334
61142 61099 79683
78963 78750 90819
21788 22171 89013
68986 69193 89243
33115 33035 91741
25914 25776 70620
63073 62528 11594
49440 48924 47751
14802 15278 73092
3628 4138 14734
18048 17977 41625
51546 51889 6082
7345 7650 24723
89834 89686 29418
5142 5220 97134
59173 59227 70892
27836 27617 40429
56945 56703 56598
94209 94215 90701
47835 47637 99178
12416 12789 75497
19988 19918 7062
72680 72589 56265
96119 96107 8888
67168 66880 24311
71178 70660 70340
57632 57722 3775
43409 43318 13217
22536 22673 6375
35026 35135 76833
70876 70660 50903
81038 80693 32516
60718 60533 8036
50076 50315 33086
47114 46653 28630
49997 49930 80866
54210 54338 63257
10085 10782 88234
77412 77626 75330
7638 8170 74892
50053 49506 49164
52002 51966 36386
4798 5001 90809
57002 57311 16709
6996 7540 15988
89905 89585 34196
93116 92408 51139
55324 55609 55485
99991 99732 59362
44910 45176 38904
29461 29292 2163
35702 35538 84066
26226 26514 57642
38132 38296 71962
5509 6244 26493
47042 47448 8563
7323 7919 81596
24033 23770 56231
26604 26490 94124
76774 76723 36553
14429 15213 25690
44571 44811 57390
7812 8537 919
39958 39902 22452
29927 30126 32196
88112 87497 68924
54899 54641 3754
89495 89286 60504
50786 50452 74909
35140 35499 81994
16896 17109 75084
80218 80081 49264
41245 41436 89130
49274 48861 41584
66966 66717 52946
21657 21977 45736
50208 49725 93506
82845 82041 27650
89384 88554 28211
22224 21995 72384
6556 7234 40925
98286 97416 80070
83757 83307 38216
66866 66847 33009
46626 47104 81256
4198 4588 80272
67946 67373 77741
28300 28085 68227
43260 43156 89089
50764 50687 86535
29905 30532 48503
47320 47550 30148
68022 68292 14821
77835 77171 28607
70398 69878 58165
30321 30715 73427
23883 24406 46378
41756 41804 30800
27843 27796 46591
13454 13371 67118
96061 95303 81163
42641 42537 1676
62779 62796 80401
37136 36934 49063
62791 62791 81627
40791 40679 37762
39921 39610 65590
24578 24803 15848
36555 36693 94083
75156 75274 6188
93271 92585 94453
93523 93358 61129
52548 52231 13938
41706 41513 99143
19964 19897 5967
80194 79914 28033
23457 23363 25920
4708 4850 1172
89048 88681 10615
84363 83671 22261
22918 23196 66003
61147 61056 28829
96628 96109 19324
61932 61749 69547
30199 30024 16753
45828 46274 98541
710 934 72576
31904 32442 65951
88373 87594 63433
72270 72315 82057
73353 73432 68469
2113 2142 5364
34036 33708 1343
65342 65216 91636
53755 53365 57291
49775 49531 97721
25289 25039 5742
96259 95852 86592
80966 80479 56135
19620 19809 6678
20374 20115 78201
71611 70991 2256
13062 13111 5361
91877 90990 55475
17080 17228 58498
24407 24916 87554
59145 58580 1721
14969 15443 7914
1314 2084 16460
20853 21189 59191
75021 74483 45282
19335 19472 63334
10159 10221 88527
14749 15186 71087
538 872 57699
93117 92734 40101
44988 45226 89163
87567 87417 71161
56119 56068 90616
12724 12887 9091
79838 79690 36041
14575 14845 76141
44920 44775 3299
43952 44034 23717
84297 83580 18683
80081 79795 51684
6846 7206 66351
5328 5676 39951
17906 17923 68741
78790 78523 38817
69448 69227 383
32537 32359 94585
20140 20593 37625
24109 24626 84161
38517 38400 21052
5183 5093 6537
49286 48738 80821
93804 93822 76835
862 1625 79377
36612 36312 40326
26277 26116 36005
6313 7084 32741
40127 40457 82925
55198 55180 78776
26300 26978 86015
85767 85132 34792
19701 20360 66398
94321 94267 97013
17410 18137 16543
26524 26907 64295
49265 49193 47861
61721 62000 52897
97123 96927 4862
7668 8087 54972
63165 63120 5827
27900 28523 43516
31537 31239 96671
84271 84119 9293
79182 78803 29710
6125 6387 3924
38749 38592 692
29838 30174 27843
27552 27680 12556
10552 10783 20372
77676 77214 11925
99082 98039 79255
75966 75142 59217
10467 10313 67563
70567 70392 45918
6742 6679 89533
18909 19530 70846
49046 49325 88227
70294 70184 56405
55015 55310 24298
59800 59352 55116
97275 96552 88387
48301 48350 72102
56396 55744 53175
73670 73010 68955
69144 68938 35980
76118 75890 46072
97272 97090 55
20846 20902 17726
7603 8194 62699
31910 32376 71677
18383 18594 14805
17852 17891 53213
988 1888 62434
78739 77955 65769
27920 27828 13622
19405 19391 15476
81973 81597 24391
20660 20510 9273
36713 36390 76463
47789 47750 65955
55729 56120 80639
44629 44603 54293
62842 62529 32984
36523 36304 62372
37287 37325 18906
30055 29740 46074
20552 21274 50330
59125 59111 99413
60634 60210 1574
49807 49901 83443
57193 57492 57825
22958 22963 54547
24209 24444 41459
58880 58721 21295
89805 89713 99978
62928 63021 87378
95412 94591 95805
22842 23388 73275
73190 72882 13578
93802 93549 54801
98157 97679 83248
77864 77972 69531
47722 47383 78301
40751 41014 82732
14673 15374 59470
67743 67095 18891
73039 72301 67294
50221 49916 30650
13926 14190 5442
45930 45575 67918
47840 47440 3345
2842 3277 49390
52988 52672 15144
8334 8774 6970
38195 37817 94286
91083 90712 853
26853 27445 31064
60780 60947 83818
72274 72091 5531
51243 51631 62181
26238 26569 84807
93761 93481 1142
82555 82120 81026
36558 36171 37664
78832 78768 51873
82225 82357 26952
60191 60253 90807
31249 31649 72959
64604 64490 52683
94300 93576 77303
79610 79290 63509
46949 46732 45321
74474 73988 29249
54054 53808 43054
72530 72273 93924
8165 8150 82789
71274 71021 60110
18471 18429 96632
28274 28678 4595
13097 13857 99153
96965 96056 98135
82253 81968 99514
60977 61138 53787
51898 51391 62137
85833 85169 72224
19083 18813 20592
59569 59136 20057
69424 69286 15375
83939 83114 51312
66224 66340 45435
90943 90114 22431
53250666869 397768
25309499137 191251
95175313302 243107
38262952905 73331
18814529584 499375
47912823410 228067
95799455218 224271
48000943765 455969
53347387990 55452
59231730188 178852
37096405006 196313
80920112938 81973
3292873529 342406
78561708638 122113
74754134648 470974
64002566933 230898
67927482442 361380
64228309750 280412
50688556237 234673
61070931120 179300
6088611014 329165
91192696764 359125
68572604867 359565
50908255013 263566
68426780798 401223
140591092 127030
26560961549 158937
68954191679 446632
86947842875 483267
87943131862 462586
78707455897 212096
80328439458 306870
15126245975 14764
38290571372 293349
24518391946 75440
84553080317 494663
72967016278 314515
95097876884 406796
22001091612 50325
70187831897 333648
51288106049 445198
75820346155 328443
8233258991 13334
29799610802 262607
13217056814 379099
87931211728 283662
72927121476 66378
95701068413 291044
79157141362 450235
21632876004 9053
5505452564 438014
27835473497 352441
28388138492 347175
46359348404 27271
58892443726 189743
61930071465 5702
73078240225 303952
5041740627 146581
73872008237 261996
68296668139 307402
63222176965 472250
39562634391 51282
26836572616 392969
84160634809 463627
63268263968 102738
81977194035 398312
54060609899 395923
7911395777 147861
2919130807 252423
78830447462 97833
22559188854 95525
47333386294 271183
34108819559 279868
96431735185 108520
84900081462 184157
83639517029 194035
35750267300 372708
27626831129 396659
69842787650 391077
43930875123 223304
50973297595 125408
4278237817 424861
74940448870 34480
29092701157 312866
175385283 111081
19906061182 315065
72712941248 92712
48057542397 164240
39535112734 36344
40784852148 195600
67790107577 156657
74686932648 207185
19201439650 257070
78150319937 278601
94153425613 130955
89266573758 238166
65799127075 84557
13583841049 132866
85919521596 78047
31380981756 451560
77561341339 75545
89197529528 349008
36475542877 401809
47038523422 33817
20887797486 427038
66902883629 308176
3631660765 336098
43371634497 359171
52276214414 213606
67778101109 478947
50803555075 223663
39679941936 190988
29704823412 439062
51096571805 458559
94827719375 319581
3465403085 374186
95203731997 262151
64444724292 280978
81808183859 104707
83071569332 27817
51681133981 388513
75704624558 319307
17712018178 173395
73351207966 397417
94993721786 319789
1852229107 472291
86272479014 114499
39002437766 139033
30432114780 240112
53679805225 483971
41955991071 488937
33439312505 39467
91600933122 203828
25232770526 363807
16070106706 489941
24878450635 294654
38835228534 470786
76346723752 419556
93654644454 326126
47710602483 415441
49198172558 396487
87440700359 32758
19210885036 104837
97331185281 240132
14767644065 398500
17887523319 17800
81108326351 181388
6667197091 356244
86650233326 473299
5994160510 361451
53597982032 256842
58900085030 299633
85489921693 407626
16613004420 347796
74498029521 253635
70439359459 44209
67449941688 218937
9923969303 75227
25059750342 324231
87199996476 430003
81342288656 186120
19232161772 393948
75771606244 499987
93513045151 285124
34898914477 311201
1589523726 395877
10997005439 99836
31555456329 312747
19464405074 326819
13045657057 310868
95206595547 64719
70071929423 486624
44394744831 397408
89992766167 333267
89803768735 309581
71549311886 227716
99619460208 167706
81859878876 340763
1416000615 320029
92181680827 71859
82679141554 436817
58909626271 246132
58603309323 244227
77528354185 69415
61008655931 264165
44208375053 134809
51009266157 33848
12608116488 176429
14958893037 387758
95427851104 410426
25907696745 300427
30932789220 100764
95665296281 215434
65573312461 467282
28255842177 478667
81318684345 327432
34225147912 25838
18368519717 322891
8706861054 409151
23702803255 54878
40225409240 445522
96246270924 453335
16849398338 428316
84323489324 306693
33799400033 382586
88622057729 292828
77068244262 474426
90280678552 269083
30076817067 463939
21668289906 138344
39502037095 19056
99060253405 264533
84964132042 61234
43132990621 335812
93476006941 356091
14281831730 373861
18072214606 444534
17586297728 412546
81664644227 430091
12451319448 330804
30144979304 311974
11038072374 369814
9333805559 15179
72448385544 404557
35259712735 408980
85305945406 266046
28177459612 414632
57092281095 101932
71473877414 136989
40520340447 478760
56927144677 73515
55734918911 427762
17502718636 28125
92961635870 369660
16792756986 44818
69232000135 158592
69562641439 98961
50320985954 459511
60822822575 308947
83217492124 434644
82314470255 411345
51659342884 220004
5117549602 46660
63091962927 416546
84364927923 499811
48944175084 39397
93499837116 93760
65947795080 125680
69027826818 398278
18075832709 131082
43104952873 70774
57803805739 139157
58329830774 464364
34298273198 397434
57643062038 475670
69099617843 444579
83736941954 62602
50448615923 114369
41169024550 248567
83568217854 494275
59161886923 365870
78427996056 386765
43393057004 228898
72256317119 43793
54252879352 309749
65855503454 33704
32950888606 244071
56013587118 410980
88565857031 8269
24412212066 50623
29925326982 493189
40477276048 329711
78226895793 54567
64830052828 286453
14366933391 466493
43797431215 463050
1367919222 434828
82626772286 420569
91937370603 315533
36463015572 405796
48475704409 12155
54152998158 381580
31981966970 180184
54495049833 341707
8565216437 191543
48997836163 273385
58897708288 79467
47039904612 106928
88565664183 331868
45940360521 296029
19529004317 112782
68494909389 99585
17220062481 226807
49863390900 283919
32449144161 154981
4422884260 492348
3908101883 62728
64920226711 124252
27075295424 333516
97591304741 129975
56391241662 293949
29290022054 340301
34435261260 264217
37198993053 35154
60104112031 27929
42587760976 487598
24034731145 271801
88047652861 340616
93484606691 222069
22591620065 26193
25078648426 180479
3125343443 381684
83695501027 45938
63338036423 448445
22579113776 430818
64744154849 241075
52549885123 331811
42543639646 402942
9495572397 116856
78348514708 428067
74394054554 203703
50166570640 170995
73521285880 53256
56352393161 366078
39780696409 318939
81316920893 209865
75635857867 125148
74170777797 76615
76126110713 447883
73438189535 26505
14397102583 194700
22411766477 20569
7235909550 380228
79819140728 450147
71014140138 34807
99453633391 441909
9945243293 429832
85336016920 73226
73328007888 89946
1766861309 33536
55106326931 54530
48475630702 231697
29668499813 93086
62423091642 317578
46119466331 82885
28703166990 486969
28603754720 292006
15067113814 273435
71438068980 398309
18380064126 353718
12748417205 84482
13827124435 410372
34945193283 90857
79153264556 493412
74790145062 338470
84345349948 146277
46342646873 427254
14412891999 333601
6872470474 307533
62383194512 245895
22994702883 458134
56359264449 17930
41462465725 207533
93406192901 283724
74007782318 178589
96685842603 116406
68161827935 53374
44349523731 317602
40953873696 374762
37703966056 69165
46428095391 80535
20800535066 209401
97011424016 334221
60582454443 113568
40643031248 329741
16597341042 185297
66379784147 459991
4936750343 351245
98849029656 415665
9977465238 3693
21198144294 163666
34370740023 252522
56372141296 51645
39586190252 96988
13823866295 71330
82352061871 341210
54063476523 322961
45172668018 365539
36545607793 490364
66761771848 210814
49269940329 139601
71827794950 373373
27248359521 423409
49861499619 361791
41061914346 254071
50918315152 352240
9522210238 268375
47062652393 166798
70079538814 348139
90218315627 174309
10668612155 426291
96153674862 249178
97892207179 82752
70595259011 280741
91542606533 282682
74466233394 121041
47275765062 120111
93012932834 297352
36143403599 279362
48827773056 311562
63711886852 91133
75959751265 376558
92107922994 31272
60842728002 308769
67286953164 328231
15956008401 271084
58139896748 306923
64553032510 150467
23736489229 434835
92275524099 264917
26362233642 162804
36316993787 287605
87339963918 101971
55807043002 404612
58343732044 263063
63498188474 295647
78619955221 135296
42787712601 400591
73494598364 219415
73262183824 432916
23055067508 451915
81962224522 235902
93373588546 317437
99423817683 91709
83711708049 255423
46330249397 369497
57690302724 319986
6319532030 306074
58328217839 495727
44455109247 85652
66372153351 50308
2638546479 490562
88362446865 119558
93092657808 69092
9656900044 257900
62651271654 232891
55752490734 493494
90473072818 289972
52301999188 338195
81663722022 379506
31765454778 222021
70396494294 89469
67856313752 479691
57919757769 284189
13205440161 206007
2390725653 325564
58133674068 350963
10594678551 300005
19549797888 433376
1740466795 468751
54558393654 267972
17747361537 67582
690346599 202462
69500388491 453803
42093695539 352207
48280219028 402557
92174359692 411199
94338886112 287830
72304344837 479394
35642103599 251064
29465265598 132067
52746251902 24505
17449640159 322385
46328584697 163733
61599027748 305704
42059070759 368782
50324983930 409401
52111787115 453798
45790973696 44470
64549242218 34537
62803783896 102648
53079081640 302012
76328441588 246583
49803796262 284634
46091922285 450226
39972334778 201968
99684725760 126166
18395717086 236895
87661464275 337461
40424195034 494888
61721531762 338823
46286724878 249580
61550664755 435
29371563139 115404
34013404400 349556
98668370918 231414
17086831364 52704
93150660080 425988
66399009921 231494
84732343988 85188
