100 900 2 1
12 18
5 49
28 39
20 70
54 87
24 63
38 65
49 74
84 87
32 69
14 99
22 54
89 92
16 42
55 63
32 72
49 75
2 6
19 88
74 78
2 94
13 25
22 99
50 51
78 81
57 59
18 36
46 62
55 79
13 99
15 61
37 41
7 77
63 79
39 41
8 91
26 73
42 84
43 49
55 83
82 92
39 74
27 77
61 94
61 85
82 98
75 86
6 77
13 71
3 46
10 70
11 95
84 92
24 53
66 84
9 13
47 52
5 32
18 19
42 92
7 56
11 71
62 64
74 94
35 59
62 89
39 79
37 44
74 86
51 79
25 98
10 79
14 60
84 100
30 32
13 80
14 23
3 6
31 58
71 95
21 65
64 71
43 65
65 91
66 96
65 88
31 68
60 92
54 75
29 43
12 57
50 62
9 26
38 57
19 70
43 95
2 85
50 70
49 99
7 87
18 24
11 62
35 95
21 42
7 75
35 56
40 61
84 90
22 94
18 20
13 64
56 99
33 73
10 90
46 78
59 74
22 97
21 70
8 100
11 64
48 55
2 65
9 45
4 65
42 77
51 53
16 37
22 49
50 82
33 76
10 65
37 88
53 90
62 94
41 63
16 29
15 79
15 24
52 63
7 30
12 82
23 53
14 87
54 78
24 55
13 77
17 76
24 88
35 62
18 55
43 68
12 72
53 80
90 99
70 99
38 76
9 78
7 52
15 63
20 31
15 94
3 74
4 91
9 75
13 85
74 75
1 53
18 26
18 33
17 74
63 87
5 70
12 78
38 48
15 65
2 95
12 46
7 92
6 9
61 96
3 89
14 90
9 74
76 100
12 65
21 37
8 19
17 58
29 54
70 96
44 88
38 56
9 50
48 82
47 80
36 51
42 81
5 90
39 90
56 81
34 53
58 81
34 96
6 87
11 43
41 94
18 48
30 50
44 95
51 62
21 98
45 64
6 90
55 92
3 17
4 12
75 99
26 58
40 95
66 91
67 93
62 70
57 82
85 86
44 76
17 99
1 50
81 95
4 78
39 58
28 50
18 74
29 76
38 82
37 90
16 84
9 37
4 88
2 81
7 20
56 77
10 48
25 28
31 57
2 39
81 88
22 41
34 60
59 82
45 79
14 85
44 84
2 72
8 97
20 100
64 73
18 63
8 75
3 67
54 56
57 96
17 95
63 64
3 69
8 56
21 38
18 71
34 83
21 47
29 50
14 25
28 74
74 81
25 53
69 78
4 14
39 56
83 91
51 80
69 84
7 25
12 80
95 99
2 89
35 71
94 95
40 99
41 86
41 52
78 95
75 94
13 19
26 28
46 95
52 68
19 32
55 82
29 49
34 57
13 53
11 86
27 33
25 74
39 65
13 23
17 24
2 66
32 45
24 36
2 19
51 94
58 70
73 84
13 38
64 66
28 92
80 97
26 45
30 80
21 71
45 53
11 75
59 89
30 100
44 97
37 64
21 94
71 99
50 61
26 66
61 67
24 97
7 38
57 69
48 74
31 88
50 99
11 27
12 90
88 91
28 45
12 31
86 97
15 84
85 92
27 35
66 79
5 58
43 92
30 71
17 41
23 39
28 96
18 89
35 36
28 90
19 96
61 83
85 95
10 39
18 21
81 99
4 21
7 34
37 93
90 94
23 91
21 80
9 90
65 74
12 63
52 95
44 81
21 84
17 64
54 97
6 69
45 87
34 52
57 81
31 69
9 47
70 74
24 72
19 95
16 83
1 42
19 66
71 89
35 43
52 90
9 36
86 94
29 85
46 51
57 78
53 76
15 44
4 25
47 64
21 90
12 34
38 66
1 62
8 86
25 92
43 73
11 59
24 27
57 63
38 93
64 69
72 98
47 97
59 98
59 81
23 52
23 64
70 86
46 77
40 47
14 49
56 90
6 42
20 30
75 81
17 87
80 82
6 57
19 56
52 91
46 68
15 48
29 87
29 69
39 47
23 86
33 55
63 71
36 42
17 89
35 55
70 97
25 50
3 58
80 83
43 100
21 31
40 76
18 40
55 66
38 55
31 47
53 83
27 76
48 53
2 53
24 61
70 73
31 87
37 94
5 21
12 35
27 75
37 48
3 33
3 24
16 45
79 90
84 99
32 66
80 90
6 71
17 77
72 96
6 94
20 80
29 51
10 80
60 76
67 95
53 100
76 89
10 15
33 45
12 71
53 85
21 86
4 23
14 78
8 38
30 77
10 34
54 58
5 63
87 94
6 46
76 80
38 78
77 84
32 85
59 86
16 39
6 32
20 62
20 40
18 64
42 48
23 42
23 100
9 11
30 68
38 94
39 88
4 67
8 14
16 85
26 40
47 89
43 48
10 87
71 91
17 83
13 56
44 45
11 73
31 72
33 93
31 54
65 82
12 61
39 94
18 47
43 57
71 87
22 71
40 87
4 72
31 44
57 72
76 84
33 41
24 73
16 86
5 17
76 81
38 47
53 79
86 91
13 43
54 64
49 54
20 54
67 88
13 61
63 88
31 49
63 65
50 98
4 61
29 41
61 74
28 59
18 49
9 57
22 86
31 61
25 64
75 92
59 84
51 99
31 85
15 81
6 64
71 92
15 37
43 98
12 45
93 98
21 88
66 88
18 45
25 34
56 86
33 64
39 67
30 37
43 84
77 83
93 100
89 90
55 68
93 95
71 93
61 64
55 96
66 89
28 47
23 49
82 90
9 80
7 15
11 18
56 97
63 67
26 46
16 25
13 33
3 47
38 80
26 80
34 73
13 29
28 32
17 94
65 86
19 29
70 77
6 33
64 65
37 71
12 91
7 64
47 51
16 34
1 85
41 65
2 88
2 51
55 57
2 50
27 28
66 69
40 69
18 58
23 78
50 88
13 26
74 93
15 36
2 90
35 51
16 58
58 68
11 100
4 85
3 61
20 56
8 73
39 98
18 46
5 24
96 99
38 52
80 93
11 57
10 88
3 78
3 9
46 60
49 63
3 55
39 99
6 50
79 83
72 87
32 62
48 56
10 51
86 90
57 92
85 98
20 58
81 87
23 88
32 78
8 13
67 80
83 97
29 92
40 70
73 82
18 22
42 72
35 72
1 43
17 96
13 32
24 48
2 23
2 56
56 91
31 52
34 93
79 91
10 74
60 74
97 99
19 76
19 87
14 58
33 56
47 72
36 99
25 88
31 77
35 73
38 42
4 17
20 24
3 53
28 46
3 64
32 91
63 98
59 93
6 70
19 61
35 46
14 95
4 36
22 36
65 84
49 69
33 87
21 99
19 81
63 92
16 74
6 56
71 85
20 43
35 40
7 35
29 83
19 82
50 77
14 35
41 79
16 62
39 44
33 36
54 60
9 53
14 84
3 99
59 75
32 48
12 19
30 93
67 79
24 84
24 79
64 85
22 98
35 94
31 95
23 36
13 27
52 98
37 77
51 73
35 100
90 97
52 100
1 75
25 36
18 96
13 50
8 30
39 72
45 81
17 46
58 62
44 49
27 45
39 42
40 79
38 73
30 89
87 95
78 80
6 31
31 40
10 25
23 65
28 89
74 95
12 62
37 98
51 74
15 45
86 89
14 34
43 82
31 36
4 19
56 67
64 79
73 96
59 90
40 68
15 27
2 54
53 60
22 81
42 63
73 79
64 94
53 87
13 81
3 18
8 96
44 52
92 97
73 88
34 56
12 49
32 37
70 78
20 89
91 94
10 30
68 70
76 86
48 85
72 77
1 79
64 96
52 58
16 98
14 30
54 99
47 49
22 44
7 45
34 94
68 76
6 80
27 98
29 55
37 82
12 47
32 81
70 94
10 42
14 89
31 74
29 48
55 73
1 18
37 49
4 51
7 59
24 45
12 93
2 63
43 61
40 71
34 79
11 36
68 88
33 90
13 22
10 44
22 80
17 20
6 38
10 11
70 90
53 93
26 29
75 79
65 67
28 61
12 95
44 86
25 75
21 29
32 34
90 100
15 20
46 86
16 31
52 54
58 100
47 98
43 71
30 44
38 53
24 64
2 28
12 48
10 56
58 77
20 97
2 30
13 59
3 97
57 86
54851 55046
61143 52745
73135 66424
81566 51101
81274 75976
82399 57477
71171 70564
67876 50034
53838 66006
56986 50987
69135 65549
81093 55927
74244 54496
73074 59197
68232 72976
79085 61674
72806 64781
60789 61971
64491 68540
79597 81244
68159 55928
65236 58776
81141 81495
58487 61745
70624 81582
64869 56522
74024 52439
81444 78116
55198 76081
56098 77886
70477 72041
79342 56769
69713 54264
76456 59034
50157 50413
53687 76777
52183 69613
68025 62746
59350 62328
56768 68945
78223 61805
72635 53260
67228 57553
77618 59652
55519 52428
70711 52052
55574 50420
63129 74716
77743 66255
53594 51944
79837 67730
74339 63757
61675 73007
67191 50004
72145 51599
53606 74395
76549 80668
63107 68151
74387 77699
54615 53726
54896 52664
81559 63173
82187 69690
50516 63493
64550 74904
77938 53827
56804 58420
73819 56976
60451 51783
81140 71822
72203 68389
65489 69588
66535 78019
61093 67732
73012 57462
55804 69499
66808 77309
62508 66777
62550 73666
54408 58114
64350 51293
80600 50164
65578 72026
75526 59962
78886 54076
71962 53520
62383 79553
68968 67527
50144 56168
67848 56427
58024 53041
51847 72100
72992 58276
62172 56282
57372 52244
80542 82332
79617 61733
67444 64323
77014 73100
62924 64978
0 18
15 0
