36
1 2 1
7 9 1
28 29 1
17 16 1
18 17 1
30 12 1
24 25 1
13 14 1
27 26 1
6 5 1
18 19 1
31 32 1
33 32 1
34 33 1
35 34 1
16 15 1
23 24 1
31 30 1
3 2 1
21 20 1
15 14 1
21 22 1
25 26 1
13 12 1
20 19 1
35 36 1
12 11 1
10 9 1
28 27 1
11 23 1
3 5 1
6 7 1
3 4 1
11 10 1
7 8 1
10 11 1
11 12 1
26 27 1
3 2 1
25 26 1
6 7 1
15 14 1
8 7 1
21 22 1
25 24 1
30 31 1
22 23 1
18 17 1
2 1 1
15 16 1
31 32 1
13 14 1
29 28 1
4 1 1
6 5 1
12 13 1
35 27 1
8 9 1
28 27 1
18 19 1
34 33 1
20 19 1
15 24 1
10 9 1
33 14 1
36 26 1
21 20 1
30 29 1
4 5 1
17 16 1
