366
301 356 1
238 239 1
215 217 1
88 2 1
300 366 1
78 2 1
2 128 1
81 3 1
172 4 1
102 2 1
291 290 1
275 278 1
3 108 1
301 365 1
287 290 1
29 3 1
195 3 1
122 4 1
4 118 1
4 162 1
285 288 1
315 301 1
351 299 1
363 300 1
3 49 1
2 183 1
4 106 1
119 3 1
139 4 1
299 335 1
213 210 1
2 156 1
59 4 1
300 331 1
303 301 1
4 116 1
232 229 1
3 113 1
301 364 1
248 251 1
181 4 1
209 210 1
79 3 1
3 76 1
299 347 1
281 284 1
333 301 1
67 3 1
238 241 1
2 24 1
279 281 1
34 4 1
301 322 1
2 84 1
2 147 1
268 271 1
3 179 1
259 260 1
276 273 1
3 12 1
3 107 1
4 60 1
161 2 1
222 225 1
342 300 1
201 204 1
210 212 1
126 4 1
228 225 1
87 4 1
3 91 1
301 338 1
146 3 1
3 130 1
82 2 1
4 170 1
168 3 1
238 240 1
21 3 1
269 272 1
279 276 1
42 2 1
296 292 1
200 201 1
73 4 1
1 2 1
2 95 1
158 4 1
3 77 1
191 3 1
3 167 1
219 217 1
4 40 1
2 39 1
2 187 1
178 3 1
274 270 1
30 3 1
257 254 1
163 3 1
14 4 1
61 3 1
31 4 1
312 300 1
272 275 1
94 2 1
352 300 1
74 4 1
304 300 1
64 2 1
197 198 1
2 132 1
10 2 1
4 25 1
4 188 1
241 243 1
2 135 1
261 263 1
4 176 1
2 44 1
173 4 1
27 3 1
2 127 1
235 234 1
264 262 1
9 4 1
277 274 1
301 334 1
270 268 1
3 157 1
131 2 1
185 2 1
89 2 1
247 244 1
292 293 1
295 293 1
336 300 1
211 209 1
300 311 1
250 252 1
186 4 1
323 301 1
329 300 1
206 204 1
19 3 1
136 3 1
300 360 1
301 343 1
199 202 1
317 300 1
189 2 1
280 276 1
62 2 1
196 3 1
218 214 1
301 321 1
4 177 1
55 3 1
220 218 1
4 93 1
299 306 1
245 243 1
359 299 1
3 159 1
164 4 1
142 2 1
301 310 1
109 2 1
2 37 1
4 115 1
2 184 1
97 2 1
120 4 1
325 301 1
229 225 1
4 104 1
3 103 1
4 133 1
330 299 1
4 71 1
3 54 1
5 4 1
299 344 1
2 53 1
233 231 1
350 299 1
3 7 1
222 219 1
357 301 1
293 294 1
345 300 1
4 2 1
264 266 1
198 200 1
2 117 1
23 3 1
301 309 1
36 2 1
230 231 1
346 301 1
286 284 1
301 313 1
2 33 1
299 341 1
143 4 1
301 348 1
265 264 1
198 199 1
2 56 1
57 2 1
69 2 1
4 134 1
4 137 1
3 166 1
3 2 1
300 316 1
22 2 1
18 4 1
337 299 1
150 2 1
213 214 1
307 299 1
4 110 1
221 223 1
207 208 1
2 43 1
11 3 1
4 20 1
300 328 1
230 226 1
194 4 1
2 13 1
100 4 1
2 83 1
4 50 1
258 257 1
287 286 1
297 295 1
145 4 1
297 298 1
289 288 1
4 112 1
339 300 1
234 232 1
209 207 1
160 197 1
326 300 1
203 201 1
2 123 1
278 282 1
305 301 1
320 300 1
129 4 1
4 144 1
280 283 1
169 2 1
80 3 1
267 269 1
237 233 1
267 263 1
124 2 1
3 121 1
299 319 1
252 253 1
301 354 1
45 2 1
4 180 1
38 2 1
3 165 1
4 148 1
2 114 1
300 358 1
327 301 1
2 85 1
193 4 1
4 151 1
3 171 1
2 154 1
3 138 1
324 299 1
2 47 1
252 256 1
301 355 1
308 299 1
90 4 1
3 26 1
299 353 1
153 4 1
207 205 1
301 299 1
254 255 1
182 2 1
149 2 1
4 63 1
141 4 1
2 155 1
248 247 1
35 2 1
2 92 1
259 258 1
299 349 1
3 96 1
139 299 1
261 257 1
86 2 1
2 98 1
244 240 1
254 252 1
2 48 1
125 2 1
2 41 1
299 302 1
3 16 1
221 224 1
2 105 1
361 300 1
140 2 1
285 282 1
3 58 1
227 224 1
4 17 1
4 6 1
3 111 1
2 72 1
4 68 1
2 65 1
2 175 1
249 247 1
270 273 1
99 2 1
236 233 1
32 3 1
3 51 1
75 2 1
219 221 1
152 2 1
174 2 1
101 3 1
247 250 1
4 52 1
28 3 1
242 238 1
332 299 1
299 300 1
205 201 1
66 3 1
246 243 1
8 2 1
301 362 1
160 4 1
258 262 1
268 265 1
238 237 1
299 340 1
70 2 1
289 292 1
46 2 1
215 214 1
226 224 1
2 192 1
15 4 1
214 216 1
301 314 1
3 190 1
318 301 1
265 231 1
258 320 1
246 296 1
246 295 1
56 57 1
154 151 1
235 216 1
155 158 1
342 269 1
68 69 1
225 254 1
277 237 1
201 206 1
359 278 1
105 102 1
85 86 1
226 256 1
244 291 1
344 270 1
219 242 1
322 259 1
145 167 1
24 23 1
194 167 1
219 241 1
8 15 1
279 362 1
248 300 1
52 54 1
6 12 1
337 267 1
302 249 1
314 255 1
144 140 1
33 27 1
256 316 1
133 134 1
241 285 1
168 187 1
79 83 1
147 146 1
108 111 1
358 277 1
167 183 1
201 205 1
245 293 1
222 247 1
268 340 1
79 76 1
262 327 1
212 228 1
350 273 1
169 172 1
232 267 1
263 330 1
283 240 1
334 265 1
112 110 1
203 200 1
339 268 1
47 48 1
78 76 1
236 276 1
175 168 1
38 34 1
25 29 1
310 253 1
236 216 1
39 35 1
128 127 1
313 255 1
152 149 1
84 82 1
2 3 1
118 120 1
123 124 1
72 73 1
229 261 1
156 159 1
220 208 1
356 276 1
88 87 1
117 116 1
97 95 1
11 21 1
61 60 1
271 234 1
55 56 1
191 169 1
364 280 1
214 205 1
44 41 1
72 69 1
11 34 1
361 279 1
203 210 1
51 47 1
307 252 1
128 131 1
132 133 1
106 109 1
184 167 1
167 169 1
224 251 1
288 242 1
186 167 1
202 207 1
76 72 1
260 324 1
346 271 1
199 202 1
179 167 1
32 27 1
263 230 1
233 215 1
134 138 1
35 37 1
203 209 1
168 185 1
242 287 1
119 118 1
272 234 1
207 217 1
167 170 1
306 251 1
11 23 1
280 238 1
343 270 1
46 47 1
252 308 1
267 338 1
128 130 1
250 304 1
289 243 1
231 266 1
228 260 1
85 82 1
5 9 1
221 245 1
22 11 1
156 157 1
218 240 1
232 214 1
36 40 1
264 331 1
168 192 1
167 173 1
233 269 1
301 249 1
8 16 1
232 268 1
220 244 1
211 204 1
253 225 1
204 200 1
357 277 1
107 104 1
250 223 1
86 89 1
152 153 1
141 143 1
209 221 1
76 80 1
118 117 1
226 255 1
201 199 1
168 171 1
262 229 1
23 25 1
236 275 1
224 210 1
238 217 1
34 35 1
50 52 1
136 135 1
113 109 1
205 213 1
207 218 1
42 38 1
220 243 1
198 200 1
53 55 1
85 87 1
216 206 1
147 150 1
243 290 1
163 161 1
92 90 1
213 230 1
253 309 1
161 157 1
217 237 1
28 25 1
106 103 1
94 91 1
116 112 1
181 169 1
211 225 1
363 280 1
204 212 1
215 234 1
212 227 1
141 138 1
68 67 1
49 46 1
266 336 1
167 196 1
4 8 1
122 123 1
231 214 1
355 276 1
26 30 1
35 36 1
155 154 1
261 326 1
67 63 1
249 223 1
123 125 1
167 182 1
7 13 1
315 256 1
228 259 1
31 26 1
108 104 1
95 94 1
129 128 1
94 98 1
250 303 1
269 341 1
238 279 1
366 281 1
69 70 1
245 294 1
226 211 1
167 190 1
321 259 1
46 44 1
64 62 1
347 272 1
275 353 1
78 81 1
274 235 1
5 10 1
227 257 1
7 14 1
60 58 1
41 37 1
3 6 1
165 163 1
74 70 1
134 135 1
73 77 1
257 318 1
5 3 1
4 7 1
58 55 1
64 65 1
111 114 1
202 208 1
11 6 1
241 286 1
199 198 1
261 325 1
197 169 1
262 328 1
237 278 1
273 235 1
332 264 1
349 273 1
168 180 1
239 281 1
50 46 1
213 229 1
284 240 1
224 252 1
138 139 1
251 305 1
258 227 1
257 317 1
114 115 1
63 59 1
354 275 1
274 351 1
323 260 1
102 100 1
96 99 1
177 167 1
122 120 1
120 121 1
163 166 1
147 151 1
135 137 1
247 297 1
254 311 1
270 233 1
10 19 1
169 188 1
176 169 1
189 168 1
360 278 1
345 271 1
348 272 1
210 223 1
299 248 1
215 206 1
127 123 1
132 131 1
73 75 1
78 82 1
329 263 1
160 164 1
246 221 1
110 107 1
2 4 1
39 43 1
319 258 1
160 158 1
152 156 1
126 125 1
274 352 1
230 264 1
24 26 1
18 9 1
168 167 1
1 2 1
146 148 1
87 90 1
10 20 1
218 239 1
222 248 1
312 254 1
68 71 1
66 64 1
93 96 1
58 62 1
24 27 1
333 265 1
167 195 1
247 298 1
208 219 1
266 335 1
142 145 1
149 146 1
17 9 1
100 97 1
244 292 1
101 100 1
42 45 1
91 90 1
282 239 1
174 169 1
57 59 1
10 198 1
168 193 1
142 138 1
158 162 1
145 146 1
281 365 1
101 104 1
53 49 1
103 99 1
222 209 1
93 90 1
178 167 1
140 137 1
