100 2000 50 1
48 68
8 26
14 83
45 74
51 61
29 74
54 95
61 74
36 87
41 46
17 98
77 94
23 48
13 94
49 55
62 68
41 84
53 69
93 95
11 61
16 96
2 47
50 67
47 78
69 75
20 41
58 72
53 81
10 11
71 74
17 58
23 85
2 69
63 99
63 76
2 67
59 70
39 47
93 96
65 74
4 68
17 54
15 29
26 49
65 76
47 67
41 63
77 95
35 92
21 93
26 50
24 87
50 66
58 78
33 40
13 72
32 48
8 82
36 37
53 77
6 41
74 78
61 65
70 96
23 81
95 100
1 28
81 87
27 100
39 43
59 62
74 98
73 81
10 38
48 53
14 18
15 19
35 88
8 71
8 83
63 100
59 93
60 84
79 83
6 91
55 82
50 81
13 76
21 87
2 27
77 88
79 99
52 98
1 82
70 73
26 73
26 63
85 91
21 63
49 91
63 73
20 53
65 89
42 84
47 72
36 64
51 64
2 57
3 83
19 79
32 80
66 93
48 96
87 99
53 59
55 85
34 46
9 57
8 55
1 79
48 52
36 63
31 61
25 85
12 61
2 95
58 94
12 18
13 57
7 47
6 80
62 71
14 46
61 78
84 91
28 88
40 85
60 76
43 51
61 92
58 73
85 98
43 50
6 68
23 37
68 92
41 86
23 65
1 51
52 57
6 76
60 81
7 25
94 95
69 71
56 96
26 97
8 60
85 88
46 99
60 100
60 85
35 45
21 68
58 65
47 86
25 90
47 63
48 66
9 82
25 70
51 88
54 98
1 2
18 29
18 83
62 94
34 44
22 27
9 79
25 50
21 78
21 22
19 49
30 52
13 71
67 72
6 90
9 37
65 85
11 48
24 71
38 40
82 96
38 46
61 68
17 60
9 10
45 59
10 51
16 43
42 49
46 66
61 85
3 97
50 85
53 95
53 60
1 27
20 76
89 90
28 29
2 96
48 59
12 36
54 56
36 68
7 49
46 60
79 90
26 62
6 70
20 51
55 84
29 68
30 50
13 92
70 74
15 92
77 98
3 53
25 74
8 11
28 83
86 99
28 41
5 90
43 90
19 55
2 59
35 83
30 58
2 68
5 25
81 89
38 79
18 63
46 94
3 37
9 17
23 32
49 64
28 94
54 58
6 40
22 92
34 65
33 95
42 63
30 40
79 86
27 81
47 79
18 61
37 70
19 83
10 21
77 100
86 96
47 82
28 50
5 97
73 83
60 82
47 98
34 77
49 67
29 34
80 93
23 33
10 95
52 89
13 19
67 91
41 74
14 48
84 95
82 93
23 72
47 62
33 45
13 83
76 79
34 73
34 40
26 87
5 12
10 49
27 91
63 72
4 46
7 69
10 15
77 87
55 60
16 60
73 78
74 92
1 41
47 68
5 15
37 81
3 31
83 91
6 89
70 75
26 84
73 89
13 66
12 99
80 97
26 67
40 92
13 31
74 75
9 66
45 77
33 78
6 62
9 20
16 85
46 80
83 85
37 72
4 29
18 91
6 37
44 81
33 57
21 60
62 87
8 14
94 97
57 91
27 57
43 57
35 60
2 16
16 22
33 63
38 82
71 75
22 50
14 77
30 33
29 97
21 77
20 45
83 89
29 59
21 43
25 73
2 86
20 42
28 78
13 59
27 55
35 41
13 16
53 84
25 57
86 91
19 84
58 75
22 26
26 85
48 98
33 49
20 21
8 79
13 56
26 78
82 86
92 99
2 65
55 77
27 87
41 93
22 28
72 79
59 61
3 62
1 25
52 75
49 94
84 100
14 63
41 96
27 38
75 79
71 91
14 85
78 81
18 62
44 55
47 81
25 95
15 76
5 85
85 86
43 74
64 93
1 96
8 54
75 100
14 30
20 50
45 70
22 65
20 74
33 91
25 27
34 47
6 78
30 59
65 73
40 98
61 80
21 99
51 57
40 81
17 23
51 60
74 96
58 90
3 4
87 89
51 63
9 19
93 99
63 64
41 78
38 99
24 38
32 81
58 89
64 87
15 48
48 54
80 85
15 77
4 86
56 69
27 77
9 96
23 61
42 95
53 83
56 59
17 56
54 94
62 98
58 83
8 20
5 65
20 49
31 69
7 92
14 71
27 32
28 71
22 94
67 68
18 36
55 68
3 10
72 73
2 15
38 94
83 92
21 95
5 31
12 44
28 31
10 81
11 15
44 73
8 48
36 46
23 90
29 51
13 52
26 100
45 98
17 93
72 91
13 97
15 93
37 75
36 84
40 68
4 93
16 31
1 97
22 59
15 79
12 39
17 18
56 73
82 89
36 74
76 91
5 23
27 76
40 44
41 64
71 99
4 63
84 85
24 50
74 90
25 63
43 85
38 89
73 100
25 96
57 81
83 96
38 97
19 44
75 86
58 84
52 56
32 92
26 39
31 96
26 75
42 98
27 79
62 64
55 75
4 26
8 24
78 96
71 84
85 90
11 96
33 71
27 49
50 72
2 88
65 97
14 91
48 51
35 76
48 55
30 36
1 38
44 63
51 55
13 17
58 63
97 98
69 90
10 82
38 47
24 77
35 58
7 85
3 87
15 98
45 66
62 95
81 88
24 98
12 64
7 59
45 64
10 69
48 100
11 81
31 42
15 60
54 86
27 48
35 78
65 87
71 92
9 28
19 94
6 50
42 86
63 70
21 46
30 94
10 73
12 42
9 38
63 67
24 64
43 70
6 81
16 58
21 48
8 78
38 80
28 85
9 67
58 86
41 69
61 91
18 96
61 97
85 94
51 65
12 47
59 68
1 39
12 22
24 41
84 87
27 78
41 73
49 89
11 67
11 87
28 37
12 73
16 84
13 55
76 94
50 60
33 51
15 99
50 59
67 74
2 29
4 96
30 43
26 79
46 55
27 73
11 32
27 75
3 90
45 76
31 98
29 81
14 75
15 73
57 80
36 53
78 90
59 78
49 100
68 69
9 68
3 70
1 11
45 62
25 91
35 81
5 32
87 98
54 76
12 68
3 17
1 69
35 40
71 78
18 33
7 70
51 75
62 92
52 74
31 60
11 54
3 69
4 15
25 55
24 81
60 96
34 80
16 25
27 31
67 100
22 70
19 76
65 78
27 52
66 74
2 61
59 63
32 51
10 80
29 47
17 90
30 95
2 70
36 86
43 62
50 80
4 37
77 97
32 46
58 98
3 89
21 91
5 34
8 56
21 72
12 88
11 82
23 94
17 76
16 78
40 43
10 55
68 81
8 59
39 55
52 55
21 94
1 72
42 47
45 96
57 96
25 84
66 88
1 66
68 99
69 74
7 31
19 38
7 65
27 70
24 26
9 47
13 58
32 69
70 95
55 87
8 99
25 61
5 71
30 91
65 100
12 31
67 97
5 100
46 63
43 47
34 85
29 33
25 28
66 100
40 77
93 97
37 90
58 81
26 72
20 73
12 54
45 69
7 45
61 83
62 74
27 92
24 79
21 38
7 100
18 59
6 93
42 74
28 95
45 52
25 68
88 100
32 53
22 31
29 84
22 24
47 80
14 86
5 83
47 77
22 68
43 78
32 59
42 43
18 57
83 94
21 26
44 93
34 78
49 73
33 35
32 99
24 85
52 81
8 18
29 60
79 92
29 52
37 48
29 46
56 76
33 34
29 65
47 91
12 65
15 100
19 22
52 70
34 69
14 49
45 65
61 73
23 63
8 49
33 41
81 96
22 99
72 94
13 69
70 91
25 81
34 82
49 96
12 72
65 72
33 42
68 70
68 73
5 63
67 76
37 50
16 97
33 79
4 85
9 90
44 46
10 89
85 93
76 99
6 27
7 81
72 82
30 64
27 69
14 36
14 42
19 41
43 66
17 39
13 44
59 73
20 80
33 67
75 85
26 31
35 36
10 34
18 21
55 97
35 72
18 99
24 63
4 73
28 45
48 62
43 100
73 91
54 85
13 49
45 93
71 81
3 93
37 59
45 89
52 71
45 72
13 74
28 58
73 95
12 86
4 6
15 33
2 84
12 33
57 75
40 97
10 53
10 42
37 49
15 95
37 95
58 97
4 98
51 52
1 35
1 31
28 51
49 61
73 85
2 99
58 62
31 77
18 28
29 95
24 28
38 73
85 97
6 72
12 30
16 77
5 81
57 97
34 37
58 99
10 19
43 86
23 51
22 62
33 66
2 83
4 57
43 53
41 91
23 24
35 77
58 67
12 43
21 53
85 89
12 60
50 62
22 29
16 99
14 81
66 73
27 44
53 63
68 84
1 12
31 50
25 75
63 96
71 95
41 81
47 55
6 49
11 85
18 60
57 71
26 80
13 84
19 91
38 61
54 82
38 50
53 93
61 89
18 31
26 52
77 91
3 74
53 91
53 94
1 98
13 40
43 45
57 59
38 66
10 56
61 99
2 97
11 29
68 85
9 43
72 83
10 94
21 47
14 82
84 88
17 100
35 61
51 95
15 67
52 94
32 62
14 29
4 72
4 59
88 94
5 84
8 68
35 53
35 70
2 18
34 93
52 83
8 67
5 17
3 24
88 96
13 47
48 64
7 55
29 42
20 96
74 81
47 75
2 8
5 82
59 87
4 33
29 71
49 68
68 96
22 41
24 80
88 92
72 86
74 82
17 26
70 78
48 67
60 93
12 38
51 71
41 98
27 59
76 100
25 32
29 92
52 92
78 80
3 36
6 57
54 69
54 63
40 67
39 99
30 70
26 60
32 42
26 90
17 96
4 32
58 74
7 9
19 93
43 88
16 93
77 92
29 54
14 52
76 92
57 89
5 35
38 92
39 50
50 90
39 57
37 89
45 47
14 54
17 87
41 51
50 52
10 31
61 69
53 79
28 43
34 45
22 47
5 94
23 39
14 38
10 64
18 51
17 27
65 93
14 92
15 62
42 94
39 97
18 41
17 32
30 57
51 85
40 90
56 77
30 48
3 42
69 98
49 70
16 26
4 45
75 97
95 97
71 96
28 99
53 88
42 100
64 73
34 96
10 78
3 81
46 51
11 91
30 81
39 73
56 68
64 66
21 81
55 67
39 61
40 65
26 91
47 52
49 66
42 67
32 85
9 56
36 70
45 56
20 35
32 84
11 37
63 90
3 28
72 97
49 88
42 46
33 81
2 50
35 94
53 72
33 99
57 72
51 80
1 24
39 54
46 71
9 40
38 65
20 88
30 47
35 68
64 92
30 55
32 64
8 12
75 89
11 40
74 80
43 89
7 57
24 52
75 99
38 64
10 75
14 96
28 76
78 85
22 57
60 78
79 85
14 78
27 88
62 76
45 82
28 65
33 92
7 94
64 83
7 86
61 75
12 66
23 25
34 91
6 43
32 56
22 43
75 92
3 6
88 98
16 75
4 94
50 73
52 87
13 77
76 83
32 96
3 16
31 84
21 67
25 87
17 46
71 73
41 59
53 65
30 84
37 54
22 54
1 84
69 100
25 99
66 72
41 42
10 29
17 69
71 94
89 93
87 95
18 67
36 39
9 98
63 89
13 86
1 22
20 75
32 61
52 97
64 100
23 87
46 89
53 56
28 81
2 48
21 73
45 92
61 79
76 95
39 91
29 49
49 65
11 12
37 99
40 80
45 68
41 79
59 80
47 85
5 72
12 21
39 56
42 58
31 58
17 47
10 32
8 46
43 92
25 92
16 42
24 58
33 77
32 71
16 73
17 92
8 92
64 77
4 67
13 20
52 91
7 29
10 85
47 57
18 46
33 59
49 99
7 64
70 84
42 62
50 88
6 36
39 53
5 76
4 50
2 41
6 14
44 61
23 93
51 78
40 93
55 90
7 14
5 74
31 37
28 97
65 95
34 92
25 34
41 65
45 84
34 54
77 93
80 99
12 56
1 94
19 42
30 39
33 98
9 70
54 81
23 99
4 71
13 46
4 48
63 79
17 20
11 68
78 98
15 59
9 34
35 43
73 98
23 96
86 90
60 71
5 44
69 76
48 73
25 100
6 77
42 79
34 66
4 75
90 96
7 74
88 91
10 60
44 98
25 94
52 93
5 40
8 25
5 47
2 6
23 45
20 78
84 93
12 19
27 97
73 77
40 58
36 42
69 99
46 81
32 38
26 33
16 100
62 79
2 7
43 54
6 99
10 61
28 91
31 54
20 92
49 71
40 94
59 100
12 46
24 78
18 93
23 57
91 94
1 78
10 17
12 17
12 57
33 84
21 50
5 50
12 80
4 76
29 38
34 63
80 86
77 82
27 30
8 64
13 70
14 61
92 98
5 53
21 29
47 73
9 93
71 93
6 88
64 78
75 96
15 47
20 52
19 71
13 63
71 82
17 73
24 69
20 83
32 88
10 96
19 89
36 60
58 96
8 62
32 94
50 78
53 58
36 94
31 89
40 96
54 89
3 78
54 92
42 73
43 82
32 63
16 18
33 68
60 61
5 73
83 88
8 35
41 76
40 60
36 76
24 55
29 57
48 90
20 66
77 83
29 55
24 97
7 30
46 72
22 32
18 70
51 53
38 90
43 56
82 88
16 50
97 99
42 78
42 71
40 70
6 34
48 58
34 59
15 94
65 67
10 72
20 43
22 91
21 24
66 98
23 52
31 97
20 39
8 58
1 21
29 67
59 98
2 26
37 83
41 88
63 93
51 66
41 53
79 80
9 49
14 32
51 91
28 66
18 34
8 44
15 86
29 56
39 78
58 76
46 47
36 52
64 71
43 77
11 47
30 87
69 81
15 37
6 12
16 92
17 78
74 83
44 82
62 72
83 98
32 89
38 58
44 66
43 73
44 74
19 64
34 97
15 51
63 71
26 36
56 81
1 44
9 64
36 58
11 16
33 87
19 74
33 82
20 58
85 100
41 62
8 32
75 98
42 82
4 56
68 75
18 69
19 33
18 53
75 93
73 96
61 98
18 68
78 100
5 29
40 78
32 39
16 30
7 76
20 59
53 82
25 71
21 76
8 81
23 35
34 48
5 60
19 92
46 92
76 86
48 88
17 51
19 32
11 100
14 94
56 63
77 78
36 95
55 89
21 75
29 48
10 66
56 93
35 96
89 99
11 33
65 92
28 59
79 100
4 70
83 87
15 30
49 76
61 96
19 90
38 70
21 52
50 68
28 32
8 41
8 10
26 61
82 91
22 78
2 78
67 71
10 14
33 73
19 27
44 89
42 96
7 87
64 82
13 26
37 73
28 30
9 35
72 84
32 45
43 72
19 87
13 50
83 86
13 75
16 20
16 21
61 94
20 36
19 78
36 97
22 66
66 97
6 23
42 97
80 100
79 94
25 46
80 83
18 77
46 95
17 79
16 52
21 58
27 84
32 58
83 95
66 95
1 5
23 69
2 85
8 19
60 72
52 58
14 28
9 85
21 30
18 64
9 92
87 91
27 36
18 85
36 98
13 98
32 49
43 83
1 48
33 76
14 51
52 65
1 85
34 68
16 45
25 54
11 75
5 51
68 91
52 61
7 28
27 42
36 90
18 72
3 38
19 66
30 96
46 98
67 84
8 84
15 57
15 80
9 14
3 67
69 79
47 58
38 48
20 54
22 44
15 71
36 91
53 57
88 99
1 68
11 80
2 14
39 65
19 40
75 78
14 99
36 59
36 67
53 70
10 23
4 23
27 68
2 33
45 60
58 93
72 93
24 45
18 54
3 72
12 89
55 78
16 40
38 95
36 75
13 29
75 81
9 53
12 55
49 84
12 25
96 99
34 38
24 59
45 83
70 100
94 98
48 72
5 39
40 95
29 75
34 36
11 62
78 89
2 73
37 57
1 6
30 75
57 87
35 39
17 50
8 91
25 59
24 56
36 45
33 56
33 75
32 36
22 40
4 34
29 32
13 54
24 30
32 60
7 71
24 76
7 12
80 81
40 76
61 93
82 99
7 51
1 80
56 66
29 72
76 97
58 71
74 91
36 88
19 30
96 98
23 100
27 62
75 77
13 81
38 86
3 77
45 86
3 64
8 87
23 74
18 86
1 67
48 80
17 75
41 52
38 81
32 75
58 87
4 91
55 57
43 71
42 89
42 91
2 52
23 86
73 80
46 77
56 85
22 61
20 46
65 69
30 51
44 99
39 40
21 23
64 75
14 15
13 78
53 96
38 77
1 15
39 89
43 98
39 66
5 67
40 91
43 94
6 28
19 95
71 72
2 66
51 87
6 15
17 28
17 42
11 30
8 29
2 30
2 92
35 82
49 72
43 84
39 93
40 79
4 17
18 48
21 27
70 79
14 98
54 62
18 55
37 69
49 54
18 35
22 25
34 51
9 76
40 55
36 54
59 77
8 16
48 89
55 71
49 58
72 92
49 86
34 90
56 64
10 65
18 75
6 30
39 59
57 93
4 22
66 68
4 69
49 90
50 58
48 75
74 89
71 79
6 53
78 95
11 31
28 89
40 59
30 35
82 95
36 44
16 95
23 49
1 46
90 97
1 45
2 36
3 43
44 87
11 56
40 52
21 85
87 97
92 93
8 36
61 90
16 71
9 95
2 94
62 77
18 27
26 27
91 93
65 66
27 29
36 82
59 69
67 90
38 69
53 71
13 60
32 65
66 84
80 87
51 74
12 91
38 57
13 39
14 84
43 96
24 53
40 61
3 12
12 45
14 21
49 85
5 79
10 74
2 5
4 82
11 59
7 99
27 85
28 75
35 95
81 93
3 49
54 67
31 83
30 56
42 55
64 98
18 74
11 14
23 98
62 85
35 63
91 96
4 13
36 100
25 60
10 25
1 52
84 86
63 80
37 93
17 36
20 100
76 87
74 94
30 72
13 87
22 46
30 90
9 91
10 68
20 25
40 89
19 25
57 60
22 30
70 99
34 49
28 38
34 67
4 43
80 90
26 43
12 27
31 76
23 41
84 89
9 15
34 72
24 95
37 82
78 99
12 69
65 83
14 62
48 61
44 53
67 81
33 54
24 34
53 74
28 57
45 58
21 83
7 83
7 13
11 53
36 43
5 28
50 63
14 25
29 53
44 71
14 17
68 93
12 67
72108 82647 80849 56868 53085 78666 57384 69966 53639 58640 65615 62897 75288 61802 69456 79290 66331 54863 62235 81963 64148 66237 77701 55058 73131 64846 82576 68348 56077 55563 71149 63078 72848 60548 76223 52596 59414 65313 56482 71142 67507 57523 62700 72519 64786 73550 53043 62311 50196 53083
54799 75532 75963 72169 75552 53989 78919 66884 67923 54463 62878 76745 71778 55547 76017 54520 51610 56384 66205 74955 77281 62829 74063 54598 70903 64466 60268 77392 62972 56735 56240 77761 82227 80540 65813 74172 65285 71451 79350 65343 57417 80684 53876 61176 74690 70159 56857 81499 62697 73199
66747 70385 75757 54221 53923 50675 63225 62394 64495 73239 74933 78153 78645 56234 75791 81988 54121 51935 50491 72094 57601 53351 79864 68777 75350 74817 54038 61577 61262 77524 80181 68073 75832 80955 70351 63724 58359 63968 58745 50022 68963 62028 61541 53069 51180 64317 78380 57706 50049 51705
64458 62548 67504 74211 79082 64415 64014 53580 79205 59217 74713 61579 55301 64405 64220 71504 76430 53428 78227 64565 57087 69440 53904 78486 57877 81043 76573 64163 80657 76664 51491 55219 71867 58663 69706 57564 77735 73335 76386 65472 52663 68943 55042 70057 50913 78429 56942 73433 73522 60171
76734 72731 71187 57263 53821 60062 63180 74242 66064 68099 53830 69588 77848 78005 67093 52734 62745 81529 79029 61335 59419 81222 70420 73067 63504 58454 77649 53672 67768 53629 70852 64475 54978 60602 61758 74011 59188 76300 73618 52356 67084 73094 80724 58344 71719 71078 74208 79040 50275 77795
66718 52585 79873 72581 61573 63117 68173 65209 61150 57567 66432 78309 74571 56075 51941 50489 68359 74732 81979 66695 82287 77056 66651 60756 60866 57626 62746 52015 81445 50007 73841 60993 70634 64083 62171 77862 50449 72605 75007 80635 71439 52072 76943 50872 54991 66691 78960 82112 78327 72843
57371 70071 79212 55391 56899 62868 70936 74964 69304 72183 73963 51114 81803 63164 68383 72895 50547 70864 58305 78723 62319 79683 60781 57516 79277 72351 77657 71723 54187 81529 59540 74590 73116 60741 51344 67463 67853 63087 69855 77949 65736 52903 66618 78753 60408 68220 50887 81684 77967 59180
70556 67879 79077 54714 60287 54291 74913 80962 73967 55787 64733 57738 58729 79054 74629 79577 80868 71521 69120 62476 62622 59772 80659 80358 71194 72996 66562 77480 55145 53178 67832 51425 69546 68465 81064 81032 81613 81158 54069 81480 70556 78251 71759 69915 70395 78148 61600 70170 50286 67797
68198 79508 67549 71995 65889 77917 63636 81435 63983 76904 65934 74009 63350 57240 67315 52554 61954 54740 51423 71403 61231 79706 58213 76627 74314 63573 69588 56614 55219 75441 68408 65740 77701 51758 50724 60705 60281 68275 82351 62574 54280 69862 81341 59801 63696 54521 72832 66968 53305 53190
73534 82219 64088 82463 57428 63179 76564 67167 77435 57565 65415 73797 77130 51244 82599 65283 57084 63126 58661 75153 64372 82438 76949 77127 79998 50082 56784 54955 59224 69445 59030 72840 68465 65327 51832 64832 52848 59387 55029 61026 62840 51410 58084 77439 80810 52191 72978 59706 79340 76546
77355 57759 74729 52425 78302 71350 53849 77212 52028 71255 62083 59703 55393 62015 68352 63582 67927 68452 58817 63179 56887 75654 73556 66924 53393 66823 80738 72907 76814 57596 57981 58318 55892 74628 77080 56992 75306 75353 73687 68079 80349 51620 81162 79448 56546 51990 53108 79903 79036 70452
53840 81700 68897 60658 72342 60178 60248 56196 75130 61402 61669 66161 77877 56928 53608 54249 64777 58739 57283 63832 59775 73475 63099 76347 80372 81294 81761 58675 81491 77276 73329 81751 78884 65772 50170 81359 68038 78382 76287 60831 59128 73203 65757 77248 73375 80929 53039 57205 60867 62251
51439 61660 76762 71488 74206 62915 53321 59843 57125 82622 61736 77052 60476 81526 73541 73741 63243 56644 50028 63271 55119 64255 57574 74749 66880 67346 57664 66169 58225 79569 52558 81326 57335 78349 71534 65807 78029 60901 56081 51678 77687 76256 79224 60647 71654 82745 72636 74861 77468 53882
53777 80485 70160 51020 59467 74466 80724 63118 57250 72401 61941 52900 56754 73446 79651 75282 69830 52950 60433 55369 76117 69831 79775 74944 68813 67844 61239 66631 75152 80374 67316 59545 62524 57424 52490 72240 50736 57225 62562 75869 79180 53903 78468 73623 54519 70842 62650 64020 77927 55038
61554 65174 65053 71014 70373 65928 76974 65725 70646 80969 77001 77966 77917 77512 72822 78160 52996 81745 79772 82650 71089 68774 78278 56093 78054 75346 56614 82193 54022 73530 82651 54256 77496 77429 69743 53923 61584 53853 65188 79737 64493 76262 71024 64543 61213 63535 61766 55757 78536 67159
60823 55741 71819 55186 55449 51681 52451 58236 70727 59861 73805 51885 51369 58387 60331 80269 68437 59238 70634 60777 73782 62625 61666 69575 79756 78992 72573 56311 52532 59951 59164 82667 68906 54554 68150 65865 57676 71749 80450 56253 68704 63725 81624 62868 63065 68046 81939 62855 69078 71319
54329 60628 58092 58267 69790 78996 57125 71113 74181 79176 81608 55006 77513 52405 77659 68057 68603 50674 79719 74671 65741 71615 52091 64577 74991 56600 78963 76683 71863 80906 76538 50974 72902 77510 52302 70608 52457 58100 52292 65458 66109 74569 67723 63554 73879 65372 57652 61666 54050 75189
64114 77193 64586 74791 52127 75193 56537 66145 73600 70577 79456 60095 59850 66531 60633 54630 71141 63656 60298 59791 78575 63027 53549 67875 73988 68291 75597 80521 74685 75549 76019 58555 65014 56122 56450 70048 64213 52029 66784 76438 67592 61608 77270 58189 50509 64462 55226 50908 77112 59788
67147 72462 80689 74036 79580 69117 78524 77514 65973 57827 60413 60787 60086 68396 51579 79402 75069 62672 80676 59061 53066 57055 62097 54487 59361 68446 76940 65992 66736 77137 78799 74210 68338 52761 65807 52381 61331 72960 72761 59581 82581 56595 74492 75978 68018 58672 71815 76737 77379 58975
58004 71177 66144 60517 71589 79528 74057 52375 66189 68791 77572 63213 65331 82195 80712 56663 70803 59478 52122 58708 61445 73990 53430 71616 75202 57868 68400 66285 55972 68967 74587 66294 80685 72481 63594 58448 58315 61570 60117 70818 73306 79749 75263 54743 71915 51848 77077 75633 63940 67655
77625 55840 62632 74763 59104 65939 50520 50719 67704 80014 78681 69764 66639 60221 66296 56293 73648 72648 63372 82125 76111 54567 51963 82200 52454 81976 81535 75176 51745 69390 75946 58457 70328 78476 74920 74294 70618 69171 50885 75245 77522 73273 64046 52864 74981 50139 60412 57918 64121 76788
75630 51698 71037 66509 51062 68698 72452 61495 57720 73178 53299 64215 68942 55410 66142 59842 77455 77806 80494 79178 58129 63068 81798 69655 80556 50371 77030 79225 72769 56338 73487 61948 64507 70231 80935 72253 50901 73777 72608 58365 75613 57992 53525 54644 67511 58491 73332 81639 62692 50586
69986 62077 51013 53334 69595 77391 78938 54453 71705 60606 77264 72523 79800 69385 78267 66661 65047 71199 61472 75655 60929 56753 59830 67353 78477 69004 60397 76893 72514 79142 69168 81828 74623 50550 70759 61634 67866 56585 56001 50111 79432 72275 77488 71119 66237 59459 80181 61060 69652 63770
56925 61763 50544 58236 79372 66293 77412 71111 66041 63486 82192 70565 50426 56947 53133 78301 57218 80007 75916 50287 54631 80711 76601 62175 73961 58760 53862 75473 79601 66333 64229 51414 73878 61517 59701 81798 52709 78212 53858 58575 67042 78664 60454 58764 71626 50799 51284 81753 78235 76943
65398 53414 65494 51383 61109 77579 64132 51292 68858 79835 66423 55446 72531 69372 80338 80781 79000 65526 75468 53805 65614 62793 75696 60962 68811 64004 80168 65536 70811 63891 67516 62913 78627 78297 59798 56693 52356 68479 75144 73781 76995 52363 76624 59737 74278 55604 74010 69099 71393 63220
59974 67675 60913 50656 68460 56435 75593 58421 69533 63374 69420 61491 53996 57605 64730 56366 54829 52971 58478 51426 65533 62202 81927 55815 61187 70604 70694 80165 82293 50767 70487 80554 62941 56179 75028 55610 51485 54821 54246 64326 79280 64897 59085 79584 63540 57155 76258 67533 81189 54911
76347 76764 56300 60051 59663 72055 82712 72281 51738 50296 63979 59297 82243 75070 56088 79582 66429 79359 60619 55071 81643 55903 63978 50753 73287 58690 53402 66915 72580 78047 51718 70043 58802 64791 65372 54503 56867 67588 53271 74599 61644 70868 73092 71881 52205 54488 57215 59908 80629 59096
63102 65353 75936 57514 57042 59958 68706 71426 76073 68686 50952 71564 56406 65958 78493 67896 74837 74720 59786 59094 62089 80221 67842 51170 62281 74927 62109 76705 64667 75853 53571 64109 55871 70283 58700 78156 72432 58825 56293 60360 82662 53482 79286 81915 67487 68616 65730 73962 63711 60773
59790 80660 80630 51877 59269 65354 79425 64059 67739 53184 57331 67874 73777 66405 65557 63693 56632 78704 71884 72032 68506 67387 53979 54304 66773 62037 70504 64040 70633 71891 73475 60255 53365 52710 60900 76198 79133 57523 71028 76886 62766 76638 60176 67561 54661 71784 50185 81399 68781 70204
63215 51557 60999 69892 66063 80601 58799 80577 64314 63856 66524 51611 77000 64436 74888 76917 66525 68808 61073 71109 78827 61926 78752 60579 78712 66572 62216 54304 63010 70129 66545 81112 67552 73278 76469 79051 60810 52731 73098 59752 61084 72519 80994 69611 76855 73805 65551 75753 76136 69235
58539 52265 75949 75220 54071 66998 66229 82161 52866 54578 55912 51363 59212 58989 53799 74837 80812 74295 75349 64111 66991 70258 53526 54549 64834 52331 72534 65298 69970 54634 81678 77071 80945 79239 65218 50953 63292 76992 54863 58882 70075 81481 76003 55798 61192 67107 69709 52240 61428 68848
78199 53534 68454 69126 80432 65603 55877 58306 60463 57835 72344 69150 55637 51972 60908 67462 79155 63596 55030 56296 57292 65189 80506 79371 69020 57808 59244 55073 78041 59865 59988 76959 67576 67311 77815 63564 62835 55863 80691 81560 66762 79553 61995 61232 82120 77499 50852 64463 81671 65764
81327 53591 66742 64068 72329 59168 75930 73755 78015 55440 54867 79383 74133 81132 71393 62665 67753 78189 66150 66650 56276 51607 81709 69498 66129 55750 61932 66202 59169 53258 66374 52059 68269 69428 56980 76870 55214 65585 69093 63677 81738 52631 55107 52529 57471 64894 81721 71574 81605 56721
70802 66580 52207 62821 59746 74240 51539 62217 73035 54538 50218 50654 56569 59064 78138 56232 80623 52243 60338 78822 50566 62368 72533 81247 81458 77713 50650 78334 54792 69693 69523 58591 70525 82638 61262 79530 50545 51257 55673 74784 75628 71796 75401 74483 72487 67043 80028 82139 72526 62739
74844 80102 52100 81066 57639 62224 51624 82334 50286 74259 74838 74662 52315 62336 72369 69102 64951 67087 67936 65551 55562 72243 75991 74558 76548 78066 65752 65475 80923 68852 79161 75438 74614 51674 69607 74693 82186 64977 60459 52160 74499 72038 59180 80569 55909 63900 63926 71390 66291 57403
57145 60265 66128 50796 60949 77778 82532 81283 50452 53058 60161 53788 62008 50252 57030 75113 63160 72920 65348 78026 52293 64095 64608 59294 53137 57950 78584 76634 78866 62212 57034 50648 58628 53294 74641 56817 63405 56470 78192 72269 70372 70471 67732 59002 61396 70997 73750 69180 55294 81866
62494 74532 50301 56803 81742 57444 66190 52093 58206 65762 65871 72650 50435 80779 76999 71752 73494 55786 64039 76788 69874 72953 67919 69307 60446 58423 65428 50481 66860 51962 65473 51333 68576 77831 58203 60085 77461 56160 71978 51966 68829 79453 52468 61079 81256 51710 81036 53662 60199 63360
56844 66643 52656 73518 80734 75908 65765 76154 75521 58184 65488 75340 77321 71408 50898 63130 60264 63803 57597 78905 73837 55753 58558 52211 79498 77010 74687 64985 69210 77336 70155 79834 81890 77850 75892 65173 77848 60299 50738 55404 73633 58114 54732 61146 71391 77555 80188 55814 54059 50654
82254 51864 72031 70854 78921 67019 70040 64485 75729 59331 69690 66462 78348 57378 61492 56755 79364 72918 57989 67256 53068 55092 55039 72648 73959 63307 57930 79990 68453 65906 50477 61702 69199 66084 63753 81118 55493 60430 58790 58679 52582 72805 74802 52248 64880 63869 62343 73605 57128 57240
82349 52468 50045 53244 61088 51456 52968 71240 76883 65377 63894 55303 73716 65308 56009 82566 75890 79607 50044 51939 60989 54832 60486 78951 73805 75118 80512 53525 66149 60408 57514 77955 77977 79141 56843 78057 80910 68116 74136 75384 66817 62364 54295 68845 62986 55430 68996 63333 66722 68602
63924 78451 72420 73784 77880 52336 52880 53641 50052 63506 67925 73076 52049 64832 67152 55860 60991 76837 51408 57962 77503 67204 61532 76048 65328 70475 69111 51630 57672 69738 56994 59600 70838 63205 69411 63671 71941 66856 60677 79439 67268 50076 76000 62049 66532 79735 69082 64266 55137 79832
53870 80236 57381 71955 58988 55203 62249 74313 57921 66298 58589 65853 64377 73311 82378 77922 74370 63765 64117 66361 77235 56745 67207 52441 79244 68903 82732 54479 67136 64141 69817 69161 51824 55936 62353 50382 54074 56126 80969 79121 74098 71892 64266 82309 70703 74129 82487 80658 57482 73402
64592 61256 79522 62847 55575 61684 79844 62510 71153 52977 74377 57255 75150 77121 54879 62736 64204 62556 71373 78794 64217 68296 77329 66467 55960 52458 54733 68429 60231 79644 67778 51983 72286 62976 74203 53178 75962 53523 60525 70111 56570 74629 68029 54591 79146 55112 53187 72835 56223 71271
66861 66861 58145 75417 73383 73679 69200 74518 57690 71802 75328 67753 69298 50042 74855 51206 64869 57920 78777 53855 50097 79008 52497 54322 55013 76349 62163 70245 50210 51265 53199 73108 58979 71505 81257 53162 81339 77248 62711 51118 52190 76290 61547 55264 72163 78180 81458 72197 52040 50939
52316 73215 57911 69338 61180 59040 71943 53640 75218 75968 62726 54194 58663 65677 63094 54812 58873 69923 68053 53725 82264 82525 73314 50380 56080 69866 67036 74294 57224 74915 65933 80850 55530 74011 73863 79606 73604 58488 54062 57866 76143 75906 55286 65086 64878 80378 58734 53624 52504 80429
79230 70800 64058 73417 54764 70080 68471 58350 57893 67414 54321 74888 68155 74412 54189 68829 68394 75610 69489 56162 64607 71338 60657 58323 71291 60237 52843 51330 55124 81228 63248 56816 75580 57921 64100 60570 58247 56774 80615 50453 62023 79406 80885 55901 50010 65907 51947 54891 58023 81520
50059 56581 65444 52816 62370 61658 69148 74311 57831 77518 58415 61824 64551 54163 63898 68438 61599 81785 76856 72134 79530 60551 77257 59428 68252 68298 65267 66062 57581 79597 72582 81567 70810 65290 80900 68580 54472 76224 53345 69268 71082 62342 71687 59899 67750 79422 64285 50232 57267 77582
67849 55976 57350 54891 81971 80546 67565 65142 66316 62053 52219 76684 56912 52814 77669 56088 66696 63055 80812 76972 74450 65436 72572 74065 62180 50855 56533 58651 77391 75087 73320 55040 50945 55636 76868 82665 67854 77583 53169 66058 68016 50272 54876 62831 67468 63463 70837 69336 73782 55415
59286 56263 65272 75975 63781 50903 59599 52075 52475 66383 51639 76547 55174 55031 75560 62131 74923 79403 72673 76499 53680 58925 82148 69095 56922 72128 75714 76241 72018 80882 51736 74053 76749 56633 70234 74110 67692 63169 57807 57391 82273 63493 79837 79293 68052 53917 56967 75691 59013 63574
81972 63318 53682 65416 51890 67810 54843 57764 66426 79476 58884 67597 78134 58273 61339 72489 81536 58663 63259 51127 80365 69851 79440 61027 71498 68067 67611 61847 71205 72997 74520 71061 61840 82431 59263 75459 81185 70457 50248 55877 70461 54328 63379 72913 63638 54900 77382 50111 71923 54060
50936 54368 82224 68952 80910 54673 80517 53215 63779 57232 60171 72714 73646 56846 57211 72760 65246 80005 74297 77524 82633 54475 66450 73093 73414 75752 79682 54436 63255 51493 60218 77555 52684 80741 80800 76172 63203 57528 75798 70679 55220 52270 60991 69952 79245 58857 60799 64361 55193 71030
63491 65947 65542 58974 79106 69827 65638 56055 63554 56603 60758 57728 78557 73702 79198 73581 57669 56672 73497 67328 72326 50933 62102 60185 74955 69041 53757 66895 78628 80120 66934 74303 77958 54647 81478 59428 80916 69722 70971 60329 80540 70335 51275 67323 74085 78187 64376 75553 56872 50364
65783 66448 65628 81119 60560 62458 67510 50755 63048 55400 64497 70222 61502 51080 78283 71758 54227 63304 57680 58034 76301 70563 61786 81018 54078 63419 72793 53996 61920 64809 53840 73609 64708 54673 64544 77375 81004 74361 66569 70624 79797 81755 51054 75987 54200 61944 54744 56330 76531 62704
74046 78387 57252 69776 66436 50483 60790 79339 81217 55248 81503 53292 53701 53677 67273 81962 58459 79740 77040 79421 64203 62319 81803 56913 51491 66031 81838 70200 60087 54929 82415 67141 76903 68934 76488 74774 52256 80850 68156 67505 53670 63359 55997 53971 58512 58130 75598 51844 50068 55550
56549 62191 82180 67032 51987 73073 59545 67339 71654 72944 78448 57805 76559 70766 59218 58961 54336 70621 72248 54078 78040 63285 56078 52577 70850 80837 67256 65438 64154 81862 55379 63277 81682 73782 73661 69635 76693 76004 82263 66957 70698 68295 58121 64420 68762 52371 60039 70590 63701 76174
78035 57953 64658 53920 69380 55518 69174 50602 75845 63291 78071 77593 70944 55921 72257 68027 54269 64216 50776 61649 74469 77535 81984 55397 75404 50688 73946 73694 66191 53235 67919 78545 50938 58402 72881 76826 55053 64862 81120 77612 77120 81360 69291 60325 73860 77618 67896 65318 69324 54079
70822 76129 69836 71783 64496 67187 72448 67272 79381 50037 77809 80218 51830 65869 67508 63337 54399 55754 53427 66121 60041 80625 60848 60229 60415 68753 54534 67032 64192 54302 62770 51744 74693 51899 82579 80783 64260 72089 53870 75748 77460 77952 75573 53849 54545 60075 70153 57118 64322 62937
52605 70407 79097 77729 79261 80770 79163 60678 82223 53963 78241 57419 73784 78947 70910 69897 74690 62910 50498 72318 53981 79675 65695 74792 53476 65882 71146 51346 63745 66090 64579 56943 54003 81664 69112 55269 50447 69230 60071 76843 75653 61043 50339 65366 72933 68336 73113 64624 54242 67675
79476 71115 71253 59063 79485 73620 51589 69828 52679 63659 50085 60275 54986 79282 72350 63900 80718 66149 53263 59379 73867 77097 65170 70969 73358 69863 60482 60079 67294 53530 75386 71888 65120 72743 68319 68671 61048 59374 57760 77567 70001 56478 60668 51682 73247 57805 70149 72260 54978 65992
65188 61432 65326 71463 61662 59267 65065 63653 66389 70792 77333 71471 74514 77956 73935 82491 70273 74172 56022 67163 73149 61043 51632 55826 58382 61535 63881 68838 55985 56414 52766 76982 60631 62054 82649 54606 56559 59834 63037 73273 52008 60772 66693 72406 66866 81119 62856 73903 66373 50452
82400 51205 79461 50568 78667 55984 68580 54739 74833 75046 51752 57172 58152 56793 76463 57123 80852 71366 54607 66631 60818 60746 73923 65065 69495 60472 80995 69449 75861 54314 75571 79920 64990 81428 71711 69286 57100 52255 80773 70948 60864 56500 59892 75404 76713 62422 80948 51736 52839 52918
73862 66448 73456 54657 54572 62401 59443 57213 60460 56618 80124 64852 80978 57592 64792 81328 58228 67637 78265 73735 81401 60732 80156 76217 63388 72048 69992 53592 72046 60205 62170 78918 80154 71679 71967 51846 77165 73490 80897 68812 60438 81898 64326 82134 62634 51540 82389 57343 60651 54429
58395 52242 53833 82177 64941 50780 58537 66406 53807 56581 77414 73291 79220 82592 52629 54779 81638 50176 57998 62726 52265 53325 51112 79089 71419 51032 63043 73517 57951 66092 81164 64070 66298 51686 76668 71517 50877 78022 54946 70616 65476 65925 56099 58200 79486 80105 82047 79339 50959 81304
74133 69252 60914 51754 81514 73128 67555 81281 56102 78953 67836 50525 69727 58264 61214 71467 61594 72503 78738 76574 75535 56877 65520 77185 62381 56893 76352 72268 75870 70713 80992 79605 68492 75891 68262 56968 50148 81781 73157 54266 78170 65266 62453 69307 55149 57084 56654 79242 81068 72566
63349 80781 58233 55757 68731 54177 81933 55011 55554 77295 53180 78156 64930 78784 79226 74685 73611 79250 65439 50113 64619 81770 64231 71854 62866 67437 79549 73432 54868 76458 73401 68356 55726 76859 52583 57888 78637 60044 64586 80177 73484 65274 79136 78220 81308 80800 75880 66889 81385 80749
52514 79861 72603 79994 77270 81799 62490 72859 67287 80277 79606 65589 72137 65736 79237 68431 55905 79502 54734 60651 55404 70926 60581 56470 68371 73057 66328 55870 57693 62975 68362 73796 80885 68983 50974 64466 78894 54628 59863 65391 54340 76188 77821 50128 74981 79786 64066 76529 78831 64127
76325 55653 63612 73316 50711 55787 79900 57651 75996 73537 53601 82631 81973 55357 69537 72113 73404 51737 60407 57388 58639 75023 57227 52564 50736 67365 76563 69266 76588 74059 79770 79195 80379 78499 62592 77082 50088 52768 54979 52586 56754 73298 56700 56457 76465 72576 81837 71177 71228 59384
75577 68041 67595 50851 73012 59172 53849 57308 68445 67688 57228 51330 63209 53898 58136 65356 55427 81176 70049 54365 79248 71278 74848 61209 57015 55341 76743 58934 63393 73705 62824 73238 76797 73762 67859 57684 79304 73078 65854 59293 71883 52244 82602 81601 79717 74100 55108 51721 74890 60998
61514 52172 55052 54440 54190 77117 74265 61083 80063 63623 71430 80056 55302 80156 78922 70943 78446 79433 67022 64177 54185 80911 72292 74879 70606 58926 62100 54657 72775 74114 52383 66700 78826 55186 61886 66686 71270 63591 59563 64700 56033 54938 78178 50654 77279 68017 60969 65192 57958 51884
73166 60732 73312 65242 52016 65679 75328 58609 54784 67098 68584 71774 80073 59346 50378 57050 61486 67161 60238 62526 59252 66422 77684 51352 69184 69827 80571 58494 64417 71333 68417 59298 82512 51073 68139 54695 55863 62253 57671 75059 82737 77477 54256 50502 50449 74752 73523 68810 61669 73378
75056 51307 51068 75698 59330 55976 76069 50895 71266 74282 62138 80638 78664 72277 60381 81895 70612 59934 60034 78658 81965 54556 53166 77452 63016 82657 82301 59646 54123 53386 50794 62911 60114 73877 75211 78425 51473 56563 78235 63850 76955 73566 56700 60828 62659 78829 50940 61654 68641 59878
70424 72628 53816 59091 50431 51509 51285 77784 61976 68276 67002 56643 63301 71706 79612 76901 70506 69713 76970 58273 68393 73212 81199 81090 80368 54373 65018 51601 78902 55478 71644 67240 57089 76653 80561 69761 73900 75274 62530 77522 69351 65802 61034 76317 81407 63001 55416 73602 71008 53892
65493 50905 52568 69101 56295 57085 64029 80194 69940 78954 51218 55792 77771 62987 52550 66899 78048 52301 70717 53361 63414 59000 50164 59369 55746 62015 67871 58406 61965 78230 74933 77272 50138 74435 50094 67237 61577 61112 66572 68123 66747 70048 51992 80618 73911 61880 53486 61520 65548 55392
66875 79828 74872 65906 78150 65335 75785 79058 64301 72360 64130 73286 77425 64311 69120 55176 60853 76172 79581 55450 78275 55513 82645 82522 80336 75277 68455 79702 53505 55115 67454 79585 68910 77722 73809 77415 60133 76510 52616 79101 60082 79367 81056 75068 70557 79752 67472 67920 65269 64522
81581 68940 53580 56162 51659 60352 50371 76225 58533 67726 75912 51499 80511 77305 63900 61227 58633 73727 63706 62148 53895 63977 57909 79530 55087 68128 76097 66483 60882 73794 57077 59272 60351 65909 74927 60320 76773 63228 53368 79983 62775 76552 75401 63706 73813 51152 52239 70127 82024 68835
55084 66259 54093 52925 73790 65787 81143 70809 79971 74911 70158 51335 76093 80236 62940 77246 57842 67450 69482 69939 62839 75901 55782 59499 69135 81215 54344 53901 80398 71502 54326 77755 62947 76529 65572 82594 71509 56673 79039 69712 65037 66358 55692 62022 77141 74528 59596 69327 78623 53463
77476 76688 65609 78933 66426 69215 71199 69954 66978 57433 77090 58032 71226 50990 80136 57096 73042 75968 60931 63556 55633 52461 76614 76895 81299 53672 61126 80394 74839 75087 79421 69025 55257 64312 61813 64093 79547 61070 59843 70603 63401 51035 82641 80765 53309 71141 63649 79615 66336 71742
65231 57868 72051 73239 58647 53506 52077 57045 75030 63380 56389 62951 64853 75711 60754 63830 64899 64767 68721 56989 75778 67522 65959 74172 52390 52509 73735 57992 65721 61118 73174 60485 55362 69410 79854 56182 50310 50696 74848 54772 80848 80165 71773 67902 69230 77081 58711 58128 68860 74402
61795 79927 58341 54287 69346 52643 53286 75512 63328 63422 69973 58925 60860 50172 81122 55276 52105 57523 54942 66647 64949 79662 53881 81956 78952 60413 58256 53143 51759 80270 80999 79277 75354 55554 74866 66459 73379 60729 67291 81014 72720 74799 56959 74036 67354 66188 74554 63699 81678 68982
72804 75992 73908 50858 81051 78331 57391 77515 60099 58657 80420 82425 56396 58506 81950 74406 58547 50508 50225 59045 56908 58624 75742 80516 69694 51131 70199 53020 79311 70208 53571 50534 68322 62579 60068 68753 65981 71697 73591 58961 67088 59295 59260 66937 61747 82336 75639 64204 70576 60427
75478 58384 63489 56316 67731 69989 82587 75178 52060 70869 54059 75929 70898 61484 68383 52241 52431 54538 56680 57294 51723 76598 68478 62713 71808 53557 78757 50007 71981 51996 70768 61121 66008 54178 76163 82132 65527 66425 66972 76521 66257 66271 69077 74823 61665 63856 64035 80024 52347 77886
81699 55962 68530 72227 50454 53015 75640 79446 69673 50199 75271 65853 81403 59476 74880 59266 64601 71406 74706 61289 56652 60256 72926 68705 76885 53683 73689 53465 76023 59122 66289 62036 51830 81373 58419 54208 61663 56289 66220 68099 75592 66120 78542 69336 56153 71598 61974 71129 77323 50612
56812 79836 82352 73464 70091 59523 76084 57668 77985 59919 56482 75781 73081 78709 55017 74495 75607 64692 82145 75072 76899 58725 52617 73810 63562 59796 76691 57269 57826 71886 77858 71820 60429 50043 73426 74135 60895 70255 78585 59233 67075 81083 52780 61627 56666 53193 61445 67432 64742 81320
56100 55578 80615 75172 68468 74910 66371 68378 57775 51027 65323 61066 75813 81632 57340 64750 54457 62246 53603 51530 76844 56436 54981 50309 76446 55802 71646 59255 54609 52353 57512 82755 55729 51545 55422 60391 73105 63890 78977 61713 74936 63855 59707 55605 61340 52247 73602 53980 79725 79758
61599 69695 76629 72932 77232 65812 70399 73900 79435 57000 64086 79792 74340 81454 51855 60387 50033 73046 62569 60823 82123 72994 69555 50416 54104 57078 70671 79769 58471 79854 69367 79541 70619 77427 64253 59673 59788 62993 72791 75192 79338 56707 67226 62046 58852 58128 77766 55970 52744 58139
78979 78614 78059 70901 78250 72896 66763 51701 55047 56526 81011 74443 71518 56453 71519 77585 72107 58747 81185 76579 53166 60934 75779 53297 54695 68084 74478 60050 65375 54140 56970 76379 79463 57461 57767 57905 69028 71622 55516 75867 77324 64286 67949 69147 65706 80101 60274 57663 80360 72306
77622 76787 76301 74366 78302 59097 63237 61400 75083 69980 74593 79963 61249 74817 67230 61470 66504 70270 72362 61674 81618 52304 82596 79345 65823 63624 61155 65468 70750 55333 82491 62566 72341 67624 72827 69640 68802 71076 77370 63860 68803 71701 63956 69414 69235 50674 58799 82039 72726 79750
50115 67348 80375 52219 62041 70831 77135 58552 64018 67828 76393 60141 52524 50111 77316 54123 68609 75660 67065 70842 62160 57391 52509 50021 54464 65989 56937 51353 51234 70634 66392 59118 59383 56620 57745 65925 52914 66240 60358 55635 77375 53364 55772 79036 76099 81125 60492 75108 53670 65010
65225 57410 61519 82288 77347 56310 64046 56863 71019 76124 54912 69853 58968 80481 55886 72218 57577 68373 73015 53132 61004 57602 68464 63012 58111 70845 55561 63552 76853 72122 80498 52258 60539 79972 67133 73377 52123 77421 74789 71198 64960 76131 60752 82362 50652 53125 57809 67782 63303 51924
55153 77436 80553 68205 66991 81388 72217 77333 70405 62008 71814 53270 67437 61188 55382 74058 51236 56617 70990 68469 65710 81833 62898 52695 72986 70888 63149 51202 80263 71705 63474 59114 76519 79606 76452 59451 66819 69556 59252 59375 82368 68406 77833 60447 60832 59265 57252 58137 64907 50800
52996 51124 78288 70824 61319 57312 76391 56527 74131 51585 69753 56057 51764 51582 63777 58467 60422 69908 58741 63332 51030 60785 66496 67488 50564 71038 71186 55935 78763 68092 74235 67550 69764 80850 52627 62212 61832 60581 69053 53207 50005 64938 68013 67663 59731 73912 55208 71212 65687 73634
63243 74980 51720 77251 76687 69600 65472 63450 73163 69863 72117 58905 58619 78555 50584 50296 56831 56483 71165 50511 62375 67688 76989 70180 80941 64260 58520 57025 69635 69559 81439 78474 64975 60444 70610 56334 81845 77916 55685 82652 71124 63394 60168 68504 76307 81103 77318 82510 57629 63342
68398 65285 81066 66794 66193 80024 78593 78334 57163 80321 73658 63598 52838 60535 78281 50421 56571 61306 64184 55678 74138 76332 66356 73623 70892 53922 67787 65314 56727 72187 51444 68941 70498 62192 64848 75717 81306 75437 60719 53287 69812 76767 79958 56248 77619 62479 81664 52053 61901 74542
52002 57261 64201 58737 57075 81325 71851 55135 52396 79676 80915 78888 64396 68649 66787 81464 65056 79713 76448 71180 56769 72806 50203 62276 81758 76028 78416 62458 50556 81702 78478 63059 54138 64336 56280 77907 71194 76494 68492 63990 62781 67205 66882 64892 53998 67048 51703 82436 80802 56871
60011 50268 60350 65954 55495 70168 52826 78756 64899 72417 55621 66638 70535 76816 59977 51409 69520 51836 68016 58337 71382 56975 79366 62054 51436 59040 72993 77940 57575 74620 58975 76413 61890 62278 61999 69317 82433 52866 78547 78615 68245 72556 66148 74423 72960 52110 72214 51351 79033 63377
69309 68045 63442 60756 63120 58437 60120 58427 72749 58803 56315 52170 58078 69324 67950 59506 81947 63158 67345 78506 61008 82621 75598 76866 81120 50759 60224 73716 74089 57098 81435 65341 61002 57724 65480 53867 53858 76171 74447 61174 67099 74639 57722 59411 51623 57725 52792 60807 71818 69725
82751 68793 79449 57854 62837 67596 63681 81640 77457 79979 62154 54418 62077 77094 58717 54229 70655 65020 71941 62369 64665 66425 66802 68591 76718 59778 59203 56566 78053 53294 78469 54946 75219 61143 62582 62530 60116 60785 72207 65665 76601 59419 79042 54679 60585 53492 75009 60864 77249 74800
52735 55277 55294 74347 79546 58554 67805 66876 80953 73633 63040 57870 80146 59501 61972 77611 50736 82161 53553 73498 63699 74489 80257 50731 82392 62081 72549 81488 53819 57381 55892 81198 75994 53209 59590 53364 77180 71642 56144 78956 64785 76773 79632 63696 52028 67750 65355 59358 64782 62323
50773 58286 57621 57914 50609 77252 75925 73656 82298 52450 67093 65516 80641 66847 70941 80076 79544 71229 61247 78646 72015 78904 70228 59433 57372 60955 64520 73269 80064 63255 73369 72496 80904 67030 70363 73259 53265 81421 76672 79268 62896 55377 52630 50686 66832 64555 78417 54318 73117 65646
62987 59574 52513 67016 71817 73431 78381 73624 53888 78850 73147 65279 58455 76689 63505 54330 82479 55988 60649 55855 82209 61614 74446 81989 76230 53057 65993 59001 54269 51046 52541 73647 77800 69186 70928 60997 57400 65110 82443 61166 51627 63734 82308 58814 80850 64508 70714 74113 71448 81853
0 5 14 7 7 37 47 1 29 37 25 12 21 3 1 48 5 45 42 7 1 15 25 44 12 17 2 35 13 48 11 16 33 32 25 15 25 41 18 28 14 43 20 49 12 5 21 20 35 5
32 0 38 28 23 43 22 19 36 42 38 11 46 15 15 24 47 11 27 9 36 12 29 12 15 6 31 42 37 10 34 31 3 11 13 4 45 10 41 13 24 20 34 37 35 5 30 42 4 1
31 21 0 20 11 10 31 7 27 39 1 13 43 18 32 3 28 7 1 15 37 23 46 30 20 7 15 9 36 39 11 45 15 28 33 45 5 13 35 29 48 10 25 43 21 32 4 38 38 44
13 17 43 0 23 4 39 46 19 30 19 39 29 10 13 28 11 39 44 27 1 33 25 11 16 1 30 16 44 18 32 7 25 12 24 37 18 22 5 24 44 17 15 32 48 16 5 26 22 44
28 29 21 50 0 8 31 2 45 25 48 35 7 39 4 10 20 43 36 36 15 20 40 38 46 19 42 8 19 23 49 11 35 21 8 10 30 32 48 44 44 4 35 11 3 36 25 8 10 20
47 44 35 45 21 0 9 16 38 35 50 11 17 11 41 16 5 33 2 12 31 23 27 12 7 7 28 22 19 40 2 16 19 36 25 11 10 33 21 9 36 6 23 46 29 39 36 42 44 13
10 34 30 45 32 32 0 50 19 16 11 39 4 25 44 25 6 5 25 15 49 7 7 8 1 23 48 34 41 30 47 24 33 23 36 22 42 35 34 13 12 2 15 48 40 47 24 8 4 2
39 48 33 36 24 6 43 0 24 36 30 7 37 15 34 1 41 20 23 45 7 48 32 7 8 16 18 1 40 44 42 17 35 31 30 27 46 38 18 45 43 31 31 33 34 12 1 30 14 8
29 48 47 37 31 30 14 5 0 26 4 35 16 22 22 13 45 22 22 28 27 49 47 45 19 38 32 39 23 37 44 13 16 13 18 49 28 16 44 32 44 50 19 41 10 10 18 25 41 22
9 47 19 43 40 21 49 43 2 0 19 8 22 24 43 30 13 29 16 47 1 6 17 39 5 26 27 35 40 16 3 45 44 28 49 25 47 44 6 23 17 39 47 16 7 38 17 48 23 26
33 21 32 31 4 34 43 14 25 41 0 49 31 44 14 8 47 3 17 29 18 14 5 26 19 46 9 50 49 9 20 3 14 44 24 12 24 36 35 18 7 30 20 9 18 17 4 35 43 27
20 7 30 23 11 48 21 12 50 23 6 0 25 45 36 40 37 12 10 45 3 14 39 8 11 17 46 9 10 36 19 14 2 9 2 17 18 38 2 33 43 31 5 20 29 49 41 21 49 41
20 31 41 41 34 26 36 26 39 41 18 1 0 20 15 47 20 10 46 32 28 26 2 43 44 42 24 47 46 6 34 23 17 18 40 11 38 33 8 31 7 5 41 29 49 3 43 34 43 23
39 42 14 9 14 26 32 34 24 1 48 7 48 0 2 10 33 24 22 8 35 29 21 14 28 12 32 18 38 37 40 29 26 22 18 36 31 12 40 34 20 17 25 15 4 35 3 22 33 40
8 35 48 35 5 22 46 47 38 9 28 6 6 15 0 3 18 12 23 38 13 24 6 5 8 43 6 12 28 38 5 40 3 18 19 10 47 45 37 37 29 5 35 30 37 36 1 24 19 34
31 45 8 45 5 2 10 29 10 14 48 17 26 39 18 0 41 26 46 27 48 48 42 31 5 18 25 23 42 6 16 8 38 36 8 30 16 17 2 8 18 21 16 26 27 35 12 48 17 6
22 11 49 5 13 3 17 35 39 14 35 42 22 12 28 8 0 48 50 27 28 10 27 39 42 8 31 47 13 1 47 25 21 1 6 11 47 30 50 18 2 24 31 32 11 42 44 48 23 9
49 49 23 41 4 29 47 50 42 19 27 23 9 10 3 23 33 0 42 23 34 49 47 15 36 41 18 7 8 29 36 48 19 15 8 37 4 12 8 22 22 26 34 20 48 17 24 29 40 29
44 19 47 21 33 50 11 49 16 10 24 28 48 21 11 7 1 21 0 38 50 6 19 23 25 3 21 13 49 34 43 31 45 33 49 12 45 38 3 13 16 16 32 48 14 11 10 5 12 27
4 7 40 46 24 24 6 40 44 12 2 1 4 40 35 31 46 28 18 0 34 50 18 13 34 17 5 46 18 16 5 37 2 36 11 27 49 21 15 24 14 46 21 49 29 8 48 27 12 40
12 35 36 33 43 17 13 24 26 28 38 23 3 17 19 13 14 18 12 11 0 20 12 26 20 23 39 36 42 41 26 23 10 32 45 25 42 41 11 42 45 13 1 1 46 28 7 16 32 41
20 26 40 18 5 4 26 4 43 1 14 7 26 25 2 44 20 22 2 34 38 0 37 21 32 13 33 18 27 22 8 19 47 38 11 41 43 34 2 17 32 5 29 49 21 28 21 27 42 5
27 33 14 30 13 25 6 10 21 17 2 2 6 36 12 45 33 27 13 50 41 19 0 50 10 5 31 9 7 45 43 21 24 4 7 10 26 41 27 47 18 32 40 7 40 48 23 16 26 19
42 15 14 48 18 17 36 25 49 39 44 39 44 48 37 43 44 2 39 5 1 31 43 0 41 13 16 6 17 24 43 20 40 32 9 25 14 36 50 32 13 21 40 30 30 3 6 13 46 30
44 24 20 32 41 48 20 33 22 43 10 11 12 25 10 23 38 43 39 24 12 24 23 50 0 36 31 15 44 3 11 43 31 5 42 43 5 30 36 1 24 40 37 47 42 31 44 25 25 18
31 40 2 8 25 49 2 49 30 41 22 10 49 44 33 27 10 40 22 1 32 32 43 36 28 0 15 4 26 41 42 29 49 44 4 35 29 42 35 45 24 9 46 9 27 50 49 35 4 41
30 32 30 24 47 17 14 30 24 35 44 34 9 43 36 47 21 42 34 37 1 41 39 2 2 24 0 32 44 8 49 17 15 34 3 27 33 34 1 30 34 1 37 16 50 22 36 35 43 4
35 34 13 43 40 27 18 19 37 42 22 46 43 48 41 40 31 8 10 21 16 27 20 29 30 48 24 0 5 32 40 41 11 48 47 30 39 37 8 26 39 32 13 12 18 43 2 16 48 30
39 42 30 34 35 6 40 30 42 46 25 36 14 28 31 43 41 41 11 43 22 47 48 43 37 1 23 45 0 3 11 49 46 8 28 15 40 50 23 7 21 43 15 47 16 25 12 13 14 6
22 7 6 10 16 28 4 38 48 35 43 9 7 48 7 39 21 5 4 45 5 3 19 45 1 43 43 25 26 0 15 41 31 4 3 15 18 35 35 28 29 6 46 47 1 37 28 23 40 32
41 26 22 25 38 4 46 21 18 29 35 8 43 32 47 26 22 48 43 2 9 46 29 32 5 15 11 16 49 23 0 43 31 26 40 24 20 10 7 16 43 49 45 34 9 48 14 2 21 49
45 23 2 31 38 42 42 23 21 9 8 1 29 49 25 24 28 31 12 37 6 24 44 32 37 16 47 42 11 30 8 0 44 12 44 49 10 49 22 43 40 24 48 6 34 16 23 15 27 20
21 48 33 28 13 45 2 40 13 20 43 47 19 32 14 7 15 6 19 39 45 13 39 42 39 8 8 41 26 24 24 16 0 31 16 46 4 43 36 23 12 13 10 7 10 10 15 10 32 14
36 22 36 8 9 1 49 44 21 49 8 14 33 12 42 49 45 30 22 28 34 42 35 34 30 27 38 47 30 44 28 3 18 0 31 14 42 25 32 13 27 9 7 39 32 31 18 44 46 39
49 10 36 45 42 35 34 46 28 37 42 29 25 9 35 27 3 47 36 28 17 22 40 25 28 21 32 47 30 49 2 23 33 39 0 20 50 43 8 11 16 44 23 32 36 37 30 46 27 5
27 39 47 21 8 37 46 20 37 30 1 32 33 13 50 40 34 4 21 4 44 12 22 39 34 17 48 29 40 10 21 14 25 32 30 0 34 41 9 10 19 41 49 18 2 6 30 25 34 33
30 3 14 3 36 35 5 37 22 6 8 5 20 21 20 27 6 34 43 18 33 8 3 48 29 16 26 4 5 31 31 39 29 31 23 8 0 22 36 26 14 6 37 28 43 38 13 11 22 10
41 47 3 9 22 34 24 32 20 8 5 27 25 20 6 48 34 45 13 42 44 2 47 50 12 4 31 49 22 31 31 45 40 20 12 17 29 0 15 35 38 14 28 27 26 2 22 2 27 27
1 42 42 38 43 32 18 11 27 16 39 1 38 50 33 11 32 23 47 41 9 43 16 2 38 26 26 18 14 27 2 1 28 49 33 50 33 1 0 12 15 3 28 46 37 2 1 46 21 36
48 36 13 10 28 19 14 44 39 14 32 22 17 16 23 21 18 34 8 40 14 40 17 49 10 45 31 21 31 45 17 39 47 29 10 7 34 3 37 0 41 34 6 13 16 18 15 15 37 35
29 45 24 35 25 50 39 40 34 37 35 37 12 14 14 14 22 31 31 23 14 17 22 45 10 36 29 45 31 22 30 2 26 33 5 39 30 37 48 26 0 26 1 50 37 11 21 10 23 49
7 26 4 48 4 20 4 32 36 18 46 14 15 46 33 17 19 1 33 34 9 41 24 7 10 13 6 31 6 5 50 10 36 49 1 36 9 1 13 33 50 0 39 14 35 23 46 13 14 42
39 45 9 19 48 10 15 8 35 42 42 6 23 34 10 45 48 5 16 48 23 18 46 29 7 14 3 29 31 4 48 29 10 14 22 14 24 22 7 28 37 39 0 39 1 49 13 45 48 38
25 26 10 9 31 23 27 15 4 13 42 17 38 40 35 47 44 1 45 21 32 13 31 35 5 34 46 26 9 23 19 22 45 43 28 40 34 50 37 37 10 28 29 0 31 41 44 18 28 25
20 40 34 42 11 48 7 16 25 37 30 24 11 3 38 7 28 22 41 22 19 47 38 22 31 30 44 9 2 11 11 12 28 14 38 39 20 20 8 48 31 26 12 12 0 8 23 47 28 49
21 34 3 5 18 47 34 45 26 6 18 8 6 49 21 41 8 20 41 28 9 7 5 42 19 3 7 40 4 6 11 38 29 37 36 23 32 2 33 7 37 10 46 25 36 0 37 39 47 21
24 50 39 20 15 28 16 37 27 9 9 35 35 8 34 39 44 32 25 32 40 25 46 45 11 16 7 5 2 16 1 10 44 12 16 31 20 37 28 2 4 17 30 40 48 18 0 47 35 43
47 11 49 22 11 40 15 29 17 6 10 26 3 15 50 50 29 37 11 44 19 14 12 33 29 15 35 4 23 37 42 18 3 23 39 22 49 39 10 23 25 47 4 11 12 15 50 0 38 11
35 4 15 11 38 22 22 27 32 28 22 23 50 25 1 7 36 33 8 4 46 12 17 25 5 15 15 45 2 16 4 42 48 25 7 11 7 28 41 4 1 16 35 46 39 7 10 28 0 30
31 47 46 16 29 32 23 46 9 24 10 30 3 33 15 12 49 24 7 8 17 42 9 11 23 18 6 41 1 35 36 37 32 26 6 26 44 43 5 34 33 4 23 34 16 26 8 22 8 0
