100 2000 50 1
45 77
25 26
77 93
13 86
16 26
21 90
3 95
19 34
63 89
14 40
49 100
11 59
8 81
40 65
12 23
15 56
93 99
32 75
18 85
39 100
29 43
21 98
23 54
63 68
68 81
2 68
65 81
26 61
24 65
35 77
39 91
37 43
35 74
20 64
43 54
19 38
82 91
35 56
54 97
64 70
34 72
31 66
8 36
11 26
2 25
63 97
39 44
52 79
65 67
50 59
54 96
11 82
9 59
31 35
20 74
2 5
85 89
10 64
51 88
47 63
51 59
54 86
2 37
20 86
39 60
5 8
67 92
53 89
76 77
51 83
36 95
7 32
70 76
26 93
56 58
60 72
9 14
2 13
32 62
22 87
22 43
66 81
62 69
38 70
4 96
88 91
39 94
66 74
16 66
73 91
14 21
84 86
23 48
84 87
25 31
52 57
20 37
69 81
38 58
53 70
41 58
31 95
3 68
18 96
34 38
6 42
25 52
26 92
24 78
54 61
3 18
6 22
6 26
54 63
23 64
56 68
35 87
52 67
46 72
23 72
63 70
48 94
60 93
95 99
56 77
35 68
73 82
45 49
16 95
27 100
30 38
13 63
64 72
61 100
31 65
63 64
55 76
23 26
1 52
20 82
63 86
34 92
59 86
2 10
64 83
48 76
19 45
73 92
52 61
72 77
34 86
61 92
14 92
87 92
17 68
2 63
54 82
40 88
41 92
49 55
31 67
22 66
39 78
10 73
6 59
48 97
19 39
5 11
27 83
24 45
5 81
20 99
44 90
45 60
82 96
10 48
86 99
24 39
45 47
46 82
41 52
51 85
19 57
30 80
62 63
13 37
80 81
40 54
50 76
20 21
20 27
29 78
3 53
34 63
4 49
6 93
3 87
17 25
48 61
28 30
83 92
19 68
39 84
63 87
58 67
85 92
48 69
69 77
3 13
7 58
47 82
23 94
4 94
74 85
4 22
83 90
84 92
8 75
58 93
66 78
92 94
7 50
5 64
8 51
82 97
45 90
70 86
24 74
61 78
43 45
19 81
27 87
44 55
71 73
18 66
59 72
19 63
78 87
66 83
10 59
72 96
31 98
19 91
16 75
45 86
24 48
2 71
67 93
39 74
6 40
16 56
63 74
31 50
51 96
61 84
8 57
57 87
5 27
29 31
66 94
41 75
89 98
43 55
68 90
48 93
7 100
15 22
45 73
71 75
6 92
48 88
13 44
17 34
16 47
74 80
56 69
50 71
18 68
11 24
26 67
45 92
22 67
14 18
5 73
13 85
47 48
22 54
13 100
37 92
25 92
60 95
35 42
7 11
2 17
83 94
11 16
29 49
29 73
41 85
10 33
39 63
3 54
14 42
39 95
54 85
78 85
40 91
41 88
60 74
13 53
56 75
20 56
3 48
29 88
38 41
31 72
52 77
18 80
54 55
25 32
19 82
17 93
29 92
46 47
4 65
55 58
65 83
57 97
20 72
39 75
17 91
3 98
40 71
2 89
22 64
20 80
15 64
12 61
16 62
16 76
22 98
21 100
39 41
89 95
14 38
5 17
27 35
23 56
28 71
44 48
2 58
21 24
29 97
40 89
27 40
62 67
30 56
7 43
64 93
11 79
18 90
1 70
88 97
69 90
6 31
3 27
54 84
75 93
37 66
5 95
81 86
2 40
29 47
55 91
25 96
9 78
48 65
26 33
31 37
63 92
9 69
46 49
5 77
9 92
91 94
71 100
16 61
50 69
45 66
17 70
5 51
33 74
46 96
88 96
16 43
35 100
25 42
24 80
12 71
25 30
31 86
31 45
13 96
46 52
4 18
11 17
43 65
43 60
40 82
7 83
6 98
17 74
96 100
49 63
30 66
32 60
8 85
37 44
5 13
15 40
56 82
10 24
1 15
5 21
54 83
51 79
30 79
28 98
57 79
18 69
2 62
57 76
38 80
22 30
3 47
52 78
8 34
24 91
54 88
66 93
83 91
45 75
5 54
5 22
49 76
65 74
28 95
74 94
31 49
41 82
5 60
31 99
11 75
61 65
67 70
14 23
43 87
18 40
14 35
28 60
9 40
10 72
34 91
12 45
43 58
59 69
2 85
19 69
49 91
22 31
18 56
52 96
21 55
41 63
49 84
84 95
83 93
36 41
93 94
51 61
4 47
68 99
16 86
33 75
20 95
51 87
2 7
43 90
26 50
42 84
24 60
51 77
22 84
44 81
4 85
29 59
96 98
24 96
28 67
19 67
25 69
12 68
14 17
49 89
49 58
25 87
60 99
8 42
40 93
70 98
25 50
4 98
48 83
16 18
49 85
16 42
7 48
32 36
36 84
35 80
39 43
28 35
77 83
58 85
7 81
22 74
23 99
53 90
74 99
15 76
41 46
35 62
84 90
67 69
66 77
2 24
34 57
37 67
61 87
19 89
23 29
3 63
69 86
26 39
14 100
12 98
41 81
59 64
39 57
42 60
47 53
33 83
71 93
59 70
63 100
86 88
28 43
13 48
11 38
25 90
1 38
33 37
14 52
7 22
28 59
32 73
27 71
54 58
13 58
18 76
59 95
84 100
12 73
14 44
1 61
37 87
18 100
3 11
17 84
76 94
45 59
18 23
30 76
29 94
85 98
69 79
20 57
28 92
52 63
80 99
80 90
69 100
4 34
10 69
49 65
66 68
49 87
41 67
43 77
63 65
21 56
70 83
40 74
2 97
76 78
1 19
7 21
19 41
2 72
3 21
37 89
30 70
8 64
6 72
13 26
44 60
82 83
30 86
15 36
58 88
33 64
3 8
31 56
41 57
30 43
84 99
72 91
14 29
14 91
42 57
51 75
36 39
5 26
50 62
14 34
21 77
4 29
9 41
70 72
7 51
33 49
3 62
70 74
60 70
62 85
39 98
71 83
74 100
12 92
34 35
81 93
12 66
54 89
7 23
26 82
54 66
45 87
16 33
60 86
11 68
2 44
57 80
90 96
61 97
1 2
1 60
24 66
40 57
91 93
22 29
58 84
58 60
22 80
59 74
30 69
48 78
1 81
33 79
54 60
98 99
10 40
32 43
32 68
20 81
31 46
41 60
29 70
8 100
25 43
19 73
46 66
2 78
18 81
11 77
34 60
27 44
22 100
19 27
5 98
87 99
11 43
24 27
32 78
26 83
1 3
48 50
19 52
25 36
32 87
17 65
43 47
12 46
64 90
7 82
33 77
11 40
33 65
10 12
17 46
10 75
21 85
52 97
38 81
77 87
11 23
30 67
30 40
15 58
4 50
49 67
34 59
4 54
2 28
65 86
17 100
36 72
74 98
48 96
19 58
19 48
77 100
34 39
14 94
12 94
47 65
48 49
14 45
44 86
17 61
10 42
75 99
27 59
49 75
13 40
42 47
6 53
40 52
41 70
37 54
9 87
7 69
30 96
87 90
8 40
61 66
19 87
60 79
77 84
65 69
34 87
9 38
14 99
7 26
85 100
28 54
9 85
1 26
8 95
8 65
26 35
46 92
65 76
51 94
15 59
62 98
87 98
13 35
36 49
33 39
58 91
24 50
9 95
25 67
23 69
31 36
35 78
52 65
85 86
29 93
71 77
9 28
23 61
65 98
51 73
61 91
76 83
15 94
45 76
79 81
17 41
17 88
48 77
47 62
27 46
20 40
39 52
10 66
1 10
45 46
57 68
14 84
22 97
65 70
22 93
15 38
48 62
25 40
63 81
42 43
29 80
14 90
29 79
25 78
81 89
28 29
74 93
66 85
33 95
22 95
46 94
27 86
28 61
8 33
81 88
11 63
12 90
16 84
49 64
11 100
21 33
19 42
31 53
24 69
22 77
55 57
64 71
28 65
19 61
23 90
5 47
62 96
62 89
21 58
34 62
47 52
51 55
24 34
52 83
10 67
26 53
65 94
69 96
1 55
15 87
76 88
34 76
89 92
23 97
46 60
72 83
67 86
6 28
10 52
53 98
48 75
29 66
32 100
15 88
48 59
15 48
11 91
70 96
58 95
20 26
74 83
47 77
51 92
51 91
46 50
12 74
12 52
2 80
14 49
71 97
51 95
25 49
2 91
19 84
28 93
21 34
2 57
13 66
60 97
15 26
45 63
48 92
66 73
56 92
62 72
64 81
72 93
75 92
27 77
1 92
7 41
70 85
28 87
9 19
34 94
65 82
80 87
13 15
72 87
46 57
78 83
30 74
15 27
42 67
73 78
3 94
31 62
1 74
8 82
54 90
22 96
10 41
12 86
42 96
9 26
25 83
3 55
49 96
21 69
23 74
53 94
6 9
21 82
13 82
39 76
60 85
64 84
15 86
6 66
35 91
1 29
30 33
38 47
38 65
25 77
1 90
36 40
19 71
9 73
33 91
14 20
81 94
18 27
16 99
55 83
59 92
2 32
17 73
2 92
41 89
27 42
20 60
6 45
10 71
65 87
43 52
3 5
39 58
40 97
3 65
4 64
5 57
35 97
44 46
5 84
15 41
1 77
12 16
19 28
3 22
24 79
33 97
45 80
24 82
18 38
95 97
39 71
13 41
66 67
38 77
22 45
46 70
37 68
80 96
53 99
20 85
14 79
2 65
4 78
22 42
56 96
8 25
46 73
19 49
18 70
16 100
19 43
31 71
2 94
55 79
44 82
86 100
11 80
21 59
32 83
1 18
73 96
70 91
91 100
13 84
2 19
14 71
3 10
4 41
9 15
29 72
25 58
56 59
44 89
53 61
30 37
43 79
62 83
25 27
5 80
20 44
74 91
72 98
80 100
41 56
39 97
20 84
37 97
24 25
19 78
3 59
25 64
50 93
91 97
78 81
57 100
42 45
28 41
24 35
69 83
20 34
57 65
43 44
47 75
52 53
46 62
4 53
33 94
50 82
32 55
25 80
17 75
45 50
28 89
71 74
42 82
9 81
34 40
12 31
9 24
42 44
27 74
5 96
7 73
13 21
86 91
38 84
19 29
10 26
17 27
43 86
22 25
31 97
21 72
20 70
25 72
18 39
42 91
63 98
5 91
33 67
44 61
88 94
12 88
34 73
12 22
60 64
35 65
6 57
6 23
48 95
64 92
27 66
11 93
51 72
36 44
11 47
43 80
56 95
2 73
34 82
7 87
36 62
6 46
43 56
79 85
36 89
67 83
15 24
10 31
9 63
3 42
61 96
29 37
56 66
11 64
6 61
19 62
50 97
46 86
4 61
46 65
7 91
28 46
12 82
21 35
55 97
16 44
13 64
32 92
13 90
76 96
43 100
6 50
61 71
39 87
60 100
89 96
11 88
32 51
3 67
67 96
44 56
22 51
19 21
45 68
67 78
6 80
24 30
3 69
59 91
32 91
54 93
2 96
49 72
27 62
35 92
29 62
26 56
33 82
62 92
24 93
18 31
53 87
23 70
68 95
76 97
11 54
2 18
31 83
2 22
3 96
53 78
58 72
37 96
12 76
22 65
39 79
41 69
17 85
10 68
30 57
10 15
3 88
78 80
3 29
78 82
40 98
18 51
77 88
34 96
5 62
1 16
21 88
73 85
32 46
66 79
79 84
22 81
83 85
21 83
84 96
78 100
28 52
11 65
25 91
34 80
51 97
21 43
1 17
37 51
32 71
34 58
13 17
47 99
12 78
31 64
43 94
16 96
39 80
11 90
44 100
72 100
22 37
98 100
21 36
14 27
30 42
20 61
38 74
31 47
82 93
79 92
75 91
3 14
23 87
42 89
1 11
30 54
5 15
4 32
37 76
64 76
14 68
42 56
42 97
7 39
57 95
80 94
47 98
42 51
29 65
68 75
12 51
5 88
66 70
55 59
25 48
45 55
6 51
74 97
14 19
11 28
45 62
73 94
37 46
24 61
30 71
71 95
26 29
46 91
41 71
16 89
17 66
79 83
38 92
27 56
51 69
49 66
44 87
56 89
27 91
35 71
4 25
16 74
17 18
6 21
46 55
23 66
15 97
35 89
7 10
18 97
39 48
62 99
59 77
24 75
44 47
32 80
29 53
29 42
71 90
70 73
17 21
16 63
24 98
8 14
37 53
83 99
62 80
9 30
24 67
29 57
50 72
57 94
40 51
16 57
26 55
2 42
43 91
56 78
30 99
9 94
60 84
32 40
55 89
90 97
81 100
56 100
6 48
81 87
22 32
13 69
63 82
20 48
72 88
26 84
35 45
33 92
30 72
30 90
4 68
43 57
36 42
29 54
24 64
31 68
63 99
12 38
61 67
10 14
4 17
30 39
94 95
14 36
30 49
70 84
55 69
15 85
99 100
2 79
15 92
45 58
13 14
7 42
7 30
20 55
11 42
34 90
36 91
84 97
16 91
35 61
57 82
5 92
56 70
11 70
62 77
3 83
25 74
16 36
60 71
12 63
21 96
79 97
39 49
30 83
26 96
56 81
27 94
71 84
20 53
2 16
74 79
36 57
42 66
3 82
10 37
8 93
7 86
31 63
4 38
9 42
23 57
12 97
18 25
47 72
15 23
22 24
11 29
4 51
18 54
69 94
23 65
5 99
35 52
22 60
67 81
61 88
5 23
90 92
53 84
6 58
32 95
51 71
31 57
2 4
53 74
24 42
6 69
79 89
16 73
31 42
43 62
38 44
8 89
53 56
26 43
18 61
20 89
76 89
20 54
30 92
21 23
10 88
36 47
31 38
45 56
1 13
38 61
9 82
59 76
6 78
35 81
1 22
9 47
18 94
34 81
17 64
26 46
46 68
32 74
14 58
59 82
78 93
34 83
15 70
69 91
67 77
10 44
14 39
11 37
8 39
6 88
1 63
1 34
21 78
73 81
90 91
10 79
2 98
1 80
34 36
28 39
23 80
23 53
52 91
38 56
27 97
6 52
12 59
28 50
50 60
53 82
13 38
17 40
13 83
16 58
41 73
28 48
45 89
46 85
96 97
56 98
28 57
21 86
54 65
30 44
24 37
55 74
21 99
39 82
13 36
13 91
19 47
63 85
79 91
38 51
23 34
32 47
41 96
64 80
5 85
18 35
25 51
25 94
16 60
29 58
2 20
16 48
80 84
8 74
7 14
81 99
9 61
17 32
42 79
50 87
44 62
15 78
15 52
32 34
13 71
16 29
62 73
7 18
57 78
47 86
13 56
78 89
9 56
52 86
7 27
35 51
31 58
14 59
6 60
4 99
31 61
16 37
35 94
33 52
20 36
15 46
33 50
22 88
11 87
14 22
18 74
78 90
35 83
12 15
50 74
27 47
28 88
31 52
19 96
12 65
1 69
44 95
24 36
7 72
20 73
32 98
19 20
20 22
20 47
36 66
11 73
11 55
48 86
50 68
58 81
2 61
71 78
3 92
43 96
29 83
92 93
48 91
49 78
36 58
75 81
16 31
16 46
37 58
56 60
18 55
74 89
41 93
23 32
22 62
19 31
7 9
24 56
13 68
58 97
20 41
25 39
17 78
20 39
33 36
12 18
32 56
64 67
4 90
16 19
9 67
27 73
55 61
60 67
62 78
33 87
44 94
7 79
54 78
71 96
26 52
48 70
38 72
32 59
73 97
21 40
29 99
51 82
28 97
44 75
44 68
75 82
3 6
46 51
50 77
11 61
33 38
50 51
4 31
12 28
3 7
54 69
74 82
9 12
55 81
10 82
12 87
56 72
24 58
28 58
34 100
36 37
40 56
37 79
8 90
63 75
14 24
55 70
31 32
27 41
43 99
66 87
75 78
14 50
38 49
11 99
36 65
20 67
95 98
4 59
57 64
46 81
23 96
29 82
23 59
9 23
7 33
7 94
71 76
91 99
27 45
19 79
13 99
6 16
28 36
12 83
61 99
4 88
2 69
30 48
18 83
16 71
50 66
34 77
54 99
30 81
22 33
37 91
21 49
12 13
46 79
4 28
15 71
66 99
53 80
46 54
30 59
27 54
17 45
5 89
10 35
35 44
67 73
32 77
47 81
61 80
3 46
11 12
38 95
47 88
11 83
18 95
28 82
33 45
25 70
21 91
62 82
8 58
69 95
51 89
57 88
17 95
12 33
38 64
61 79
54 62
33 56
20 29
10 20
13 92
30 46
53 77
68 85
40 85
24 32
13 60
73 80
20 79
29 39
38 87
55 80
51 74
42 64
47 58
17 57
47 50
60 69
25 99
80 89
48 66
51 78
18 82
59 67
37 75
35 55
94 99
23 75
19 92
1 24
59 100
88 89
31 85
11 20
18 62
19 74
94 97
46 67
60 78
1 97
30 32
64 66
40 77
1 83
49 94
14 72
33 41
78 94
75 89
71 89
20 97
51 93
44 64
3 74
8 20
56 65
4 79
11 72
44 65
40 73
14 77
62 65
2 36
5 29
20 24
23 44
8 12
56 86
11 48
35 72
87 89
10 50
41 48
24 97
76 99
17 99
4 42
23 67
2 35
30 73
11 27
4 19
26 42
53 100
16 92
39 51
13 46
32 48
18 93
91 98
67 99
75 77
25 93
32 86
5 68
26 28
23 77
15 83
15 63
17 49
78 96
45 74
52 74
19 35
12 48
75 94
15 61
53 88
70 79
36 83
33 42
19 53
15 32
64 74
11 76
72 73
46 84
12 99
38 45
64 75
8 31
9 65
28 69
8 79
47 94
2 39
27 32
30 100
16 32
5 76
2 64
58 70
22 59
78 86
9 91
89 93
2 31
23 42
3 72
7 24
8 71
32 58
64 85
5 40
12 24
4 30
38 54
55 60
62 100
40 95
5 75
18 58
14 81
6 94
37 52
60 82
27 64
54 87
83 86
14 74
4 74
27 80
40 63
3 79
6 86
15 21
9 83
59 60
31 75
37 84
62 74
19 32
18 32
75 100
52 60
5 58
20 63
30 97
7 80
16 39
17 98
10 96
14 83
38 69
7 96
30 63
44 79
7 67
4 35
4 69
47 71
39 56
18 73
59 62
20 38
19 80
58 83
53 69
4 13
3 50
53 57
7 8
21 44
41 49
23 51
53957 71163 81089 86925 75316 62621 92512 94327 86804 61785 68893 98807 52049 52048 96008 76584 68941 98564 66136 67658 58692 97995 95817 76836 88015 69786 63168 79855 74734 64019 73329 78691 51534 70771 81968 93202 83392 90832 53881 86549 52617 72775 85356 54667 91175 97717 81251 76468 62633 63739
94126 71326 61734 89943 64514 66101 59729 77682 95957 84463 58053 85638 79506 59588 72761 77827 69142 56154 68659 73024 92703 71277 95799 94411 92296 53326 58480 89899 79794 71114 53638 73920 58792 81724 63864 73306 64177 73593 67340 76486 74409 91746 62125 70267 67686 84886 98094 86828 57392 83106
59852 66447 54383 72003 77211 63031 75329 85691 52930 55123 56805 72920 79044 81949 70996 59260 71607 85173 99205 88948 61660 89966 80694 90137 60234 98380 91375 74680 51560 98768 57786 61413 65215 78521 83416 92426 91552 75098 78118 60834 80221 51275 50106 75617 99577 71102 51229 71184 72628 50435
60132 50640 90401 57178 90777 66987 71910 82152 91668 73471 80920 99454 84884 62488 94328 84652 54914 52232 59750 99384 63067 56324 67012 63173 98293 66589 50628 99523 54125 73256 99958 64258 73896 56711 87788 81025 73699 59699 63177 81719 99522 60450 97525 84406 72938 91853 85410 94204 94086 61513
59941 57153 67837 76953 86678 66130 59894 87306 65653 64019 76914 81963 94629 67162 55027 82418 98187 78726 58469 61365 76797 57991 71815 74322 58749 61105 66176 94159 55309 76614 55672 65250 50119 89861 58555 86797 55992 68449 90456 87997 98821 83722 86313 93450 50885 91340 92220 65424 86418 67041
76789 63215 75032 64956 53889 83781 92413 70065 94293 97723 96679 66317 79325 96798 56179 87881 99948 78523 72682 56756 82872 87855 90478 85537 97658 57715 76877 56230 73140 79647 73272 66281 59214 98304 97590 63104 98438 90003 99521 59083 54078 96201 75400 83404 59351 97931 87637 75651 92806 76671
82407 92031 64527 89238 77568 78537 96953 70798 84767 86445 50445 58039 52727 76012 56344 50317 89116 71134 56672 88637 80217 60751 51190 71969 60507 76894 86253 98144 52545 79059 91167 51305 71090 72046 90543 65011 50583 53848 85809 85351 90294 52606 59742 93021 78618 82438 59690 84086 53572 66362
72724 50141 93465 73914 72111 53972 67160 58364 68468 69706 53775 59636 71011 91218 81682 77906 56229 98618 81754 58390 50321 88400 60996 60063 81421 55967 92502 57463 90053 62426 90178 79129 62568 83643 69396 51031 87616 86556 59395 56084 56262 79522 82072 93625 70740 80107 87883 93321 78725 69638
51711 95398 58038 79060 55461 55812 51379 64315 79627 57784 93094 69805 86914 55662 53449 56310 56693 57417 59218 82440 79853 81833 78314 61926 75458 99055 92033 79694 58728 87110 99332 76792 82508 73722 72204 54321 95886 73583 84989 75514 81367 78083 61671 84633 50097 81472 57295 56790 88889 66514
55582 68743 98347 83896 97021 90157 99303 55406 69851 58032 92516 69183 84824 91376 59258 73380 62049 55144 96963 97038 97010 94682 91473 58682 79316 91570 90154 86611 64712 79044 69477 70294 64139 67824 70543 61160 57982 86198 82918 77833 94230 75434 63369 95406 83162 72627 68786 61563 94123 82101
74954 91134 76784 66427 99816 72452 57998 89970 75415 72710 85366 61245 59357 99505 79069 79900 77017 87051 66098 59935 81237 76681 51721 94606 88439 51235 83585 57226 62799 77708 55679 87753 68842 98815 54180 68658 87619 78530 74981 63035 51241 60347 74280 76950 59853 69701 73202 53222 56753 89300
63158 54342 82333 81231 98948 70773 82467 82533 94351 61618 60241 50030 99371 95436 98846 69903 80446 52817 98434 55427 82204 99675 65775 56484 92977 75628 92538 66179 95202 65643 55479 74712 69985 54165 55944 68933 91290 54763 67818 85641 66381 94411 52023 65752 89847 67221 85655 70294 70039 50441
92073 52243 66468 57848 75080 59445 99828 67618 75624 95031 99613 97456 69743 69598 51621 92039 54883 92911 96802 89053 94904 63183 83464 63279 95287 89664 96853 97295 76310 66892 97736 68383 85487 80557 76232 76919 90002 92412 60889 65627 87443 60502 63083 73539 80100 81056 65578 51335 90319 62381
90388 85223 91916 90205 64854 53556 79869 61707 50851 72531 78599 64939 90914 80439 95496 83498 57358 85499 75911 68248 67478 79706 78750 80561 53245 75203 77969 68824 92890 68288 97557 83279 53511 55825 73484 68365 59381 69705 80073 76584 92236 75024 57876 83150 71815 69724 66649 79174 71575 58912
63774 89053 88618 58876 85966 91864 84079 63935 77040 76970 82223 90949 76601 85734 63126 50085 70452 72508 69790 66877 65444 62026 58253 73320 61528 80069 59397 94529 75595 80972 53441 55721 70026 92060 64597 55992 50276 65029 86280 93668 58351 68503 84617 84952 70590 64095 51389 57394 86603 87531
74271 68400 65909 98876 58072 77437 95297 67469 71967 87244 98442 91760 92965 84820 50172 57563 57164 66800 88944 93444 60468 97295 61948 61437 98599 82538 75533 99988 89932 78488 53871 80555 96888 69780 95783 71313 63569 57433 88782 51888 94677 53576 93649 87643 88396 60173 61558 95561 76974 50502
55357 87442 97797 67305 65232 96396 66195 90765 62736 56127 69253 66607 53034 82494 52739 98818 70159 66308 56251 58941 68197 67280 78870 78198 54923 83618 88371 82833 95531 65345 83335 50889 52788 97484 84546 68020 60232 50742 75137 89320 73221 60742 55927 76256 59588 58666 91426 79747 91327 64029
55041 59524 81309 83911 87722 52585 83881 92445 51770 79413 57791 51458 96654 76931 98942 81200 61303 75527 81942 86440 64847 55164 63534 87127 81420 73123 62145 89198 52870 53472 69579 57911 79348 50888 58174 83422 69825 92056 75868 71596 71469 83659 89406 68123 76942 88348 99323 88245 80227 97618
91037 61427 52782 54571 98554 50554 77694 77051 89752 80565 80524 59331 54828 76224 76571 63003 59647 62749 55059 51867 50697 76528 51878 90103 61003 78820 94803 76678 67065 75031 74296 58102 86458 77078 79025 51364 77632 56720 78415 83736 53637 75291 59419 58465 51516 85991 71468 77515 98740 76527
79382 65789 69407 81260 55892 96762 76432 50695 73441 59849 92078 97737 84303 94888 91168 63328 96252 68800 70048 74668 68889 90037 99959 78308 98503 67827 80651 86323 95342 95743 62851 91076 61532 98610 88688 67424 95373 65120 84472 68814 74969 76550 82903 59272 71439 74071 72601 84043 59224 59001
58711 78113 99039 75023 56421 63894 92850 87073 50217 88193 99168 79420 79269 60701 78031 67958 94477 73404 99430 78949 58570 74400 71852 91473 50024 59643 81897 88977 93686 91121 64331 52398 69234 63370 77421 92007 93616 70271 95432 93833 74816 94601 73254 54086 55302 51285 88396 99779 91041 87826
95081 65963 78578 66933 73788 78603 92928 55685 83932 86614 96806 98263 55364 82392 77985 99137 74400 71601 85761 69832 81787 60577 80785 55041 81015 86087 72678 69411 52219 80071 73590 63652 62386 52168 96937 86174 97123 89865 58212 81056 92831 71370 95671 98196 53763 73657 97333 94515 61610 83094
80699 93397 60024 61485 98438 91039 63924 87468 76803 82495 67539 66745 96147 79925 68913 59436 82452 82389 99301 90664 79797 92133 62034 91820 56681 82149 65477 54014 76664 93440 53461 57364 86837 63485 85201 51628 54524 99125 89096 97679 81621 72988 64424 94120 69265 99690 53557 68069 98431 69210
58733 78228 61343 87120 70048 68024 69269 51878 88391 62286 95318 91852 69650 98507 55337 71203 50135 76213 70328 55584 73893 68301 78572 54669 62422 64189 54359 82331 82259 52790 51541 57344 97370 79237 94464 67419 63613 80086 85649 52004 58724 97319 60208 94726 95826 81897 65929 95962 74463 86257
67898 64708 54559 62822 69377 83333 77011 90089 65664 75622 92879 67205 82967 90250 62794 93783 74021 76408 90221 76022 78412 98945 73341 54973 93671 69167 86870 59600 81481 61333 62210 99379 76041 83121 78553 61771 66454 55565 51860 98470 97539 94739 82027 80506 51341 94822 90642 91714 71230 80863
67736 65994 79809 57429 70967 89832 92949 74190 99433 74430 85523 61643 90162 77917 61116 68715 89688 77570 90632 91548 92392 88172 52639 74419 85030 70333 85593 75672 62047 56823 56536 96136 89170 52697 53565 76489 92529 96514 50679 91962 87297 52555 69957 93811 80472 81073 62526 86512 74995 69511
94412 67387 57683 97051 58159 92713 67384 93752 68386 95784 66928 91274 58272 56098 93971 78189 82587 86500 91056 99619 94815 78353 52174 81124 88516 98998 78550 51042 85510 53545 86905 96274 87285 94588 59677 95444 53654 93414 55548 88392 89198 72476 96018 63822 94926 89989 92011 77514 92841 83067
77133 87656 77772 95659 85133 66288 94657 63683 83683 96519 67228 70588 59145 70865 81529 68822 82661 85183 62236 88210 89927 67786 77038 85945 81608 71965 92286 73620 65831 85127 56687 59316 89136 50812 54975 74269 67100 65984 87952 50783 78855 71532 71372 88000 92398 69253 56822 75059 54436 69059
63269 60715 53197 56660 63012 84806 78625 55298 58426 94456 56777 81465 53772 95913 82277 75099 86534 65730 91083 74486 66513 69938 96019 54237 57938 54769 73490 81112 96180 94278 66523 59450 71345 69721 82462 84357 54527 61087 89655 79305 55543 96433 77122 75667 58698 75752 50766 95233 91482 58201
86071 74347 78139 98442 78585 52429 53211 68427 99893 99392 62706 66417 75194 84051 86138 57656 84761 57017 68743 74416 52674 90638 87201 96148 82657 62252 71900 99775 57485 79734 57976 93556 54082 52467 91999 99019 54896 61562 67446 71141 77306 96504 87558 52500 96908 90048 76508 81669 97065 61603
72437 66091 68593 75991 62240 51250 88243 50492 51025 62080 80227 59001 71988 50661 77820 80339 99680 99068 91902 67126 70210 69208 79983 57768 88061 76891 97817 64569 74912 61234 76173 97349 77326 94766 73340 55918 62369 77935 56410 63394 90015 52989 88748 62004 53650 66568 58695 53330 65637 50597
86809 85847 86158 83144 59967 74219 60035 57784 55140 84947 85371 97665 98648 62697 92432 88341 84967 71153 66276 57729 84547 72644 60719 89647 51000 64369 72568 59695 84052 88205 76645 87213 90404 62803 70357 50371 53374 80392 74508 58514 81691 59879 56180 96691 88928 64964 85032 73895 86117 67661
81624 87016 56657 58695 93016 74009 89417 65584 50056 73469 70141 76701 77034 60545 55856 97391 77268 75582 94135 68128 50449 92178 78007 56629 88869 83287 87945 90254 73534 90414 57915 71511 93782 80924 80206 86798 54933 69623 52382 54989 59444 72523 98043 86478 99420 70251 83869 93041 95834 94356
61169 96283 86534 55529 69264 75404 88816 73561 65658 78703 63975 89925 50214 74109 87201 80420 60908 58486 66396 79642 79827 75840 68518 77870 78671 67938 98122 62540 60979 93956 56897 72149 56591 93431 94030 75855 85187 82846 99416 67197 77901 63391 73474 78115 53852 60675 74888 64760 69161 91284
94403 98989 83476 62921 93211 62147 97211 91333 91040 74543 51641 97937 63044 58232 57720 57074 84087 59260 56272 99855 76457 84174 79598 99932 62289 83451 76959 53529 98211 62473 61165 58966 61462 94642 88239 71025 73141 51803 62359 64181 76346 80352 78470 89390 54937 52543 96464 89024 61803 69088
88880 54612 53262 68478 70896 81904 68281 97856 85433 66493 76681 62951 91811 88143 73945 80051 75520 97086 81854 54231 77620 74552 84584 72442 63942 89521 74985 76758 94897 53140 95846 50129 57753 99109 84960 95001 97365 53241 59209 99150 69734 85890 62101 77898 90385 86046 74301 65906 99485 56155
70137 77105 80707 54721 99547 61001 60594 90885 87759 55492 94025 83605 71973 68130 99066 56933 63132 62783 60175 88693 61934 96261 74584 90387 74159 64969 92786 98460 80875 92271 70967 51013 69376 68026 72086 85275 95379 82681 76160 83138 54525 86538 83096 76498 54668 98514 83432 84152 61298 59959
72846 89584 72572 63782 96323 96732 78751 89109 61544 59627 81380 98864 76992 50756 83242 99078 52384 78622 98111 78544 61760 68988 65082 61208 95487 86103 59723 95271 86607 87373 55230 75805 93309 94154 89587 89632 90886 84691 78742 68783 94318 60122 83999 87662 77231 67241 86740 79615 62215 51204
74511 73976 70192 55946 51536 65679 92049 61259 77302 95008 64984 98884 87166 58293 93039 93105 64278 50277 77796 93020 69060 72114 69494 69411 59776 96725 53005 62869 92692 65220 64073 67204 89196 50617 73150 57085 66297 81551 84696 59951 92911 99681 58836 80077 74326 51875 89535 88604 68504 67331
81624 53917 55798 67471 73328 81926 80548 76333 61147 73241 91554 75220 56797 97102 75838 96299 54187 58487 94202 88884 68438 87113 54917 93626 83543 79243 61853 73078 84200 80358 90409 82176 84275 62559 99647 57603 94486 80196 50289 55633 69789 91843 97206 76586 88945 89396 72885 59485 64235 67087
64721 99025 70552 69638 92652 54095 65233 54505 93525 99433 51215 50287 81610 85490 62846 81257 59446 73684 77805 59735 95670 97594 51578 92876 74180 56875 98624 63417 82712 62859 96856 97433 61884 67409 67071 70888 87856 82305 91746 97734 98090 92961 98021 79700 78452 77219 60958 87898 50904 88763
63985 96574 86358 65563 55802 76890 88790 54426 56660 71503 67285 53516 68936 95521 87277 52360 82762 91486 51017 74508 89220 99107 83821 87241 78808 78625 64460 56118 66523 81716 61233 96860 78290 63943 62423 84092 57186 67566 88518 63846 89069 72155 83714 74357 84029 70992 93069 66791 62478 60438
57651 68050 59546 91472 55291 54706 70098 86103 77176 52973 67820 88409 99834 62462 68705 78609 96555 75891 96175 51425 89737 51596 89933 73451 92306 90314 60795 51727 57105 89625 62166 81108 57675 88064 88932 79318 92770 59030 65422 86298 78356 99594 74707 94542 62056 93412 73151 74963 85655 85679
92741 75392 87275 82674 65196 95933 89340 75991 97661 96445 65617 59827 93905 89644 64243 82837 68963 73365 58220 50737 59663 86576 50331 50722 81118 78739 60487 54269 53703 96142 56300 62796 71535 93576 61822 53083 55861 51162 79074 53522 63959 61043 79701 57864 67040 93944 90701 86003 67309 98921
86740 76972 51849 53423 94047 82967 82162 54534 53589 52217 50676 59889 65013 88563 69817 76835 91646 75679 77997 87073 95553 58308 64468 75255 66172 81508 85551 73226 83863 69213 88499 86955 62537 90349 90378 56584 89668 88893 61118 93257 91110 78147 69499 72476 66710 55668 65663 74709 81347 60013
61782 93253 68321 92602 84860 84494 74111 70411 74072 57974 89624 62571 61282 52162 52920 68012 75098 58941 56905 86217 68550 64368 80716 88049 53196 97426 93718 68859 72135 91417 78872 50269 51022 97194 92872 85882 98040 83335 56294 72112 57661 62270 84683 68943 80784 53956 86956 55883 62897 60213
92100 97799 74581 72816 85849 94129 86594 95919 62989 75082 53688 58213 91703 54711 55407 84575 56945 69799 84262 63239 58263 91924 91862 92947 60867 72646 63255 64175 78529 92504 74389 86981 90303 65322 76149 92504 59452 62744 54775 88793 54178 58464 97006 95881 79527 68766 96809 86472 88565 81071
66064 96829 72995 57926 56128 50215 80572 85735 80742 75454 78239 55131 62435 84894 86806 88585 77399 62610 67681 82174 51403 71859 56990 98409 84092 52869 67175 80901 55694 72093 78325 88110 68922 67672 96036 91402 67887 92960 77137 98630 68414 71728 70113 80850 56622 73271 85787 84021 85881 53468
82548 53636 75327 55890 52046 75771 75112 85573 56673 80806 57666 51350 68916 92940 69022 81304 50694 86910 90616 77831 51892 59031 99559 88357 56233 56182 61629 92020 56555 63862 95488 55455 67499 87167 61346 85897 62938 52810 87822 85963 83616 61841 87313 68884 71133 72688 66540 71828 59598 57156
99659 77842 82539 65571 66199 88772 71753 94180 80792 94660 74395 92632 50116 91894 96151 77814 94143 75442 80624 81965 61405 80592 60158 65071 65828 81292 87759 98720 53120 63709 55876 69131 57903 88416 84702 74102 93540 72807 84635 90685 67468 59030 83317 83936 67276 95821 61750 77771 71263 58726
59736 99020 55670 86247 64091 71498 67539 68202 70218 70659 98263 92446 89790 56166 97214 74493 96621 90755 97300 81256 97792 81120 56638 97461 65056 90266 93282 93158 68037 64545 51884 94125 63566 57554 80372 94009 95404 97911 78564 81974 84922 76827 74421 74713 82994 71635 65558 79615 78742 79210
77223 76534 76683 50213 73996 91739 90479 67278 84898 58516 98176 53134 52641 78094 60689 83014 72103 72445 97277 67019 54420 82200 93847 78841 73265 93193 66828 88823 89160 61923 84385 82735 88457 61068 82948 78805 69160 73427 96084 54058 81943 60612 73544 50936 88706 84233 83950 77161 56679 81228
94181 77451 63428 54380 56292 53045 63925 89472 91868 69437 51395 92605 52172 56205 70026 51472 85010 89186 74899 97446 59596 73194 58058 83140 74130 63116 83726 74433 90278 56757 72013 50811 84208 51793 71543 56852 54838 51820 62676 63058 71257 64072 55663 89781 70277 92041 91253 71639 97579 66152
69086 57175 55698 77144 56668 96180 56613 56746 70613 63243 79855 92626 64054 64063 60771 51949 87267 65609 70121 99943 78667 91378 80367 50683 81159 66996 92724 88764 88636 90304 71268 57722 63831 76966 51218 86851 73146 57831 93597 93760 71074 89804 52738 51480 53867 63510 69781 57486 95471 89902
73782 74139 97632 54149 91174 78791 71146 83898 83907 76134 90554 55175 83856 70738 82141 51426 57589 55288 59258 67539 65400 80332 57343 84490 98165 77563 64352 67946 51401 59824 57849 75183 50315 55481 79333 91489 50625 66831 91739 84532 59317 82294 89708 59525 69384 88201 60951 76973 59841 70209
60864 91593 66894 84560 76084 65059 78475 56788 83005 79876 66612 57206 55060 83279 62688 50745 74768 79665 83928 66508 80549 93245 65154 70257 52770 84538 74811 80073 77863 84652 50283 55080 92598 67177 89640 85034 98588 84467 91822 97945 64343 74787 55152 85755 58066 84192 52852 82835 63857 53132
65695 94406 62729 97201 81016 65499 81739 55827 95573 75954 56831 62208 81034 99429 95737 87026 50815 94325 87845 92638 92270 52189 67425 63774 54296 75491 97966 57149 74678 61823 60281 56725 72582 73011 53926 53598 54862 85665 75777 66787 77972 98960 95347 75358 64742 91084 62385 65557 51761 50230
58195 60384 68771 91972 74158 89420 83816 72125 62921 58494 83948 73202 65220 72882 62565 85498 76480 83780 87516 68609 66919 65488 67570 62267 90846 82312 69703 69583 97869 71465 86166 56065 81849 71289 98037 56007 60709 98205 94484 73630 56700 94785 63185 88272 67667 92102 90122 94148 92234 77638
62757 59154 93126 80327 87773 83973 78991 57476 69908 76861 95293 56074 99278 93494 77364 63667 99502 54425 61873 93986 94408 84925 88771 57593 89549 72791 66047 79671 66939 58282 57310 96048 67436 50436 92728 71561 50761 71719 95389 87022 64932 90683 93096 64210 84177 86812 77878 50031 57590 89751
60370 51998 74676 65493 59591 64225 88284 75638 60248 71575 50272 67558 83976 84060 84347 76704 55621 85108 64775 51011 72130 96060 91694 81579 60270 92223 84743 54500 92255 92333 94251 52625 94331 85279 84470 70274 65856 72755 62265 76105 94330 62537 60015 78306 96598 94362 71362 52219 95823 52490
69582 84305 98550 77628 65884 75172 69852 66980 79673 78459 59313 90276 97436 69997 91908 81906 90271 74116 54661 52536 50221 98992 81426 76589 93650 78024 70951 81365 96595 66774 83855 66178 51080 98757 60158 83316 73929 80010 50296 69954 58469 75962 60231 55905 95959 52139 87812 52582 92607 58825
55119 92829 74169 52897 85770 67820 80921 56721 99185 93868 89848 99392 76398 57280 98149 86557 90596 88430 66567 57245 58385 91389 99559 84968 63646 95518 53459 67810 98100 96066 76636 69571 55247 50805 72468 91017 84977 69741 64091 84162 63610 53939 99906 56360 61219 64407 92917 68167 52838 75837
91764 77575 83578 91323 78895 97224 86841 82354 65035 51294 78420 91671 87217 50020 58828 59686 91037 93806 95779 55128 94320 59389 75419 94227 65750 52990 74986 75019 87510 94176 50856 79274 71751 50786 70598 50646 98011 73791 99352 79398 91437 94125 71069 78655 94145 96249 88341 85182 90055 84120
56663 50728 59862 98434 94955 91964 51425 86293 83335 88935 80470 50544 84561 68573 51330 71511 69220 99341 95303 84924 78739 86740 79049 66160 65395 73194 62410 70088 74729 68817 70561 97744 69545 96775 96178 80852 88739 63955 67146 88426 69242 97616 88970 53804 66189 90301 75315 51761 89642 86970
53038 84734 73711 82087 50894 55458 55282 79656 91899 80011 64826 62460 94107 84371 75587 90285 81576 80678 54241 98722 69104 89835 62690 58075 59991 95231 98376 85307 63345 54370 88629 66383 89104 62340 64822 56351 84151 70104 52359 92402 66467 67185 71214 60574 67909 96801 67212 65837 77479 87805
80911 96583 77640 59953 71010 87632 55184 69386 89291 84881 90109 77920 67616 79213 56613 82439 51916 57116 68895 54276 99518 51715 87813 70732 62289 72074 67533 95853 54263 61364 83658 85174 74299 61299 95127 95310 65283 66664 81048 54574 51545 71157 98846 85514 66723 55459 67953 84991 62575 53200
89267 62093 54915 93433 82825 83557 81859 66710 79410 86123 78074 63069 71297 52374 90720 82777 64036 56003 99441 95084 76929 67338 82594 92127 52852 99317 97587 87157 84308 76514 56710 89928 54960 61625 99713 54137 95182 97924 70848 74593 84047 65274 54014 71697 67648 94734 70826 98036 67089 86619
93121 60370 53957 92067 52497 73162 57736 66436 76671 58396 92951 83381 98324 97911 95007 64389 52048 56541 62314 89248 97486 62713 54523 51500 50762 88523 62586 87940 86560 96027 74559 96033 72749 78517 88100 75247 68031 95836 58035 94702 54232 50986 78084 68909 65249 89443 99650 83650 62336 78316
89250 59823 91030 93773 61323 58144 98649 90262 96085 51561 86289 70644 97594 75391 65513 52046 50638 83544 97882 58673 94599 68466 76012 89035 53727 57613 78478 53378 91263 90814 81694 80514 66989 89076 90639 94665 97221 55640 84927 59658 57201 87568 96654 54795 62959 62168 73193 79949 62064 87427
54975 56663 55894 80987 95698 59621 88600 90528 62999 96216 81343 61046 93082 98332 50122 83721 59349 97343 89362 94276 73353 96563 98197 70008 67711 61156 82176 90904 57458 94240 78332 62433 50904 50578 59772 62954 76551 98372 53483 89551 60940 51178 66949 54022 65862 67071 54096 75212 80767 93458
69488 54120 56373 67685 74128 90436 95194 56304 97693 52652 66897 92377 65085 84153 92955 74857 97107 85858 89581 50590 91761 50522 51768 58710 70896 67631 75782 74992 92843 56549 84802 78683 60669 57528 62721 84798 97964 57915 57454 62009 76919 90703 54386 92004 74856 63693 83213 88316 99552 89146
55258 91313 56020 57027 50024 76917 91010 92158 68261 50205 98707 53064 95240 75728 60592 57961 60526 74908 65876 84333 86918 92795 75036 57656 51151 66245 71350 50716 54561 87254 89863 59819 78567 62235 83198 94943 89152 90560 53453 73766 57117 52160 76830 52358 77889 53774 60319 54767 95034 92548
55452 81952 51695 80489 89609 69199 63086 77311 69915 83999 64565 76130 93818 59484 88366 93369 70780 93870 50281 74233 67636 57399 92746 60818 59757 70635 80944 70076 91754 75979 78976 97207 74283 80672 94048 80244 99871 57134 73907 86138 91133 88472 62269 51303 64309 66987 61024 51441 60857 61306
75674 94846 68705 84772 72016 94814 55407 69313 81242 63514 95292 60219 60721 85927 90891 71121 82524 57114 78255 56431 93252 85740 61256 71873 53395 75565 88860 64420 93358 66070 75726 69032 77268 60783 53805 99284 55597 75564 68597 86839 55430 80241 63410 82503 66169 54301 53624 98693 77767 98231
71476 71020 50323 82732 92893 53719 74649 98106 68139 68007 64176 60217 53392 91444 87352 73549 57080 59301 65465 75678 96140 70896 72271 59551 53399 54792 80204 73376 69837 57972 87959 91314 95344 88283 74046 88237 58354 65048 52695 76493 83055 66871 53062 86447 74667 56766 59996 81748 66067 91814
73778 62207 62710 62401 88110 82461 67194 84667 55837 87031 58991 60149 94697 54335 98432 85096 58924 56786 50144 61620 99631 83199 94843 69045 85999 69511 75811 62347 67611 91878 54161 91389 70437 66871 53790 74900 65685 87336 59567 87874 90720 84910 98023 85417 89245 96455 70513 64521 69593 70657
76141 85576 70209 70985 54621 56208 56848 80432 84907 74459 88662 89069 82200 75452 72292 85990 50352 87977 89679 76271 75852 80399 61181 73875 65816 66778 86683 52682 81299 72628 89691 73793 58205 76252 94778 62826 98812 51626 59611 83720 92437 64625 72789 74637 90077 95081 60627 90429 99411 66658
83052 75263 97057 94233 65490 79226 77363 68525 98260 58663 91154 87951 82456 99359 80556 93586 78537 79368 61564 88148 63088 54001 52774 52229 78638 59203 63663 55617 99633 79426 72276 82685 54689 69333 93271 86531 64911 70634 71409 63171 95649 62563 67475 94457 78274 64383 88043 56811 93751 99607
61312 73192 69960 80438 91773 98598 89641 55436 54216 55626 84862 76492 54664 55903 62177 97935 58787 93441 84921 80196 72964 96923 59111 90439 91380 87385 54822 95776 94196 64926 95383 71860 54470 65344 52298 96243 80294 58292 51680 84510 63918 52894 77354 84934 75150 89532 99221 83937 99325 84143
80485 72289 81066 89596 79081 88798 76981 50255 84574 87529 65181 96310 75742 69651 78006 94392 65895 58300 52684 83927 59163 82955 53173 86517 84241 94675 92401 83463 94964 91726 83958 75449 64016 81376 81397 93097 70174 74730 93352 54749 78612 74886 67411 54354 60889 95417 65098 93136 70069 67783
77063 79232 67090 96589 65750 67683 91264 58151 51146 52581 66230 85104 78030 80246 66480 75780 89695 86655 50510 99399 57756 79122 74285 91519 99828 85175 86936 64927 78311 57005 99062 71727 86238 82504 84668 68340 50187 75932 76491 51334 78513 92721 86438 72896 89319 69271 98676 79014 72278 65538
78414 80034 94661 69051 71553 60841 54226 74841 75768 98890 98198 74830 70617 84436 73686 71637 52776 73874 63921 95620 91560 92435 54693 94350 81683 94013 63621 96711 89379 85899 62249 84145 82285 73262 53197 70190 84104 73775 95031 59872 89017 93230 51055 75986 94018 91093 97623 63147 64967 61545
75119 56527 70332 96164 50878 68367 56529 80851 65078 95909 66751 77327 96406 99036 66942 65955 85579 51046 56083 80610 77270 95100 90192 94677 71087 50563 85771 85062 80062 67090 96607 55181 73618 66939 51345 90848 85306 74227 71699 66736 70136 54802 60416 82894 70191 77358 98850 55770 94756 54933
52732 72026 50033 59277 83056 87472 76192 68827 72535 56254 52269 69142 77787 92239 52434 95484 83087 54092 69711 71139 70829 56199 92293 81245 89094 62484 74955 87944 84606 69711 59229 53691 58089 75614 62968 91145 63087 55512 76324 85622 61766 78594 71116 55905 70833 89902 51389 70273 93995 87453
57764 81176 93652 66409 78773 99098 78894 70080 87042 79852 89791 62623 83543 97880 88238 62863 55378 67677 68375 81702 53299 96493 76648 90767 52398 63834 97022 70140 50459 57369 57593 74575 88545 67597 90984 83670 66696 69878 53750 70090 66083 59893 82714 65978 57773 87304 78842 79503 54981 63569
77558 74632 60063 54206 65399 78813 84392 78773 98953 84851 86142 72898 59426 91039 90496 50411 74709 57192 86641 94811 93634 69076 54704 76348 85055 78830 63652 80249 58333 68633 93818 85891 93265 70233 56450 75017 65399 90842 53790 80704 92046 56285 53603 67824 97324 60451 68235 88386 83995 71229
83197 77629 90305 54254 70330 91712 83084 50334 71961 57769 68968 82132 60013 78585 52365 66463 69954 84116 73657 90097 64821 82055 62734 68424 99880 60058 95227 84467 98444 79222 72048 97994 56851 62354 52248 93533 70418 85332 93868 92380 59453 79188 74512 69466 74125 93229 52281 60432 77346 92291
50529 58519 74346 63263 76943 90578 89673 88522 75046 54470 67744 97094 52464 90947 75800 54712 84481 96219 56396 94701 54951 82201 73889 79463 51668 98014 89044 70301 58446 82742 62592 75327 91261 53291 54942 84556 93869 94616 73078 85267 99086 57174 82362 51550 98122 74514 72614 98955 70733 95362
93656 75684 77563 67545 71499 79231 81911 76896 99533 90358 59638 78477 82037 50900 81768 86980 51808 91990 81596 74887 77257 97034 98413 75971 64936 96535 50486 87550 61842 71219 99264 55498 63256 76827 89395 51107 72411 71307 78003 88296 78017 87642 66773 76406 54894 64894 63386 56702 56884 61334
97941 84141 58368 96355 60113 89656 59242 76951 77206 87437 64522 92822 59287 77778 69650 98683 95238 92061 86342 73241 80357 80711 77235 63482 57117 82129 78376 86856 55184 51612 98190 69477 52106 72911 82184 62219 62567 57779 55522 56126 95216 70044 98948 54503 97823 68598 69538 93061 77011 55880
82654 73720 52943 59890 87203 60061 92019 81931 96917 63555 83544 61459 83033 85650 84370 65217 64221 63290 89348 69743 69416 84564 89787 68364 89068 53962 53315 58606 63375 80326 80839 96030 54047 83782 72272 57602 60195 64291 89533 73464 94199 73077 84924 93584 75079 85646 75153 55652 98936 64502
75395 84704 99066 81535 69421 88134 85497 72736 63093 65225 69414 93932 77607 89813 94066 99879 97415 54262 80522 86949 94078 74721 76378 95354 68305 67810 81001 93459 73462 96289 74313 98858 97346 73379 96745 66767 77866 98594 89503 90959 63819 75269 51243 57778 65083 95309 57657 62498 65923 88180
65799 60002 79253 58530 55356 97559 76340 52709 57370 99802 65351 81683 65012 62697 71414 78109 79464 99280 76704 85319 56591 56875 60588 57834 64654 75671 69496 72311 54522 51771 76843 70321 61773 56097 95203 83482 53656 71543 52543 77378 87698 67894 75413 69062 96943 96827 97172 92759 62460 73876
78078 85403 97103 55019 93238 61757 80690 79086 84069 51564 80857 77264 71886 58983 83361 67089 58817 53369 54985 61360 80747 92683 95607 72512 78097 92550 85692 75269 51662 98152 65497 79740 83555 62601 51111 93145 74358 81802 88583 74779 99718 85793 52044 71604 94776 85405 55046 53593 55127 76383
64953 85874 85418 76912 74739 63515 85815 60431 55137 87477 74935 70634 83569 58490 99587 84681 67988 73946 82835 72923 65077 82553 58716 83473 70510 53492 85231 91908 73437 90358 68291 88391 92584 70061 81655 67323 83576 67470 77754 88713 54947 52689 75700 54869 77532 75287 89550 61872 65585 88737
84795 80663 71290 93512 80488 58152 63356 65719 50060 86794 72429 84703 91537 65014 54764 73192 82337 54693 57015 76444 93406 61962 79133 85458 83183 73017 60746 89085 84889 76331 77822 86037 73346 65465 79549 70187 73617 59257 85906 90030 96051 58336 74733 87588 89702 95850 77133 72039 50543 84148
98483 60301 62462 93969 95760 95646 66986 56506 84731 68228 99189 78906 54265 72536 94371 50166 92723 84340 59423 94981 90722 71827 69669 81808 75767 59371 77658 52900 97763 78201 87048 62598 54854 99511 56567 50614 61509 89906 57120 62592 74486 72662 91498 95103 95198 52221 95269 54273 52914 71044
65606 93636 59223 51628 75444 84991 60999 53102 87891 75114 97655 91292 87713 52510 57155 60632 53124 68664 50538 76597 81256 75024 99259 89107 86479 60809 57680 98100 81434 60594 69145 97040 54231 94720 98668 79675 79711 76020 99130 83955 51134 63137 75247 55199 81999 98754 65832 85124 67418 66370
78073 65026 57747 93684 70485 94226 70845 78166 58679 52279 88760 94176 65671 92991 88896 80692 89019 84960 73064 54501 68915 90550 67638 60514 95750 99638 59268 61582 51114 93038 94304 95539 58064 68403 89223 94902 78982 60068 73068 87661 78699 61828 81837 94370 71172 70733 91414 76543 55693 64478
81044 90960 55029 98682 51474 50779 64672 77094 62361 82138 70132 73017 77677 94549 91421 83252 89451 70403 93320 62519 58064 88371 90699 89901 82742 61871 60634 90508 88414 82680 54987 85810 73640 76368 84493 91467 77147 65517 68561 55860 97656 55046 78877 91685 99595 70298 74938 55398 90701 84610
0 18 16 33 19 19 27 41 6 35 7 36 22 18 28 40 13 45 39 30 9 1 38 5 29 24 50 29 12 48 31 22 17 48 6 35 19 32 27 24 17 36 11 40 3 38 32 17 35 22
48 0 43 23 36 47 1 11 48 29 24 47 11 47 13 11 3 49 29 34 26 2 2 11 12 42 15 1 23 31 35 44 30 27 18 15 25 18 27 22 49 50 18 9 47 32 19 49 31 49
34 8 0 50 36 18 13 27 34 14 1 16 50 46 45 27 14 12 3 33 38 25 31 40 44 42 36 28 12 36 8 11 21 15 12 6 34 25 34 17 40 36 34 39 34 28 17 49 39 20
33 27 46 0 14 16 41 7 3 18 18 40 25 30 12 41 42 20 24 18 3 42 7 41 25 47 26 5 16 26 43 35 8 21 32 23 38 22 29 42 40 49 31 16 28 45 7 19 14 32
38 18 26 46 0 8 2 43 35 6 8 10 49 44 18 19 25 40 7 46 21 48 37 19 31 3 46 25 9 17 40 42 4 7 17 2 17 19 44 1 26 3 11 24 48 30 45 22 21 3
19 41 2 8 11 0 32 10 9 8 20 27 49 11 30 6 30 33 22 50 26 22 25 30 34 49 27 13 45 50 36 47 21 26 48 28 39 32 37 47 41 6 23 40 18 4 47 47 37 18
46 14 41 21 44 27 0 21 22 39 15 24 24 11 44 2 10 21 40 41 9 38 32 16 10 23 35 15 19 34 1 38 31 17 28 1 12 4 23 33 45 39 8 20 1 1 23 11 23 14
1 33 1 34 50 12 8 0 35 27 26 18 29 13 48 45 43 1 6 46 25 41 42 14 48 14 14 49 36 24 23 2 27 8 2 12 7 14 20 41 42 45 8 20 10 8 15 2 8 20
49 32 10 41 45 10 6 11 0 10 43 34 32 44 10 39 48 22 46 13 43 38 4 37 46 25 46 5 39 49 12 11 48 45 22 40 42 31 45 2 40 39 37 24 33 49 14 32 22 11
44 14 49 49 2 46 23 50 50 0 14 48 13 24 45 7 47 36 50 30 32 3 21 21 40 44 5 38 8 36 9 18 31 24 18 29 25 13 3 24 12 16 24 24 41 18 33 38 6 34
19 37 37 39 7 26 33 13 15 42 0 48 25 11 30 48 29 8 24 41 11 48 5 28 21 28 19 40 12 8 47 46 26 34 32 14 42 9 48 5 23 39 2 49 2 32 46 32 41 21
22 3 18 26 31 40 6 1 32 19 8 0 28 14 35 13 47 48 5 5 48 9 29 38 12 27 39 45 24 20 36 45 44 40 14 21 22 6 28 22 37 47 31 16 10 17 29 9 17 33
13 14 41 42 1 4 20 42 49 44 11 34 0 40 6 23 3 27 47 8 4 18 46 50 1 12 12 17 40 20 33 24 34 46 16 27 49 19 47 40 17 42 2 2 31 8 27 33 36 23
43 41 42 38 43 42 49 6 11 40 27 43 15 0 10 41 30 39 39 1 37 30 19 28 33 21 10 40 49 44 27 21 36 18 12 24 12 6 24 17 16 14 43 10 30 2 50 10 40 40
12 26 19 30 5 4 2 14 45 50 10 22 22 45 0 41 34 20 2 41 44 18 6 9 10 15 38 13 17 49 5 6 10 32 27 42 37 30 43 2 24 45 11 45 16 8 37 49 27 38
41 20 7 46 28 16 13 18 31 29 16 35 34 26 16 0 10 19 4 41 11 8 15 5 20 11 23 27 48 23 6 37 14 27 44 9 7 9 21 24 41 1 39 25 35 16 43 46 36 48
37 47 7 3 3 27 13 25 5 12 48 10 49 13 39 42 0 21 45 2 44 18 43 44 8 19 30 26 13 28 11 13 16 9 19 18 14 45 32 40 2 46 39 13 44 1 1 37 24 45
38 17 14 32 12 24 3 44 49 17 21 11 29 38 20 50 7 0 35 46 38 24 47 33 13 10 28 15 12 14 38 7 4 6 22 37 20 45 41 13 45 10 35 8 38 22 29 39 28 13
35 17 38 31 2 2 42 29 17 4 45 4 12 50 12 35 36 31 0 32 29 45 28 38 29 35 27 2 13 16 31 27 50 49 15 32 50 16 24 31 32 29 27 38 42 26 49 26 13 29
7 41 23 35 28 3 21 5 6 34 22 36 10 21 36 26 2 38 42 0 27 18 23 7 46 12 48 21 10 26 33 40 34 26 14 18 3 16 41 9 21 24 30 8 35 2 46 11 6 33
4 34 2 28 41 47 40 40 17 49 15 1 41 49 26 4 18 31 20 10 0 41 42 33 23 2 20 24 47 32 29 31 35 15 32 12 5 28 1 46 46 2 11 48 44 11 24 47 30 6
18 40 46 12 24 18 13 45 42 11 26 22 41 12 36 24 24 42 3 26 38 0 48 29 50 45 22 12 20 21 43 25 38 32 23 1 8 40 15 4 33 25 30 5 17 41 42 40 16 36
42 44 23 41 22 22 38 46 35 9 18 27 34 7 11 6 8 18 47 22 23 30 0 49 2 36 15 45 29 7 10 14 50 5 36 43 27 9 30 24 43 38 41 22 23 49 32 30 6 1
27 28 23 8 26 25 45 42 21 23 50 32 37 2 37 24 44 15 35 23 40 29 12 0 32 50 35 30 31 16 36 31 42 15 4 1 42 30 45 35 2 18 35 33 6 36 19 29 29 35
15 3 24 44 16 5 43 2 35 24 18 22 6 11 36 11 12 27 42 6 11 43 25 47 0 26 32 32 46 13 12 31 27 14 4 20 32 11 15 33 45 40 50 16 45 11 3 8 24 29
49 31 41 42 8 38 19 39 19 14 1 33 46 28 48 2 49 29 12 13 12 8 4 13 25 0 49 25 27 6 48 7 6 31 47 47 38 34 15 26 5 31 27 39 26 6 36 27 6 17
40 21 28 47 24 42 23 22 17 49 29 14 5 37 46 4 33 33 39 50 9 45 32 37 33 9 0 44 21 38 49 37 27 19 16 26 43 7 48 16 23 49 47 39 5 33 36 8 17 19
49 18 29 43 1 17 28 10 10 48 47 10 36 25 31 1 50 23 9 50 40 34 48 38 22 2 22 0 7 12 41 27 10 10 5 4 11 21 31 22 32 28 20 42 13 44 22 15 46 46
24 47 37 7 46 25 30 49 48 38 10 38 15 21 50 21 25 10 42 5 33 23 35 2 16 49 47 37 0 14 44 32 39 42 19 45 37 45 26 36 44 13 45 32 29 16 31 50 40 42
43 46 26 17 30 29 33 29 25 21 44 21 5 32 12 25 28 1 19 3 36 12 17 32 45 46 49 27 47 0 40 20 41 36 45 9 15 23 43 45 50 14 38 20 18 19 33 42 46 33
12 50 18 23 17 2 20 14 50 46 12 40 18 2 25 12 12 41 35 5 36 36 18 25 5 35 44 39 28 41 0 22 39 43 41 13 9 42 32 24 42 30 35 31 49 38 7 10 49 47
46 3 34 31 22 9 37 8 4 26 35 46 49 23 38 41 38 48 33 21 21 26 2 7 8 50 46 14 10 45 12 0 7 49 46 38 23 6 24 30 9 1 17 4 1 41 44 42 28 41
24 49 14 1 50 20 8 50 16 21 11 12 34 17 12 29 6 36 36 32 16 44 32 34 50 33 24 43 24 2 35 49 0 2 48 49 3 20 6 4 37 28 14 50 13 33 13 44 38 49
29 19 16 23 3 49 24 37 22 18 12 25 4 10 26 4 10 29 23 17 34 11 44 50 12 8 32 24 1 21 24 30 42 0 39 4 44 37 27 32 11 46 43 35 49 2 13 2 13 43
26 29 26 38 24 25 49 31 6 25 32 29 48 11 20 37 14 15 25 42 46 35 39 38 20 37 41 32 41 3 24 18 33 1 0 6 6 26 4 38 33 28 19 11 28 31 30 14 46 46
38 39 41 23 27 30 44 14 20 25 6 24 50 23 6 50 28 13 27 34 1 10 13 21 22 40 2 4 5 49 49 43 38 40 17 0 14 19 10 29 41 36 36 14 35 9 22 36 38 34
13 23 36 24 38 7 45 27 10 48 34 8 47 26 47 38 44 11 8 3 41 48 38 27 14 24 37 35 9 24 20 23 49 6 46 36 0 12 41 12 21 40 47 30 36 22 27 25 15 39
33 19 29 30 6 7 45 31 45 29 42 21 49 16 19 4 12 4 17 4 17 39 43 14 18 31 37 44 7 2 34 39 22 15 21 30 21 0 15 10 18 44 3 38 44 19 6 49 30 9
15 35 27 5 29 40 22 9 27 18 18 30 1 6 1 15 28 30 38 43 42 5 38 44 42 31 12 49 31 43 9 47 27 35 1 8 25 22 0 18 3 41 35 32 42 41 34 8 18 16
45 12 7 1 49 50 44 31 14 42 13 6 2 9 35 37 9 42 13 33 11 17 23 46 48 14 36 33 22 5 48 18 19 4 19 19 6 12 50 0 19 6 12 26 7 23 12 43 31 5
7 13 16 23 36 11 22 1 48 5 24 4 4 42 22 8 10 41 15 23 42 35 28 5 12 35 27 24 29 10 30 36 24 45 10 9 7 32 12 6 0 38 35 12 41 26 33 50 37 25
16 10 18 50 39 23 12 23 1 37 4 12 16 41 36 13 50 46 21 33 7 27 20 42 38 13 17 22 12 4 49 30 15 16 29 3 40 42 28 43 28 0 31 4 46 23 39 8 24 35
30 7 41 6 28 34 45 40 1 19 4 6 17 33 22 34 13 24 24 5 3 16 32 35 19 29 7 10 36 31 46 18 37 38 25 16 22 20 8 24 40 11 0 31 6 45 2 39 7 27
14 11 30 31 45 14 2 23 21 11 11 3 6 28 41 45 2 6 16 23 13 39 12 25 21 19 19 22 10 28 49 25 40 28 6 36 43 7 9 15 17 21 17 0 24 50 7 18 3 15
36 28 27 26 39 4 47 10 24 18 21 1 18 45 41 47 2 26 40 8 36 6 26 6 23 1 7 31 21 10 47 6 37 26 33 27 29 29 38 2 49 8 3 16 0 5 45 15 8 22
6 18 8 11 43 15 35 46 22 16 16 33 12 23 19 37 5 47 17 36 35 19 34 44 23 1 50 17 15 8 38 20 27 47 33 19 12 17 16 35 34 33 19 48 5 0 37 34 12 35
3 49 19 21 32 15 43 34 16 11 49 25 48 20 1 47 4 22 10 21 37 44 6 20 12 3 26 50 39 39 34 41 37 5 11 20 21 5 4 36 15 4 11 14 25 13 0 10 29 34
19 1 21 14 6 42 27 11 19 26 49 8 12 39 46 18 1 16 38 7 21 25 23 24 37 36 50 50 48 30 33 18 32 5 34 40 46 10 50 15 38 48 24 1 38 19 18 0 40 36
7 46 6 31 18 31 20 5 31 19 4 12 1 24 44 8 7 33 3 18 32 19 7 31 44 9 18 13 28 7 50 34 4 6 17 23 38 36 27 20 6 33 32 8 6 25 15 14 0 9
20 33 40 38 40 22 34 50 39 46 28 47 45 11 2 2 29 24 40 16 50 9 21 34 42 29 39 18 45 4 26 14 37 17 4 28 38 37 27 26 32 4 24 28 17 25 32 45 48 0
