500 1262 5 1
1 2
1 3
1 6
3 4
3 5
3 6
3 7
3 8
4 5
4 6
4 8
5 6
5 9
6 8
6 11
7 8
7 10
7 12
8 10
8 11
8 12
9 10
9 11
9 13
9 14
10 12
10 13
10 14
11 12
11 15
11 16
12 13
12 14
12 15
12 16
13 15
15 17
15 19
16 19
16 20
17 18
17 19
18 22
19 21
19 23
19 24
20 24
20 25
21 22
21 23
21 24
22 24
22 26
23 24
23 25
24 25
24 26
24 27
24 28
25 28
25 30
26 27
26 28
26 30
27 30
28 30
28 31
28 32
28 33
29 30
29 31
29 32
29 33
29 34
30 31
30 32
30 34
31 36
32 35
32 37
33 35
33 37
34 35
34 36
34 37
35 36
36 37
36 39
37 38
37 40
37 41
38 42
38 43
39 41
39 43
39 44
40 41
40 43
40 44
41 42
41 44
41 45
42 43
42 44
42 47
43 47
43 48
44 46
44 47
44 48
44 49
45 46
45 47
45 49
47 49
47 50
47 52
48 49
49 51
49 53
50 51
50 52
50 55
51 55
52 56
52 57
53 54
53 58
54 57
54 58
54 59
55 56
55 59
55 60
56 60
56 61
57 58
57 60
57 61
57 62
58 59
58 61
58 63
59 62
59 63
60 62
60 64
60 65
61 63
61 66
62 63
62 65
62 66
63 64
63 67
63 68
64 65
64 66
64 68
64 69
65 66
65 67
65 69
65 70
66 67
66 68
66 71
67 70
68 69
68 71
68 73
69 70
69 71
69 72
69 73
70 73
70 74
71 72
71 76
72 76
72 77
73 74
73 76
74 75
74 77
74 78
75 78
75 79
76 77
77 78
77 79
77 81
78 79
78 80
79 83
79 84
80 82
80 83
80 85
81 82
81 84
82 83
82 86
82 87
83 85
83 86
83 87
83 88
84 86
84 88
84 89
85 86
85 88
85 89
85 90
86 87
87 90
87 92
88 92
88 93
89 90
89 93
89 94
90 94
91 92
91 93
92 94
92 97
93 94
93 98
94 97
95 97
95 99
96 97
96 98
96 101
97 100
97 101
97 102
98 100
98 101
98 102
99 100
99 104
100 102
100 103
100 104
100 105
102 104
102 105
102 106
102 107
103 104
104 105
104 107
104 109
105 107
105 110
106 107
106 108
106 111
107 108
107 110
107 112
108 110
108 111
108 112
109 112
109 114
110 112
110 114
111 114
111 115
112 115
112 117
113 114
113 115
113 116
113 117
114 116
114 118
115 116
115 117
115 118
115 119
115 120
116 117
116 118
116 121
117 118
118 120
118 121
118 123
119 120
119 121
119 122
119 123
119 124
120 122
120 124
121 123
121 124
121 125
121 126
122 123
122 124
123 124
123 125
123 128
124 125
124 126
124 128
125 127
125 129
126 128
126 130
126 131
127 128
127 129
127 132
128 129
128 133
129 131
129 133
129 134
130 134
131 133
131 134
131 135
132 134
132 136
132 137
133 135
133 136
133 138
134 138
134 139
135 137
135 139
135 140
136 137
136 138
136 141
137 138
137 140
137 141
137 142
138 139
138 140
138 142
139 140
139 141
139 142
139 143
139 144
140 143
140 145
141 144
141 146
142 146
142 147
143 145
143 146
143 147
144 145
144 147
144 148
145 148
145 149
145 150
146 151
147 148
147 149
147 150
148 149
148 152
149 150
149 151
149 152
150 152
150 154
150 155
151 152
151 154
151 156
152 156
152 157
153 157
154 155
154 156
154 157
154 158
154 159
155 157
155 158
155 159
156 157
156 158
156 160
156 161
157 158
157 159
157 160
157 161
158 162
159 164
160 161
160 165
161 163
161 164
161 166
162 164
162 165
163 164
163 165
163 166
164 165
164 168
164 169
165 166
165 167
165 168
166 167
166 170
166 171
168 170
168 171
168 173
169 172
169 173
169 174
170 173
172 173
172 174
172 175
172 177
173 174
173 175
173 176
174 178
174 179
175 180
176 178
176 180
177 180
177 181
177 182
179 181
179 182
179 184
180 182
180 183
180 185
181 182
181 185
182 185
182 186
182 187
183 185
183 187
183 188
184 185
184 186
184 187
185 186
185 187
185 189
186 188
186 190
187 189
187 190
187 191
187 192
188 189
188 190
188 191
189 190
189 192
189 193
189 194
190 191
190 193
191 194
192 195
192 196
192 197
193 194
193 195
193 198
194 196
194 199
195 196
195 198
195 200
196 197
197 198
197 199
197 201
197 202
198 199
198 200
198 201
198 203
199 201
199 204
200 201
200 205
201 202
201 204
201 206
202 203
203 205
203 206
204 206
204 208
205 206
205 207
205 209
206 207
206 208
206 210
206 211
207 212
208 209
208 210
209 211
210 211
210 215
211 214
211 216
212 214
213 214
213 216
213 217
214 215
214 218
215 219
216 220
216 221
217 218
217 221
218 223
219 224
220 221
220 223
220 225
221 223
221 225
222 224
222 225
222 227
223 227
224 225
224 226
224 228
226 227
226 229
226 230
226 231
227 228
227 229
227 230
228 230
228 232
229 230
229 232
229 233
230 231
230 233
230 234
231 232
231 234
231 236
232 236
232 237
233 234
233 235
233 236
233 238
234 235
235 236
235 237
235 239
237 238
237 241
237 242
238 239
238 240
238 241
238 242
238 243
239 240
239 241
239 244
240 241
240 244
241 242
241 244
241 245
241 246
242 243
242 247
244 245
244 249
245 246
246 247
246 251
247 249
247 250
247 251
247 252
248 249
248 252
249 250
249 253
250 253
250 255
251 253
251 254
252 254
252 256
253 256
253 258
254 258
254 259
255 256
255 258
255 260
256 258
257 259
258 259
258 262
258 263
259 260
259 262
260 261
260 263
260 265
261 263
261 264
261 266
262 263
262 265
262 267
263 265
263 266
263 267
263 268
264 267
264 269
265 268
265 269
265 270
266 267
266 268
266 269
267 270
267 272
268 269
268 273
269 271
269 272
269 273
269 274
270 271
270 272
270 273
271 275
272 274
272 276
273 274
274 277
274 279
275 276
275 277
275 279
275 280
276 281
277 278
277 280
277 282
278 279
278 280
278 281
279 280
280 282
280 285
281 283
281 284
282 285
283 286
283 288
284 287
284 288
284 289
285 286
285 287
285 288
286 288
286 289
286 291
287 288
287 292
288 289
288 292
289 291
289 292
289 293
289 294
290 293
290 295
291 295
291 296
292 293
292 295
292 296
293 295
293 297
293 298
294 295
294 296
294 297
294 299
296 297
296 299
296 300
296 301
297 302
298 300
298 301
298 303
299 303
299 304
300 301
300 304
300 305
301 305
302 303
302 307
303 305
304 306
304 309
305 308
305 310
306 307
306 309
306 310
306 311
307 312
308 310
308 312
308 313
309 310
309 311
309 314
310 311
310 313
310 314
311 313
311 314
312 313
312 314
312 315
313 314
313 318
314 315
314 316
314 319
315 316
315 319
315 320
316 317
316 318
316 319
317 319
317 320
318 319
318 320
318 323
319 320
319 321
319 322
319 323
320 324
320 325
321 322
321 324
321 325
322 323
322 324
322 325
323 324
323 327
324 327
324 328
324 329
325 326
325 327
325 328
325 330
326 327
326 331
327 328
327 332
328 332
328 333
329 331
329 332
329 333
330 331
330 332
330 335
331 333
331 334
331 335
331 336
332 335
333 334
333 337
334 335
334 336
334 338
335 336
336 337
336 338
336 339
336 340
336 341
337 339
337 340
337 341
337 342
338 341
338 342
338 343
339 340
339 342
339 343
340 341
340 342
340 345
341 342
341 344
341 345
342 344
342 346
342 347
343 345
344 346
344 349
345 348
345 350
346 348
346 350
346 351
348 349
348 352
348 353
349 351
349 354
350 351
350 352
350 353
351 352
351 353
351 354
352 353
352 355
352 357
353 355
353 357
353 358
354 355
354 356
354 358
355 358
356 357
356 360
356 361
357 358
357 359
357 360
357 362
358 359
358 360
358 361
358 362
359 360
359 361
359 362
360 361
360 362
360 363
360 365
361 365
361 366
362 366
362 367
363 365
363 367
364 366
364 367
364 368
364 369
365 366
365 367
365 369
365 370
366 369
367 368
367 369
367 370
367 372
368 372
369 370
369 372
370 372
371 375
372 375
372 376
373 374
373 377
373 378
374 376
374 378
375 376
375 378
375 379
376 378
376 380
377 378
378 380
379 380
379 381
379 382
379 383
379 384
380 382
380 383
380 384
380 385
381 382
381 383
381 385
381 386
382 383
382 384
382 386
382 387
383 388
384 385
384 388
385 386
385 387
385 389
386 388
386 390
387 390
387 391
387 392
388 390
388 391
388 392
389 390
389 393
389 394
390 392
390 394
390 395
391 392
391 395
391 396
392 393
392 394
392 395
392 396
393 394
393 395
393 397
393 398
394 399
395 398
395 399
396 398
396 399
396 400
397 398
397 399
397 400
397 401
397 402
398 399
398 400
398 401
398 403
399 400
399 403
399 404
400 401
400 402
400 404
401 405
401 406
402 406
403 405
403 406
404 405
404 407
404 408
405 408
405 409
405 410
406 409
406 411
407 408
407 409
407 410
408 410
409 410
409 411
409 413
410 413
410 415
411 412
411 415
411 416
412 413
412 414
412 416
413 414
413 416
413 417
413 418
414 415
414 417
414 419
415 416
415 420
416 417
416 420
417 419
417 420
417 421
418 421
418 422
418 423
419 421
419 422
419 423
419 424
420 421
420 422
420 423
420 425
421 422
421 423
421 426
422 423
422 424
422 425
422 426
423 427
423 428
424 426
424 427
424 428
425 426
425 427
425 429
426 427
426 428
426 430
426 431
427 428
428 429
428 432
429 431
429 432
429 434
430 432
431 433
431 434
431 435
431 436
432 433
432 434
432 436
432 437
433 435
433 436
433 437
434 435
434 437
435 437
435 439
435 440
436 438
436 439
436 441
437 438
437 440
437 441
438 439
438 441
438 443
439 440
439 441
439 442
439 444
440 444
440 445
441 442
441 443
441 445
442 443
442 445
442 446
443 445
443 447
444 446
444 448
445 449
445 450
446 448
446 451
447 451
447 452
448 449
448 450
448 451
448 453
449 452
449 453
449 454
450 453
450 455
451 453
451 456
452 456
453 454
453 455
453 457
454 455
454 456
454 457
454 458
455 457
455 459
455 460
456 457
456 460
457 461
458 459
458 461
459 462
460 461
460 462
460 463
460 464
462 463
462 464
462 467
463 464
463 467
463 468
464 465
464 466
464 468
464 469
465 466
465 469
465 470
466 471
467 468
467 470
468 469
468 470
468 472
468 473
469 471
469 472
469 473
470 472
470 474
470 475
471 474
471 475
471 476
472 473
472 475
472 477
473 475
473 476
473 477
473 478
474 476
474 477
474 478
475 476
475 477
475 478
476 477
476 478
476 479
476 480
476 481
477 478
477 479
477 481
478 481
478 483
479 482
480 483
480 484
481 482
481 483
481 485
482 487
483 484
483 485
484 485
484 486
484 487
484 489
485 487
485 488
485 490
486 488
486 489
486 490
486 491
487 489
487 492
488 490
488 492
488 493
489 490
489 491
489 492
489 493
490 491
490 493
490 494
490 495
491 492
491 494
491 496
492 493
492 495
493 494
493 496
494 495
494 497
494 499
495 498
495 499
496 497
496 499
497 499
498 499
498 500
499 500
540 818 864 975 526
589 503 566 912 840
570 676 895 641 986
651 609 687 583 585
890 750 686 755 881
628 502 777 862 924
565 872 832 885 928
646 889 978 883 925
765 760 545 778 821
855 520 927 773 634
751 675 836 834 501
737 810 974 590 856
571 580 935 645 782
825 718 573 712 537
998 905 662 717 692
539 547 946 603 731
615 839 858 829 645
894 699 645 772 675
862 572 773 980 738
897 542 608 703 777
625 634 901 578 882
669 736 978 939 638
721 926 663 677 575
724 981 700 961 862
502 948 595 684 516
637 507 993 784 944
759 821 558 643 668
677 619 857 541 891
764 623 915 572 929
841 715 615 536 957
759 700 952 593 741
829 948 727 798 724
824 774 633 885 538
670 862 629 584 909
878 923 585 900 524
693 605 912 765 767
907 677 784 704 790
834 891 621 585 734
690 542 998 586 518
621 924 597 876 754
669 608 927 993 568
866 602 938 600 819
818 790 984 839 556
808 632 978 814 787
739 574 520 827 554
988 941 798 642 502
821 604 946 556 509
833 708 761 533 686
804 885 642 842 760
661 620 843 578 687
613 563 591 934 915
656 761 512 911 959
751 738 870 624 507
507 584 951 601 989
958 941 790 513 912
855 560 593 972 902
676 543 873 766 651
775 528 532 761 969
503 729 607 892 951
953 892 570 519 972
907 994 505 940 883
762 909 607 538 860
971 671 654 947 514
523 729 989 766 887
756 632 970 739 666
522 783 660 553 705
591 759 886 687 629
542 817 545 856 888
952 654 966 833 760
919 631 738 767 776
598 814 820 553 507
969 716 722 842 507
963 760 947 793 630
717 543 876 814 626
617 834 620 671 792
964 654 866 693 664
775 500 712 600 551
976 879 943 877 789
861 885 772 934 644
561 563 504 946 888
808 657 930 623 964
574 846 837 981 818
611 792 591 832 623
961 991 961 830 998
869 791 900 679 617
817 914 595 941 936
867 528 953 909 973
981 503 569 816 883
867 885 902 730 657
681 567 810 866 687
671 977 745 764 738
671 547 615 592 811
657 905 553 671 580
740 530 675 820 790
877 998 586 604 989
631 744 888 610 718
919 759 927 609 619
979 716 800 896 853
958 830 593 806 849
854 772 660 794 554
833 646 729 971 928
559 741 921 688 866
533 685 770 829 761
860 708 982 662 506
878 979 897 887 538
969 783 540 795 766
633 509 557 817 634
553 635 758 593 843
693 966 951 640 594
937 674 512 597 551
695 817 992 792 737
530 613 796 710 889
628 809 786 744 840
682 569 620 893 792
962 714 527 807 694
705 713 511 913 693
664 703 995 762 881
946 909 548 768 624
511 954 735 627 633
740 862 627 577 817
840 642 600 900 558
976 654 935 930 831
795 537 623 922 927
529 711 711 754 880
753 793 821 785 528
943 500 555 671 770
952 875 631 640 934
540 986 834 748 539
765 796 812 762 552
731 987 964 557 748
556 670 950 682 801
793 599 832 544 831
575 504 550 526 566
738 801 623 843 941
880 695 918 659 863
628 829 588 854 613
979 569 666 679 577
837 902 615 792 723
872 948 823 653 948
895 697 508 908 911
993 665 781 702 610
828 756 705 965 523
769 715 753 805 684
978 645 840 833 785
900 968 994 633 885
848 781 532 756 910
872 982 901 806 635
860 971 527 637 843
768 733 995 671 603
942 511 879 534 512
593 530 661 734 758
926 906 691 943 688
727 719 984 724 593
935 724 594 582 867
627 505 646 686 589
540 737 850 759 578
956 677 903 542 800
811 725 643 595 516
615 804 506 868 641
835 698 825 813 523
812 618 957 896 839
586 594 846 543 522
911 780 955 858 847
870 990 873 827 913
954 896 972 950 741
641 646 525 713 824
929 695 903 594 993
567 687 640 579 541
625 534 860 500 907
621 692 793 617 717
903 943 893 639 511
925 528 978 748 850
892 944 654 623 853
536 547 846 826 561
904 738 571 886 905
799 556 728 767 751
519 991 666 717 846
593 687 921 912 867
799 944 897 701 828
942 604 768 768 641
796 762 720 744 918
625 719 584 674 984
959 649 514 695 503
532 851 537 814 863
651 719 790 917 683
918 584 752 586 769
748 637 897 924 668
527 648 993 882 771
669 893 877 514 604
984 943 995 811 793
892 798 990 799 890
993 574 549 774 814
673 569 718 865 833
738 911 752 963 508
649 588 745 731 920
606 771 868 921 758
657 647 982 738 622
723 906 706 689 656
845 851 923 618 550
597 836 591 906 510
813 651 880 844 743
741 745 578 949 705
514 785 727 624 704
856 917 727 555 602
786 968 698 979 911
989 758 990 775 910
632 589 796 950 612
622 529 672 836 777
553 976 670 585 652
751 897 751 501 935
693 572 916 716 828
511 625 838 796 939
544 556 826 902 758
588 521 586 608 777
628 979 947 549 780
745 628 562 926 719
677 591 547 785 731
906 684 954 769 709
956 921 945 965 516
860 997 835 690 677
549 505 886 888 675
643 877 630 987 555
982 753 500 754 789
988 715 508 810 940
799 997 707 954 804
737 985 999 792 613
612 682 983 851 629
637 533 600 864 683
857 968 710 968 708
641 732 937 684 999
701 869 583 756 692
640 587 512 810 820
835 663 615 897 677
774 634 553 533 878
786 624 734 575 849
712 984 624 792 504
822 555 913 962 973
584 660 622 553 897
822 750 837 917 506
931 697 505 736 857
599 790 898 985 947
584 592 725 996 855
828 838 842 928 795
742 537 506 767 553
793 505 646 609 924
854 965 739 706 709
992 999 675 536 561
647 618 513 727 712
896 909 841 630 590
534 915 786 523 666
844 736 537 916 893
949 971 844 777 785
700 590 785 825 618
668 506 729 508 541
725 536 980 716 970
884 747 828 936 704
700 523 864 911 540
750 504 983 766 641
670 845 506 588 756
607 766 857 678 699
674 655 691 990 832
858 996 917 790 967
707 734 746 962 902
739 926 595 906 814
850 586 779 776 822
879 801 812 676 664
857 570 538 812 644
561 680 700 643 856
561 647 939 808 790
952 979 618 919 507
784 547 977 675 613
709 871 642 839 836
621 501 534 629 858
936 969 897 504 798
702 605 738 532 565
516 981 579 523 727
771 813 882 640 816
988 819 589 513 759
851 771 783 864 538
512 684 759 501 574
733 559 714 649 595
522 541 916 877 552
565 891 638 810 967
555 787 724 722 939
941 648 804 834 868
941 872 668 974 676
637 633 741 745 518
515 974 752 846 956
524 966 581 644 740
834 796 876 527 705
518 791 641 965 691
971 759 700 717 516
943 624 564 505 657
502 666 775 546 632
789 546 645 503 652
901 826 653 684 649
850 905 846 525 970
836 795 793 823 532
856 896 710 776 692
550 790 795 852 850
815 536 861 760 984
729 534 550 582 806
936 584 790 617 682
566 616 888 925 601
610 950 982 621 693
538 754 593 895 780
638 667 920 845 883
865 696 833 890 632
689 839 683 817 629
753 679 613 600 752
645 861 651 818 963
813 907 554 976 617
711 929 764 966 531
942 698 522 655 587
757 658 964 762 510
946 565 880 665 946
540 797 542 964 694
584 770 715 700 706
606 802 696 833 611
567 915 645 675 854
948 919 579 988 821
592 597 697 509 652
571 658 622 859 997
999 899 620 820 536
984 912 915 953 985
741 699 567 708 844
669 681 879 608 707
759 706 849 575 526
624 607 774 884 628
546 645 981 714 649
668 838 807 793 504
605 697 717 955 641
843 633 597 679 736
555 633 954 930 752
904 779 988 870 754
572 676 701 915 586
731 980 975 760 514
938 657 990 938 981
947 742 618 570 631
561 719 781 990 833
672 563 802 502 928
721 898 947 945 906
722 686 794 577 844
683 547 740 985 964
723 837 653 668 630
755 966 858 512 656
818 701 642 776 506
702 684 523 770 812
750 975 811 850 695
988 520 601 683 798
892 848 784 745 687
962 843 758 859 871
516 672 832 941 683
588 515 976 516 798
539 783 705 997 646
769 675 917 887 520
530 942 735 889 873
980 573 777 786 881
785 522 845 979 585
713 935 735 883 686
596 648 585 752 521
760 982 636 688 919
736 792 565 778 698
996 886 511 976 547
621 702 745 702 564
539 572 757 870 920
654 859 580 798 891
960 510 591 867 533
675 636 999 775 790
876 756 772 703 586
967 515 542 995 566
956 686 937 698 626
864 585 665 908 840
860 814 654 512 752
838 706 525 630 749
679 579 813 838 517
921 645 991 969 839
808 565 762 973 681
970 647 553 708 508
715 929 566 689 663
771 541 759 631 572
514 966 988 670 668
699 655 850 944 936
778 906 927 813 523
871 827 573 961 673
934 602 587 917 963
653 626 595 995 713
906 870 859 805 996
833 723 852 879 519
626 793 585 965 871
944 607 771 587 599
519 596 715 552 992
753 757 590 959 857
886 809 865 686 519
759 813 935 528 601
968 869 956 731 578
574 895 843 774 816
524 511 585 722 971
557 595 674 538 683
658 795 722 983 731
503 732 800 590 980
908 505 702 858 818
557 561 620 528 656
713 832 592 682 967
820 858 574 987 594
983 864 764 714 746
890 925 755 663 967
792 731 619 880 718
628 948 720 579 591
766 587 808 626 825
659 518 720 535 814
956 647 656 634 860
751 708 978 794 589
524 976 694 590 689
872 919 801 702 844
523 539 609 827 637
686 916 827 669 623
899 514 915 644 936
669 878 676 858 952
846 637 915 988 616
788 882 574 833 915
556 656 562 616 524
629 942 984 872 549
896 526 582 702 775
916 665 552 759 755
917 844 554 943 824
999 922 621 733 913
917 793 873 560 675
574 985 501 622 708
895 526 720 791 988
929 572 977 693 508
754 922 876 637 816
803 590 912 789 753
979 799 822 902 602
869 654 729 734 938
774 726 963 634 972
848 953 503 807 518
833 937 695 679 661
644 659 961 907 576
972 645 592 972 628
696 811 535 835 729
716 532 956 658 749
620 796 724 620 526
906 983 945 574 691
588 538 664 604 877
853 942 504 623 852
625 611 842 724 649
635 590 646 828 855
804 741 909 881 779
602 583 692 532 812
599 661 547 905 790
569 959 628 639 728
580 971 778 940 956
648 944 745 625 710
698 616 680 815 564
726 972 979 593 982
505 536 833 605 587
732 638 665 564 518
899 532 508 896 938
978 638 745 559 669
744 862 769 549 518
967 558 643 561 603
690 686 726 603 504
800 768 923 847 896
566 730 665 652 500
617 673 786 668 597
579 724 728 760 658
925 767 812 734 952
669 562 570 711 735
890 711 564 750 960
545 767 754 787 717
565 942 588 773 815
579 837 888 769 886
830 809 640 821 819
881 626 520 911 954
893 984 857 999 836
829 950 957 905 865
834 549 594 592 770
619 517 813 753 617
977 660 505 653 591
562 576 854 572 634
516 550 693 945 852
747 521 561 844 759
866 885 939 718 607
768 554 550 932 799
520 735 598 792 916
682 529 816 559 758
583 899 635 857 570
771 842 780 877 906
795 686 903 752 718
535 785 928 678 960
601 949 864 885 626
657 737 841 938 593
596 533 993 768 873
935 609 596 881 561
739 584 923 999 731
849 942 606 850 787
540 769 723 588 967
583 900 658 606 938
963 920 866 758 685
0 4 10 19 17
11 0 16 17 4
9 20 0 7 11
16 10 20 0 2
18 6 15 19 0
