100 496 64 2
1 2
2 100
1 3
3 100
1 4
4 100
1 5
5 100
1 6
6 100
1 7
7 100
1 8
8 100
1 9
9 100
1 10
10 100
1 11
11 100
1 12
12 100
1 13
13 100
1 14
14 100
1 15
15 100
1 16
16 100
1 17
17 100
1 18
18 100
1 19
19 100
1 20
20 100
1 21
21 100
1 22
22 100
1 23
23 100
1 24
24 100
1 25
25 100
1 26
26 100
1 27
27 100
1 28
28 100
1 29
29 100
1 30
30 100
1 31
31 100
1 32
32 100
1 33
33 100
1 34
34 100
1 35
35 100
1 36
36 100
1 37
37 100
1 38
38 100
1 39
39 100
1 40
40 100
1 41
41 100
1 42
42 100
1 43
43 100
1 44
44 100
1 45
45 100
1 46
46 100
1 47
47 100
1 48
48 100
1 49
49 100
1 50
50 100
1 51
51 100
1 52
52 100
1 53
53 100
1 54
54 100
1 55
55 100
1 56
56 100
1 57
57 100
1 58
58 100
1 59
59 100
1 60
60 100
1 61
61 100
1 62
62 100
1 63
63 100
1 64
64 100
1 65
65 100
1 66
66 100
1 67
67 100
1 68
68 100
1 69
69 100
1 70
70 100
1 71
71 100
1 72
72 100
1 73
73 100
1 74
74 100
1 75
75 100
1 76
76 100
1 77
77 100
1 78
78 100
1 79
79 100
1 80
80 100
1 81
81 100
1 82
82 100
1 83
83 100
1 84
84 100
1 85
85 100
1 86
86 100
1 87
87 100
1 88
88 100
1 89
89 100
1 90
90 100
1 91
91 100
1 92
92 100
1 93
93 100
1 94
94 100
1 95
95 100
1 96
96 100
1 97
97 100
1 98
98 100
1 99
99 100
33 69
12 16
9 18
14 96
33 76
41 48
19 48
48 98
83 97
32 99
42 82
23 59
32 52
27 45
21 61
41 76
26 55
16 69
2 12
20 27
10 53
21 65
46 95
54 91
34 71
35 59
20 48
66 68
13 15
4 58
9 87
56 68
66 76
28 85
13 61
12 61
35 68
91 95
12 66
69 86
52 69
80 84
35 54
59 83
4 93
37 89
65 84
42 68
8 81
7 76
21 67
79 99
77 90
19 22
13 64
62 72
60 78
51 91
30 32
61 66
84 87
26 90
66 99
64 69
49 74
16 24
12 58
18 52
23 34
18 55
41 46
85 95
62 64
59 76
63 71
9 19
38 50
21 83
67 70
18 58
60 91
18 90
68 74
31 37
63 77
9 27
40 59
49 67
31 87
49 51
24 36
31 75
9 65
24 54
3 32
30 57
11 51
12 14
8 30
8 56
6 72
3 44
12 39
27 90
33 74
16 34
20 66
15 63
83 87
23 58
78 87
10 58
23 99
33 49
67 83
20 85
30 76
15 93
86 92
12 72
19 30
38 53
27 95
4 24
59 65
25 97
92 93
48 53
83 90
49 86
73 91
13 85
24 78
31 67
7 19
16 73
43 52
17 37
47 68
19 96
60 72
79 84
18 50
58 81
42 85
7 79
32 79
17 93
2 14
10 45
13 20
54 77
20 78
61 70
2 29
18 26
10 11
5 64
38 62
49 54
21 48
11 70
21 77
4 66
52 70
39 66
34 81
37 88
10 77
9 40
8 14
77 92
38 79
77 80
28 46
25 28
42 49
26 53
20 23
25 69
7 87
18 56
88 94
89 92
15 88
58 87
93 95
86 98
10 14
59 91
17 68
62 97
33 40
53 94
63 76
31 86
64 95
11 43
2 49
50 98
40 95
5 24
22 38
15 52
48 57
34 38
19 73
32 82
82 95
5 60
15 73
8 11
3 34
29 69
64 67
33 91
73 85
92 98
40 77
13 81
7 47
16 50
52 94
6 54
16 78
83 88
45 84
38 84
38 63
36 42
23 45
27 37
26 70
31 38
31 98
2 32
98 99
17 99
48 62
65 80
29 96
58 75
31 45
35 62
3 67
19 49
71 98
53 62
36 69
22 60
68 84
52 86
39 65
14 53
10 95
25 29
14 35
79 81
16 21
45 65
26 76
6 65
20 50
27 66
53 87
21 85
44 87
16 83
30 55
48 75
59 95
6 18
22 96
92 97
44 89
26 79
4 47
15 25
91 93
70 78
10 91
8 79
10 38
86 91
7 74
12 71
55 62
64 73
33 34
53 86
78 95
16 33
27 94
4 99
7 12
41 79
30 56
7 64
70 86
7 55
1233 1065 1150 1131 1190 1240 1003 1057 1125 1168 1059 1265 1057 1023 1134 1104 1234 1294 1291 1281 1189 1271 1031 1125 1137 1165 1197 1160 1288 1211 1011 1005 1187 1087 1121 1223 1116 1230 1050 1085 1055 1109 1158 1282 1181 1034 1213 1105 1285 1189 1272 1105 1061 1061 1284 1057 1278 1284 1089 1179 1210 1098 1110 1295
1278 1271 1268 1258 1009 1260 1208 1061 1160 1025 1027 1211 1058 1047 1167 1166 1155 1234 1268 1207 1051 1116 1051 1279 1146 1162 1104 1073 1006 1130 1057 1233 1088 1044 1171 1006 1131 1245 1048 1145 1226 1258 1254 1131 1192 1091 1134 1154 1241 1143 1071 1102 1095 1279 1128 1132 1208 1289 1284 1053 1049 1224 1145 1157
1090 1276 1143 1291 1250 1145 1299 1097 1082 1230 1128 1259 1267 1207 1038 1008 1182 1087 1102 1159 1153 1286 1118 1117 1032 1019 1237 1285 1050 1162 1161 1047 1086 1231 1094 1079 1218 1124 1260 1260 1273 1166 1147 1283 1131 1195 1260 1293 1179 1277 1294 1108 1067 1137 1069 1024 1203 1263 1116 1220 1277 1095 1073 1079
1154 1169 1221 1159 1205 1108 1215 1211 1176 1294 1262 1221 1292 1087 1000 1031 1092 1210 1208 1232 1194 1048 1253 1047 1192 1055 1142 1150 1062 1176 1029 1188 1267 1156 1123 1014 1225 1216 1152 1125 1072 1043 1076 1199 1003 1294 1083 1149 1016 1081 1282 1049 1029 1050 1253 1036 1074 1258 1101 1125 1283 1017 1062 1151
1142 1098 1278 1175 1089 1241 1071 1278 1160 1088 1148 1141 1065 1075 1298 1221 1205 1195 1189 1203 1027 1141 1194 1079 1163 1006 1197 1030 1254 1131 1278 1262 1223 1138 1006 1073 1072 1085 1030 1218 1048 1174 1144 1226 1237 1259 1031 1024 1049 1089 1282 1061 1037 1245 1084 1061 1180 1130 1046 1073 1133 1226 1090 1239
1215 1063 1263 1152 1243 1284 1044 1112 1171 1032 1190 1035 1060 1087 1254 1273 1007 1237 1091 1046 1297 1102 1114 1116 1094 1095 1097 1165 1076 1033 1197 1123 1292 1040 1167 1166 1170 1021 1172 1229 1124 1263 1155 1092 1222 1094 1172 1070 1197 1124 1239 1058 1025 1113 1238 1044 1201 1269 1153 1198 1173 1069 1194 1255
1103 1218 1001 1212 1109 1078 1025 1118 1209 1253 1272 1142 1243 1271 1103 1102 1021 1187 1014 1215 1150 1046 1071 1196 1162 1128 1072 1077 1152 1150 1107 1027 1133 1275 1121 1047 1023 1002 1235 1065 1208 1296 1206 1236 1160 1031 1064 1226 1164 1057 1262 1092 1296 1066 1003 1013 1006 1222 1018 1104 1222 1140 1138 1219
1261 1281 1135 1272 1249 1131 1015 1015 1200 1231 1106 1260 1188 1107 1048 1202 1163 1201 1089 1068 1233 1192 1087 1236 1095 1295 1174 1165 1248 1183 1188 1171 1182 1165 1091 1085 1030 1191 1254 1097 1179 1020 1171 1285 1202 1072 1266 1292 1275 1061 1060 1170 1211 1024 1225 1116 1054 1140 1165 1075 1234 1109 1112 1291
1073 1174 1077 1016 1111 1147 1191 1202 1249 1028 1009 1140 1231 1242 1285 1161 1066 1126 1163 1170 1117 1073 1157 1069 1002 1194 1051 1057 1232 1254 1191 1001 1076 1294 1189 1271 1205 1251 1087 1167 1269 1285 1168 1090 1224 1209 1251 1081 1045 1238 1011 1114 1201 1020 1035 1114 1176 1140 1072 1249 1048 1262 1075 1055
1076 1168 1149 1159 1016 1225 1090 1125 1122 1246 1235 1040 1015 1105 1075 1243 1247 1300 1043 1023 1263 1280 1296 1032 1265 1163 1023 1207 1265 1050 1239 1207 1131 1255 1178 1173 1269 1052 1270 1291 1110 1146 1069 1147 1068 1182 1266 1217 1169 1208 1184 1119 1297 1041 1167 1144 1112 1007 1053 1191 1234 1054 1224 1220
1112 1211 1273 1109 1287 1063 1178 1150 1272 1183 1281 1070 1189 1080 1204 1050 1057 1205 1079 1097 1141 1184 1145 1263 1032 1294 1174 1138 1135 1050 1282 1287 1223 1063 1101 1200 1145 1228 1209 1030 1080 1085 1141 1066 1073 1166 1156 1130 1235 1041 1298 1054 1165 1258 1191 1027 1251 1197 1213 1244 1203 1230 1195 1285
1176 1098 1014 1291 1196 1214 1272 1159 1237 1004 1226 1146 1174 1182 1072 1109 1106 1214 1031 1138 1256 1067 1201 1086 1233 1186 1095 1088 1186 1085 1234 1192 1218 1245 1156 1286 1130 1144 1161 1183 1197 1215 1014 1284 1017 1018 1111 1276 1096 1159 1213 1180 1040 1271 1082 1237 1014 1078 1131 1106 1116 1183 1247 1199
1173 1220 1200 1232 1078 1022 1210 1017 1270 1044 1204 1226 1274 1197 1153 1044 1107 1294 1195 1161 1234 1026 1009 1145 1142 1269 1227 1254 1074 1299 1230 1230 1109 1230 1040 1186 1229 1127 1207 1067 1042 1257 1217 1254 1017 1129 1109 1164 1038 1195 1054 1032 1268 1287 1146 1243 1119 1106 1288 1111 1175 1218 1047 1269
1126 1276 1115 1252 1274 1286 1223 1069 1299 1041 1059 1042 1136 1263 1010 1251 1044 1202 1158 1137 1225 1237 1176 1170 1031 1188 1001 1282 1009 1142 1057 1006 1020 1173 1038 1195 1237 1088 1088 1025 1090 1098 1162 1129 1176 1146 1124 1299 1166 1036 1067 1205 1189 1225 1202 1132 1168 1075 1190 1120 1035 1076 1075 1038
1018 1248 1080 1085 1245 1072 1013 1047 1277 1197 1073 1147 1292 1168 1294 1247 1043 1031 1185 1193 1026 1123 1076 1061 1201 1292 1033 1167 1262 1225 1074 1163 1030 1143 1069 1072 1262 1034 1208 1266 1274 1255 1229 1157 1076 1141 1115 1248 1021 1280 1130 1228 1013 1293 1269 1071 1223 1082 1062 1174 1210 1137 1104 1005
1120 1104 1235 1018 1221 1111 1260 1090 1205 1236 1282 1167 1176 1225 1016 1244 1274 1059 1033 1291 1135 1092 1167 1208 1166 1020 1169 1137 1182 1127 1290 1133 1188 1115 1081 1148 1257 1039 1184 1041 1211 1197 1026 1181 1286 1181 1286 1009 1053 1210 1102 1285 1293 1146 1035 1291 1211 1046 1086 1198 1118 1255 1200 1274
1065 1254 1188 1037 1010 1064 1129 1182 1210 1253 1118 1242 1146 1139 1112 1238 1186 1012 1185 1072 1256 1234 1208 1245 1086 1197 1178 1277 1212 1225 1141 1152 1172 1055 1095 1155 1115 1013 1254 1018 1108 1293 1066 1009 1001 1130 1293 1278 1104 1022 1271 1092 1033 1231 1274 1106 1101 1037 1086 1237 1063 1029 1253 1294
1024 1070 1082 1094 1002 1260 1086 1017 1259 1055 1108 1057 1170 1111 1195 1033 1054 1112 1074 1221 1217 1196 1077 1019 1079 1095 1151 1190 1160 1171 1296 1272 1229 1274 1071 1197 1165 1216 1297 1158 1092 1095 1077 1032 1048 1164 1197 1048 1116 1170 1222 1119 1222 1027 1291 1096 1169 1118 1061 1087 1235 1125 1001 1014
1273 1092 1208 1217 1057 1043 1186 1011 1157 1240 1279 1137 1139 1203 1171 1243 1231 1182 1057 1110 1091 1186 1290 1132 1050 1160 1222 1265 1072 1009 1084 1184 1007 1134 1032 1097 1094 1028 1112 1165 1122 1050 1135 1224 1248 1285 1182 1080 1242 1049 1287 1240 1279 1261 1166 1267 1211 1011 1008 1126 1091 1242 1055 1172
1034 1093 1019 1136 1102 1200 1242 1089 1006 1155 1075 1190 1001 1010 1261 1257 1055 1010 1267 1185 1086 1028 1277 1265 1055 1156 1241 1154 1000 1268 1152 1267 1004 1004 1031 1175 1223 1025 1011 1073 1114 1041 1146 1206 1228 1206 1259 1260 1247 1122 1177 1029 1021 1155 1067 1110 1247 1079 1048 1163 1102 1285 1019 1120
1107 1037 1092 1194 1174 1105 1137 1263 1036 1040 1061 1245 1008 1110 1209 1185 1193 1026 1171 1117 1291 1123 1263 1224 1083 1276 1249 1261 1030 1139 1217 1037 1251 1068 1030 1082 1203 1050 1232 1000 1087 1225 1239 1054 1232 1001 1284 1130 1071 1092 1298 1011 1105 1057 1136 1145 1101 1014 1210 1021 1026 1241 1072 1285
1121 1075 1115 1279 1042 1046 1259 1019 1090 1013 1043 1295 1098 1209 1225 1142 1109 1161 1297 1224 1148 1103 1009 1038 1169 1291 1161 1003 1253 1093 1131 1054 1239 1087 1164 1240 1149 1076 1048 1127 1082 1041 1262 1220 1231 1197 1100 1211 1086 1003 1153 1051 1026 1049 1084 1114 1300 1047 1162 1284 1049 1129 1119 1113
1242 1165 1253 1240 1034 1017 1202 1027 1055 1227 1278 1224 1198 1092 1189 1152 1080 1282 1126 1261 1182 1108 1150 1179 1129 1276 1289 1131 1112 1206 1018 1013 1161 1195 1070 1251 1129 1018 1086 1231 1108 1078 1275 1012 1040 1021 1116 1237 1165 1030 1061 1174 1197 1036 1103 1109 1229 1279 1028 1193 1137 1012 1014 1205
1033 1148 1273 1186 1292 1008 1025 1243 1075 1056 1135 1181 1079 1213 1076 1247 1280 1225 1285 1055 1077 1056 1151 1288 1128 1180 1088 1008 1009 1132 1178 1037 1255 1149 1272 1130 1207 1246 1272 1022 1281 1043 1134 1277 1228 1013 1066 1190 1033 1121 1204 1029 1202 1027 1186 1094 1029 1202 1128 1280 1271 1039 1105 1279
1179 1008 1175 1072 1228 1182 1202 1012 1220 1276 1197 1112 1064 1024 1220 1241 1173 1205 1036 1081 1115 1226 1211 1132 1041 1291 1263 1102 1137 1153 1185 1210 1086 1044 1062 1071 1051 1004 1106 1143 1003 1128 1254 1212 1187 1295 1284 1010 1203 1025 1037 1115 1002 1250 1035 1294 1115 1255 1268 1286 1157 1067 1037 1150
1116 1110 1046 1016 1049 1262 1184 1264 1034 1225 1140 1006 1284 1227 1269 1299 1256 1178 1211 1059 1215 1206 1138 1253 1275 1024 1127 1219 1237 1077 1148 1268 1069 1265 1145 1103 1013 1175 1248 1060 1185 1293 1045 1136 1271 1022 1076 1054 1274 1007 1122 1188 1071 1156 1173 1163 1097 1236 1200 1040 1023 1076 1179 1071
1078 1154 1048 1045 1174 1293 1175 1115 1275 1235 1209 1281 1105 1275 1187 1062 1264 1134 1147 1118 1164 1072 1046 1261 1282 1164 1299 1019 1059 1045 1047 1051 1019 1272 1193 1014 1036 1055 1072 1110 1227 1065 1283 1020 1110 1198 1275 1232 1072 1117 1250 1022 1087 1067 1075 1107 1227 1027 1001 1166 1198 1188 1255 1235
1243 1123 1192 1163 1056 1161 1145 1269 1057 1270 1254 1091 1037 1284 1071 1145 1234 1260 1127 1067 1092 1187 1125 1066 1145 1007 1248 1000 1110 1200 1111 1048 1243 1058 1142 1074 1221 1012 1241 1101 1138 1095 1096 1113 1294 1277 1138 1212 1096 1146 1288 1254 1144 1169 1141 1177 1232 1064 1092 1286 1176 1114 1165 1101
1004 1006 1074 1236 1004 1153 1185 1018 1240 1142 1296 1104 1064 1147 1092 1300 1197 1031 1036 1084 1263 1248 1033 1104 1172 1111 1156 1234 1201 1251 1297 1242 1287 1036 1141 1155 1244 1151 1156 1213 1227 1095 1219 1136 1239 1251 1125 1008 1251 1254 1120 1232 1071 1274 1153 1130 1066 1104 1031 1226 1230 1291 1041 1090
1138 1034 1162 1278 1195 1157 1297 1028 1261 1020 1267 1078 1259 1208 1088 1287 1163 1098 1093 1222 1112 1046 1190 1080 1103 1068 1150 1164 1284 1200 1146 1172 1201 1127 1148 1059 1058 1223 1030 1258 1115 1232 1218 1163 1006 1262 1300 1077 1146 1105 1300 1296 1003 1006 1088 1250 1017 1072 1293 1217 1130 1138 1285 1005
1204 1035 1180 1018 1201 1090 1275 1192 1092 1191 1046 1060 1168 1099 1116 1294 1075 1173 1243 1020 1006 1106 1274 1157 1282 1087 1296 1253 1273 1056 1276 1296 1080 1269 1151 1232 1028 1154 1056 1016 1052 1248 1127 1249 1043 1276 1161 1252 1216 1062 1087 1190 1161 1043 1083 1038 1056 1118 1281 1074 1166 1090 1260 1023
1049 1016 1113 1029 1209 1242 1085 1007 1100 1222 1087 1000 1188 1004 1255 1118 1014 1189 1209 1292 1221 1101 1223 1123 1249 1229 1183 1147 1219 1296 1198 1039 1241 1066 1148 1105 1273 1191 1008 1198 1233 1229 1202 1095 1108 1112 1193 1284 1216 1045 1106 1040 1124 1139 1126 1075 1030 1184 1149 1014 1063 1214 1046 1220
1161 1038 1091 1223 1039 1148 1127 1199 1267 1096 1227 1016 1064 1000 1168 1211 1213 1291 1120 1217 1107 1233 1257 1000 1105 1090 1233 1145 1193 1060 1274 1064 1230 1148 1087 1033 1212 1186 1141 1084 1168 1116 1101 1038 1093 1230 1239 1145 1036 1154 1069 1072 1286 1201 1001 1276 1244 1298 1092 1298 1149 1245 1141 1034
1057 1064 1178 1268 1168 1220 1210 1047 1206 1099 1252 1073 1130 1191 1292 1263 1015 1030 1025 1196 1062 1284 1019 1100 1169 1176 1217 1282 1282 1027 1052 1099 1209 1148 1067 1292 1233 1197 1051 1023 1163 1200 1150 1082 1195 1165 1161 1240 1005 1026 1094 1042 1034 1213 1074 1062 1213 1234 1064 1219 1155 1187 1182 1246
1023 1239 1089 1181 1162 1171 1261 1258 1152 1211 1112 1083 1246 1203 1074 1002 1283 1029 1263 1245 1154 1223 1033 1016 1115 1297 1288 1256 1236 1293 1250 1141 1036 1159 1267 1077 1068 1209 1077 1116 1169 1125 1253 1223 1284 1022 1000 1052 1203 1035 1220 1055 1061 1036 1103 1093 1153 1224 1035 1204 1016 1066 1162 1255
1070 1292 1072 1244 1268 1297 1074 1164 1098 1155 1043 1163 1266 1078 1092 1256 1060 1204 1082 1292 1250 1138 1166 1067 1171 1234 1050 1240 1154 1006 1150 1138 1117 1079 1040 1115 1231 1013 1241 1158 1231 1080 1085 1000 1222 1012 1139 1241 1124 1113 1048 1278 1159 1221 1069 1113 1071 1224 1013 1142 1191 1158 1197 1238
1186 1230 1151 1115 1053 1251 1068 1189 1179 1118 1031 1152 1094 1093 1199 1242 1105 1063 1222 1016 1197 1014 1019 1223 1148 1295 1280 1014 1166 1157 1251 1184 1236 1125 1096 1230 1127 1239 1112 1249 1212 1159 1248 1164 1171 1275 1152 1212 1057 1036 1062 1018 1031 1185 1300 1239 1211 1194 1170 1275 1218 1098 1282 1238
1068 1019 1232 1171 1078 1144 1038 1108 1055 1292 1048 1158 1139 1078 1242 1140 1226 1152 1232 1177 1005 1054 1032 1279 1026 1264 1290 1224 1137 1071 1250 1101 1148 1085 1178 1049 1172 1290 1012 1203 1131 1000 1150 1114 1182 1217 1159 1070 1276 1157 1100 1116 1017 1256 1200 1092 1042 1127 1027 1070 1248 1031 1243 1207
1154 1105 1263 1123 1234 1183 1292 1033 1084 1035 1187 1114 1174 1124 1021 1051 1165 1262 1085 1019 1215 1265 1187 1141 1153 1124 1015 1089 1093 1079 1159 1194 1039 1227 1043 1123 1015 1042 1238 1288 1244 1262 1140 1200 1272 1058 1251 1204 1278 1267 1168 1209 1246 1066 1028 1295 1246 1225 1295 1229 1168 1062 1170 1096
1078 1033 1242 1278 1063 1056 1297 1020 1130 1172 1187 1231 1288 1026 1269 1079 1239 1103 1135 1183 1169 1052 1240 1080 1095 1183 1047 1169 1159 1170 1226 1141 1297 1141 1115 1181 1131 1177 1028 1282 1183 1041 1145 1164 1080 1238 1087 1226 1047 1191 1214 1202 1197 1251 1013 1056 1052 1173 1191 1135 1297 1226 1175 1288
1139 1212 1238 1300 1017 1159 1212 1247 1267 1032 1211 1022 1266 1230 1099 1215 1058 1173 1147 1162 1115 1169 1017 1232 1285 1247 1263 1079 1125 1113 1273 1057 1163 1265 1255 1103 1134 1145 1215 1300 1274 1008 1177 1081 1034 1077 1168 1197 1177 1022 1275 1070 1126 1122 1217 1179 1103 1180 1066 1118 1029 1107 1002 1050
1061 1080 1148 1147 1090 1064 1293 1066 1040 1233 1231 1144 1244 1206 1053 1159 1237 1260 1171 1219 1000 1012 1139 1004 1244 1010 1138 1043 1146 1162 1212 1239 1034 1054 1119 1202 1213 1293 1058 1283 1151 1283 1104 1231 1234 1296 1065 1142 1124 1200 1161 1064 1151 1261 1142 1063 1059 1059 1075 1257 1107 1222 1218 1220
1230 1014 1275 1131 1293 1046 1289 1241 1168 1229 1030 1065 1057 1000 1164 1053 1070 1123 1202 1016 1261 1260 1043 1190 1216 1151 1044 1215 1183 1225 1137 1274 1054 1075 1179 1043 1038 1286 1227 1043 1256 1174 1157 1297 1179 1081 1144 1004 1203 1035 1204 1231 1298 1033 1110 1266 1246 1014 1143 1198 1092 1047 1198 1220
1073 1249 1202 1280 1142 1015 1265 1171 1210 1064 1086 1068 1230 1256 1028 1289 1083 1013 1048 1057 1099 1076 1227 1185 1180 1240 1277 1279 1265 1248 1075 1110 1118 1004 1170 1098 1064 1032 1075 1023 1214 1289 1155 1218 1282 1053 1256 1223 1085 1113 1185 1063 1277 1105 1086 1155 1095 1022 1037 1005 1227 1207 1228 1290
1189 1147 1050 1000 1075 1095 1122 1036 1095 1267 1156 1234 1189 1048 1109 1176 1059 1058 1116 1001 1268 1240 1165 1027 1260 1062 1002 1126 1293 1033 1015 1217 1243 1167 1013 1013 1045 1045 1199 1040 1281 1077 1114 1023 1263 1121 1129 1158 1165 1300 1134 1031 1078 1138 1114 1296 1249 1048 1176 1292 1203 1157 1040 1247
1251 1212 1136 1293 1071 1197 1018 1032 1225 1251 1178 1256 1195 1136 1122 1286 1073 1011 1094 1198 1150 1028 1123 1208 1270 1176 1001 1270 1069 1083 1286 1080 1001 1205 1169 1097 1253 1192 1171 1251 1055 1180 1261 1142 1280 1150 1202 1227 1058 1143 1141 1140 1148 1185 1298 1192 1091 1221 1189 1055 1063 1036 1181 1146
1173 1143 1177 1117 1100 1064 1027 1285 1053 1163 1153 1203 1152 1137 1158 1241 1125 1009 1017 1090 1242 1261 1034 1013 1118 1298 1258 1282 1270 1061 1192 1133 1235 1231 1164 1144 1292 1102 1224 1295 1263 1121 1020 1244 1040 1123 1041 1130 1166 1253 1226 1091 1028 1203 1283 1092 1241 1018 1111 1047 1259 1264 1149 1271
1283 1120 1237 1170 1288 1252 1200 1063 1000 1126 1213 1251 1036 1070 1279 1204 1260 1001 1046 1090 1133 1164 1256 1251 1097 1044 1107 1037 1209 1267 1035 1294 1118 1104 1260 1230 1225 1073 1179 1071 1175 1008 1196 1050 1169 1120 1129 1266 1297 1296 1110 1036 1297 1146 1048 1118 1282 1096 1240 1043 1019 1034 1263 1254
1262 1266 1093 1289 1215 1209 1157 1200 1209 1046 1281 1193 1097 1293 1152 1018 1154 1296 1045 1213 1056 1288 1087 1151 1224 1096 1148 1133 1086 1189 1119 1095 1020 1287 1259 1024 1049 1108 1066 1093 1264 1224 1030 1000 1127 1064 1154 1179 1243 1079 1204 1185 1003 1182 1102 1230 1017 1233 1083 1106 1290 1037 1210 1213
1236 1026 1172 1008 1029 1285 1193 1167 1172 1274 1212 1181 1173 1047 1141 1094 1148 1262 1239 1213 1223 1243 1096 1109 1143 1108 1169 1240 1031 1048 1151 1237 1025 1233 1053 1176 1226 1157 1110 1097 1111 1285 1069 1092 1299 1145 1069 1252 1134 1132 1072 1178 1275 1225 1052 1023 1223 1022 1186 1157 1261 1010 1046 1116
1012 1082 1010 1003 1135 1062 1053 1106 1247 1297 1162 1080 1216 1072 1105 1004 1190 1192 1141 1224 1163 1101 1121 1076 1005 1138 1070 1006 1273 1188 1182 1267 1132 1017 1128 1114 1120 1162 1098 1149 1042 1145 1058 1156 1001 1287 1037 1219 1296 1106 1202 1192 1202 1144 1251 1064 1123 1128 1044 1282 1297 1041 1224 1256
1282 1019 1239 1259 1110 1221 1033 1059 1086 1137 1179 1227 1076 1197 1156 1134 1116 1210 1045 1238 1269 1168 1048 1020 1051 1172 1009 1171 1244 1119 1093 1147 1203 1014 1284 1227 1135 1188 1096 1291 1173 1131 1105 1112 1298 1020 1032 1044 1269 1070 1081 1071 1061 1196 1079 1130 1037 1099 1204 1235 1204 1283 1215 1300
1039 1247 1123 1080 1228 1237 1127 1171 1169 1155 1080 1178 1043 1151 1110 1217 1276 1046 1107 1262 1221 1251 1158 1076 1099 1186 1165 1015 1100 1254 1276 1081 1239 1246 1274 1150 1114 1300 1280 1061 1143 1166 1041 1221 1176 1249 1151 1091 1273 1225 1163 1060 1069 1109 1196 1237 1263 1071 1276 1208 1014 1100 1267 1287
1253 1139 1045 1078 1232 1037 1052 1196 1262 1245 1018 1222 1093 1166 1218 1024 1254 1104 1023 1089 1109 1057 1052 1042 1059 1252 1244 1085 1158 1079 1288 1294 1006 1036 1273 1088 1043 1006 1175 1168 1250 1175 1292 1014 1237 1229 1079 1156 1090 1241 1027 1072 1020 1058 1027 1257 1157 1105 1227 1285 1048 1152 1231 1182
1034 1162 1012 1078 1132 1187 1278 1055 1196 1059 1209 1213 1283 1114 1251 1184 1277 1188 1090 1231 1244 1080 1251 1093 1188 1183 1165 1267 1228 1010 1239 1110 1227 1263 1030 1022 1088 1206 1115 1229 1264 1098 1256 1113 1048 1139 1122 1027 1148 1062 1050 1255 1010 1281 1215 1298 1185 1116 1083 1236 1205 1208 1214 1285
1083 1242 1228 1272 1157 1260 1014 1105 1006 1040 1141 1286 1122 1191 1091 1067 1196 1111 1216 1025 1214 1012 1291 1089 1264 1017 1088 1018 1010 1142 1199 1193 1154 1115 1016 1042 1000 1256 1264 1101 1256 1220 1153 1128 1153 1108 1252 1281 1156 1268 1043 1108 1247 1274 1212 1065 1253 1024 1165 1143 1134 1088 1293 1054
1237 1188 1013 1074 1284 1012 1175 1171 1107 1297 1122 1077 1041 1138 1202 1092 1060 1075 1104 1073 1199 1224 1227 1074 1261 1269 1275 1236 1138 1261 1099 1233 1172 1025 1103 1275 1084 1240 1231 1136 1237 1074 1186 1209 1135 1095 1180 1291 1177 1242 1159 1186 1157 1282 1101 1191 1067 1149 1185 1002 1256 1224 1278 1122
1019 1289 1035 1198 1202 1083 1191 1172 1136 1167 1229 1095 1253 1224 1251 1132 1066 1293 1142 1140 1165 1271 1205 1264 1045 1246 1284 1285 1113 1258 1159 1274 1116 1194 1121 1119 1207 1177 1179 1200 1032 1162 1138 1009 1004 1012 1232 1165 1162 1158 1148 1061 1238 1278 1298 1027 1104 1197 1105 1094 1015 1176 1203 1046
1110 1225 1188 1052 1190 1175 1268 1232 1008 1087 1135 1096 1257 1005 1207 1188 1066 1044 1192 1029 1287 1090 1032 1096 1203 1006 1214 1088 1083 1011 1271 1068 1162 1256 1053 1040 1151 1271 1076 1051 1113 1257 1119 1038 1229 1045 1142 1232 1260 1262 1248 1032 1003 1156 1194 1146 1090 1036 1049 1152 1231 1133 1136 1022
1140 1025 1102 1080 1077 1126 1197 1110 1074 1281 1180 1072 1070 1192 1237 1024 1143 1082 1050 1201 1023 1026 1141 1281 1251 1211 1258 1223 1179 1225 1044 1297 1252 1264 1182 1144 1145 1062 1152 1247 1076 1079 1066 1019 1236 1297 1054 1246 1006 1187 1014 1030 1127 1018 1182 1237 1050 1141 1256 1277 1199 1274 1172 1104
1191 1065 1099 1209 1163 1141 1096 1098 1271 1243 1002 1188 1174 1239 1150 1098 1176 1161 1225 1004 1073 1277 1214 1033 1117 1078 1178 1095 1156 1193 1039 1293 1187 1171 1218 1205 1107 1228 1033 1028 1265 1017 1258 1147 1020 1284 1058 1189 1045 1153 1190 1145 1112 1292 1222 1137 1211 1005 1104 1087 1053 1030 1126 1179
1209 1021 1242 1268 1070 1016 1061 1044 1296 1230 1061 1139 1285 1248 1079 1193 1042 1019 1255 1132 1165 1199 1107 1020 1278 1148 1114 1166 1091 1047 1108 1086 1115 1036 1297 1076 1085 1160 1267 1269 1106 1295 1273 1231 1203 1292 1154 1250 1209 1003 1073 1140 1138 1256 1016 1016 1296 1053 1210 1284 1272 1280 1267 1271
1283 1044 1055 1199 1079 1199 1033 1090 1290 1279 1232 1034 1070 1030 1179 1060 1245 1294 1101 1213 1220 1017 1153 1299 1207 1129 1180 1074 1195 1107 1284 1233 1293 1275 1223 1116 1008 1123 1100 1203 1175 1268 1152 1175 1006 1050 1050 1116 1187 1131 1046 1207 1298 1237 1116 1146 1159 1192 1107 1198 1158 1053 1296 1073
1252 1257 1278 1228 1137 1053 1220 1192 1258 1148 1207 1252 1198 1158 1108 1274 1256 1244 1096 1027 1089 1083 1004 1037 1226 1105 1260 1096 1049 1206 1078 1259 1242 1286 1095 1168 1059 1036 1179 1243 1012 1298 1037 1097 1244 1013 1285 1211 1225 1061 1204 1177 1066 1096 1027 1089 1197 1145 1204 1013 1128 1065 1183 1141
1101 1245 1133 1249 1230 1118 1288 1149 1135 1033 1118 1080 1121 1177 1274 1210 1236 1186 1060 1054 1294 1109 1018 1039 1196 1150 1225 1218 1093 1146 1272 1179 1167 1125 1216 1183 1098 1239 1251 1115 1038 1124 1187 1207 1210 1083 1139 1113 1300 1229 1168 1233 1240 1092 1164 1259 1227 1261 1292 1232 1024 1265 1207 1001
1057 1043 1052 1193 1187 1080 1268 1098 1039 1233 1027 1150 1229 1019 1258 1031 1150 1115 1279 1130 1061 1168 1176 1024 1106 1011 1086 1195 1288 1163 1063 1230 1139 1037 1069 1048 1230 1102 1243 1149 1269 1063 1107 1237 1133 1167 1006 1019 1180 1298 1042 1238 1092 1072 1219 1089 1246 1127 1021 1186 1034 1254 1271 1243
1217 1293 1148 1067 1194 1229 1068 1282 1264 1205 1204 1158 1015 1057 1259 1110 1085 1035 1270 1069 1083 1185 1141 1214 1256 1159 1245 1150 1079 1198 1107 1125 1195 1269 1266 1021 1210 1265 1233 1028 1117 1192 1205 1246 1001 1099 1187 1229 1211 1016 1034 1241 1261 1097 1236 1060 1250 1207 1132 1199 1227 1032 1209 1231
1232 1096 1081 1230 1161 1015 1058 1203 1140 1257 1091 1298 1281 1273 1221 1259 1092 1082 1204 1185 1254 1011 1191 1016 1223 1029 1270 1154 1011 1176 1013 1298 1201 1186 1161 1072 1115 1105 1022 1011 1273 1000 1090 1275 1064 1134 1129 1296 1239 1239 1169 1119 1004 1181 1033 1284 1140 1295 1034 1141 1037 1070 1129 1119
1247 1128 1230 1056 1138 1217 1067 1218 1271 1029 1133 1060 1063 1057 1120 1192 1112 1228 1238 1118 1214 1232 1157 1250 1254 1086 1061 1134 1294 1177 1262 1038 1182 1088 1191 1192 1170 1278 1115 1225 1277 1069 1235 1059 1266 1020 1109 1020 1018 1151 1296 1063 1195 1107 1142 1108 1115 1084 1286 1176 1228 1078 1014 1029
1141 1136 1186 1182 1118 1141 1091 1108 1094 1139 1149 1057 1291 1140 1163 1164 1250 1032 1197 1204 1300 1202 1289 1263 1298 1242 1267 1165 1236 1295 1043 1065 1227 1292 1280 1076 1161 1072 1052 1248 1010 1225 1001 1206 1198 1015 1061 1257 1288 1216 1047 1186 1188 1205 1169 1272 1205 1098 1015 1136 1221 1066 1278 1040
1037 1261 1296 1110 1054 1256 1212 1282 1197 1121 1238 1293 1052 1181 1094 1183 1079 1087 1134 1067 1068 1212 1135 1123 1115 1254 1050 1187 1092 1152 1230 1189 1034 1184 1220 1242 1100 1199 1023 1039 1178 1181 1122 1158 1046 1291 1085 1020 1267 1283 1199 1137 1173 1269 1155 1062 1253 1152 1148 1107 1009 1208 1020 1288
1222 1180 1242 1180 1108 1039 1003 1068 1094 1021 1150 1115 1045 1280 1293 1157 1054 1122 1058 1265 1018 1254 1128 1202 1265 1118 1016 1010 1010 1037 1109 1189 1278 1072 1178 1187 1026 1242 1157 1156 1014 1063 1229 1182 1188 1164 1139 1038 1107 1297 1239 1103 1104 1041 1164 1151 1206 1183 1057 1234 1215 1219 1134 1108
1163 1272 1124 1136 1203 1162 1011 1261 1248 1045 1217 1027 1217 1188 1286 1279 1046 1013 1067 1270 1261 1178 1240 1018 1047 1120 1152 1089 1077 1211 1040 1166 1109 1178 1105 1076 1131 1106 1210 1191 1109 1076 1043 1114 1172 1199 1220 1014 1100 1212 1011 1293 1274 1222 1089 1297 1021 1050 1182 1180 1193 1093 1007 1029
1162 1141 1030 1160 1094 1211 1166 1138 1215 1094 1217 1067 1083 1088 1217 1038 1186 1218 1098 1272 1210 1285 1177 1082 1036 1028 1061 1131 1183 1214 1183 1267 1059 1267 1024 1278 1162 1157 1119 1082 1162 1299 1184 1112 1215 1075 1201 1266 1016 1193 1299 1272 1208 1058 1169 1126 1057 1254 1134 1095 1007 1184 1101 1224
1018 1052 1184 1267 1028 1205 1104 1129 1298 1254 1243 1198 1074 1101 1267 1136 1034 1206 1139 1273 1299 1042 1085 1152 1036 1112 1091 1219 1286 1028 1286 1269 1137 1132 1268 1068 1027 1292 1117 1078 1032 1299 1063 1245 1001 1008 1013 1103 1240 1014 1037 1113 1152 1105 1229 1020 1079 1005 1203 1268 1173 1035 1273 1006
1214 1167 1290 1122 1175 1137 1253 1260 1072 1213 1066 1155 1202 1272 1082 1018 1059 1011 1281 1165 1101 1114 1266 1252 1206 1096 1206 1080 1154 1075 1225 1058 1120 1147 1037 1113 1239 1100 1021 1041 1211 1190 1047 1086 1093 1050 1157 1188 1246 1246 1124 1169 1300 1238 1293 1259 1239 1024 1091 1166 1213 1247 1198 1280
1046 1138 1274 1129 1172 1209 1139 1092 1134 1057 1119 1112 1232 1172 1256 1024 1144 1006 1223 1112 1154 1068 1296 1294 1086 1034 1188 1270 1012 1097 1273 1138 1250 1132 1203 1117 1006 1094 1220 1287 1238 1142 1007 1226 1030 1184 1170 1089 1229 1173 1211 1039 1250 1068 1135 1036 1064 1056 1251 1047 1160 1061 1276 1054
1261 1293 1076 1151 1171 1054 1071 1113 1134 1008 1021 1035 1159 1271 1180 1231 1070 1010 1118 1142 1159 1002 1042 1263 1189 1044 1229 1261 1159 1041 1031 1143 1085 1042 1277 1219 1100 1054 1094 1113 1154 1226 1261 1054 1025 1040 1072 1223 1003 1236 1146 1052 1142 1032 1290 1101 1226 1114 1058 1071 1111 1298 1099 1270
1163 1094 1095 1206 1129 1237 1175 1114 1148 1031 1275 1272 1239 1194 1272 1247 1019 1241 1014 1082 1069 1249 1057 1029 1066 1235 1170 1044 1201 1300 1034 1217 1211 1209 1179 1085 1104 1241 1300 1203 1168 1183 1294 1018 1073 1280 1020 1159 1051 1026 1198 1057 1000 1102 1250 1100 1240 1249 1195 1230 1178 1101 1132 1255
1216 1086 1131 1169 1227 1082 1012 1112 1210 1186 1142 1220 1271 1021 1285 1157 1077 1142 1256 1267 1182 1093 1150 1051 1000 1063 1198 1086 1032 1134 1084 1235 1221 1162 1226 1266 1219 1233 1256 1012 1296 1103 1197 1026 1087 1089 1203 1266 1043 1133 1249 1228 1267 1047 1034 1128 1179 1267 1296 1268 1294 1260 1285 1046
1291 1037 1266 1265 1017 1151 1123 1177 1298 1285 1094 1289 1154 1242 1141 1219 1122 1297 1121 1240 1105 1216 1250 1245 1058 1262 1017 1046 1223 1102 1281 1289 1257 1030 1178 1173 1230 1263 1248 1258 1095 1265 1153 1219 1183 1148 1015 1195 1107 1226 1136 1018 1147 1159 1018 1053 1195 1087 1066 1231 1172 1176 1120 1124
1248 1024 1031 1202 1094 1008 1144 1061 1258 1172 1159 1287 1104 1148 1041 1103 1263 1192 1131 1220 1279 1244 1250 1238 1175 1243 1094 1048 1217 1298 1134 1086 1298 1033 1020 1120 1154 1281 1241 1069 1088 1036 1046 1027 1240 1087 1005 1098 1061 1047 1188 1081 1155 1080 1104 1263 1016 1225 1103 1190 1007 1099 1299 1026
1124 1049 1124 1117 1042 1248 1060 1099 1256 1103 1045 1098 1284 1212 1066 1188 1126 1156 1283 1111 1008 1185 1060 1262 1116 1239 1093 1288 1035 1226 1083 1111 1291 1250 1293 1116 1034 1088 1117 1265 1131 1092 1279 1030 1154 1116 1222 1037 1150 1128 1208 1216 1282 1006 1248 1217 1101 1255 1121 1201 1194 1265 1251 1002
1042 1012 1085 1193 1237 1053 1065 1141 1277 1124 1000 1107 1231 1068 1147 1250 1027 1048 1039 1023 1181 1236 1076 1234 1162 1114 1036 1171 1081 1005 1236 1088 1039 1192 1068 1070 1107 1250 1261 1195 1030 1072 1026 1012 1189 1038 1115 1003 1236 1264 1088 1269 1231 1001 1075 1233 1037 1036 1025 1235 1185 1136 1075 1115
1220 1068 1031 1052 1005 1294 1123 1056 1179 1137 1057 1224 1136 1042 1192 1198 1207 1003 1095 1094 1132 1020 1284 1103 1032 1187 1193 1219 1027 1236 1162 1275 1040 1066 1028 1229 1291 1269 1188 1134 1200 1098 1235 1097 1057 1178 1133 1065 1071 1173 1213 1119 1144 1083 1204 1047 1023 1159 1113 1197 1090 1040 1075 1073
1103 1106 1192 1220 1103 1015 1239 1117 1183 1043 1058 1007 1040 1144 1225 1216 1265 1057 1177 1149 1191 1131 1008 1107 1159 1235 1239 1041 1275 1239 1216 1036 1167 1001 1191 1231 1246 1194 1151 1052 1176 1232 1147 1098 1173 1300 1046 1127 1119 1063 1178 1023 1182 1106 1051 1105 1027 1225 1185 1196 1275 1280 1129 1232
1131 1057 1199 1075 1208 1239 1001 1123 1295 1049 1236 1214 1031 1279 1221 1140 1064 1134 1185 1282 1188 1016 1055 1232 1212 1041 1060 1018 1129 1299 1017 1215 1007 1084 1277 1156 1165 1212 1166 1001 1003 1031 1275 1022 1119 1113 1082 1000 1014 1212 1005 1159 1183 1185 1161 1276 1002 1276 1124 1108 1268 1278 1163 1242
1249 1101 1148 1210 1161 1162 1150 1118 1134 1280 1171 1156 1175 1024 1022 1164 1224 1291 1190 1136 1194 1189 1188 1281 1024 1047 1291 1292 1014 1164 1076 1219 1099 1079 1220 1168 1022 1166 1252 1263 1075 1121 1011 1056 1171 1253 1162 1116 1249 1086 1180 1171 1273 1179 1268 1211 1217 1015 1267 1142 1019 1066 1174 1115
1253 1015 1086 1276 1259 1160 1073 1176 1079 1246 1217 1275 1257 1003 1255 1160 1291 1253 1039 1040 1029 1118 1101 1014 1051 1046 1141 1103 1129 1198 1264 1272 1293 1256 1143 1142 1161 1042 1071 1142 1097 1125 1016 1292 1012 1118 1006 1022 1096 1195 1231 1174 1237 1218 1254 1292 1197 1109 1112 1020 1025 1107 1200 1131
1164 1115 1009 1117 1272 1282 1025 1240 1136 1021 1224 1093 1190 1142 1104 1219 1193 1078 1051 1055 1179 1253 1061 1259 1164 1252 1160 1143 1030 1294 1156 1257 1228 1127 1251 1243 1261 1060 1143 1173 1234 1181 1065 1246 1083 1123 1166 1263 1195 1096 1278 1201 1278 1225 1113 1173 1144 1116 1192 1293 1009 1072 1144 1161
1295 1098 1216 1254 1293 1197 1057 1036 1140 1018 1052 1207 1130 1019 1199 1114 1015 1201 1097 1265 1296 1009 1164 1083 1202 1105 1213 1270 1219 1165 1190 1142 1275 1125 1171 1181 1207 1032 1228 1051 1100 1175 1265 1195 1228 1050 1050 1067 1216 1156 1137 1066 1059 1114 1197 1133 1225 1100 1212 1037 1000 1043 1267 1263
1246 1074 1067 1124 1051 1279 1126 1131 1084 1270 1238 1130 1226 1064 1195 1262 1000 1264 1057 1167 1193 1113 1141 1261 1237 1106 1023 1240 1124 1266 1280 1185 1222 1051 1224 1139 1180 1029 1158 1123 1064 1236 1150 1285 1195 1180 1136 1197 1075 1002 1039 1205 1277 1227 1198 1228 1226 1228 1116 1009 1289 1212 1150 1056
1154 1214 1223 1129 1072 1178 1182 1097 1232 1033 1052 1191 1008 1009 1046 1040 1227 1081 1273 1007 1244 1114 1003 1161 1277 1222 1283 1220 1065 1227 1164 1192 1052 1006 1213 1002 1245 1215 1030 1210 1045 1060 1046 1174 1152 1024 1187 1220 1049 1152 1165 1285 1023 1068 1255 1248 1157 1065 1240 1193 1264 1203 1062 1162
1291 1004 1216 1031 1251 1011 1300 1054 1126 1266 1199 1141 1243 1197 1223 1124 1259 1225 1288 1059 1203 1244 1212 1115 1035 1050 1022 1232 1158 1005 1284 1220 1209 1179 1177 1159 1218 1273 1078 1166 1264 1249 1111 1163 1113 1037 1196 1017 1060 1241 1287 1135 1111 1090 1162 1276 1139 1236 1273 1292 1261 1266 1080 1167
1230 1093 1270 1285 1151 1142 1236 1146 1290 1115 1278 1177 1211 1006 1077 1269 1194 1192 1104 1089 1262 1213 1067 1076 1038 1157 1271 1103 1008 1118 1019 1296 1067 1026 1115 1072 1013 1148 1024 1295 1143 1202 1229 1198 1016 1027 1030 1272 1204 1082 1250 1168 1259 1096 1218 1023 1215 1133 1297 1276 1082 1209 1284 1110
1209 1296 1171 1207 1184 1162 1111 1088 1021 1218 1081 1023 1070 1265 1058 1031 1024 1264 1053 1029 1002 1184 1028 1057 1201 1011 1096 1247 1049 1025 1066 1122 1147 1141 1173 1183 1287 1175 1041 1043 1159 1104 1089 1269 1081 1212 1221 1164 1201 1117 1123 1234 1268 1183 1028 1257 1244 1041 1037 1102 1092 1124 1199 1035
1277 1170 1042 1116 1264 1067 1101 1232 1019 1106 1007 1120 1046 1058 1052 1130 1048 1219 1215 1280 1222 1180 1265 1103 1053 1234 1105 1046 1237 1100 1201 1028 1249 1071 1141 1015 1150 1220 1206 1136 1131 1084 1291 1027 1113 1163 1097 1109 1161 1181 1030 1151 1292 1117 1045 1056 1057 1069 1195 1034 1290 1242 1167 1030
1175 1200 1179 1031 1263 1067 1060 1236 1001 1125 1153 1067 1216 1061 1036 1096 1266 1217 1086 1164 1253 1247 1108 1225 1267 1255 1047 1213 1100 1045 1066 1098 1196 1261 1158 1158 1211 1236 1076 1203 1134 1163 1151 1107 1018 1196 1090 1004 1221 1281 1099 1034 1170 1229 1091 1248 1018 1300 1027 1009 1123 1235 1139 1216
1174 1240 1254 1254 1096 1054 1273 1104 1262 1053 1181 1162 1036 1090 1136 1014 1031 1255 1148 1277 1215 1034 1286 1001 1233 1070 1077 1042 1212 1213 1250 1181 1249 1146 1255 1155 1104 1271 1280 1025 1044 1212 1216 1221 1003 1136 1215 1196 1020 1240 1005 1011 1225 1011 1266 1149 1130 1215 1248 1187 1014 1182 1167 1170
1266 1053 1136 1094 1286 1267 1029 1080 1026 1234 1172 1088 1029 1203 1259 1063 1191 1278 1281 1292 1108 1249 1124 1065 1149 1190 1157 1176 1261 1037 1015 1190 1019 1272 1014 1147 1052 1179 1088 1206 1269 1044 1113 1279 1123 1131 1081 1154 1062 1075 1127 1223 1284 1274 1208 1101 1019 1238 1180 1045 1171 1125 1106 1108
0 278 464 654 207 620 746 535 715 64 525 306 771 625 685 477 109 25 712 589 117 798 252 248 466 580 779 254 258 42 680 416 221 552 734 747 206 101 777 578 228 17 639 795 126 79 128 363 334 142 417 112 327 421 744 516 267 19 694 526 744 569 19 366
83 0 658 468 96 331 441 246 258 680 768 37 287 433 287 360 502 624 6 727 749 676 652 587 709 324 571 667 641 718 13 785 44 314 86 619 369 486 590 692 444 504 205 561 175 476 501 361 166 81 619 163 645 139 314 118 377 465 57 226 70 268 669 382
723 717 0 643 629 647 105 690 89 413 458 440 653 769 519 718 767 264 592 729 18 474 126 292 329 408 513 162 445 154 611 52 614 427 563 749 715 214 574 323 319 632 509 525 731 121 163 103 758 765 112 701 160 641 306 163 92 638 298 684 393 513 413 681
206 791 656 0 380 796 772 96 134 629 374 215 215 234 395 643 744 118 585 719 713 455 453 615 648 68 171 747 380 187 13 510 587 650 642 40 200 138 588 581 73 17 526 735 59 709 538 436 115 769 441 584 164 457 374 419 121 162 769 93 39 368 719 475
609 185 411 704 0 278 633 468 307 43 225 410 133 389 59 171 485 299 249 371 119 124 700 216 710 797 483 50 261 268 358 314 723 24 649 337 277 446 397 152 7 261 117 516 426 340 32 725 209 272 2 726 744 593 380 258 49 53 391 608 453 744 3 489
323 686 546 283 31 0 431 478 541 366 714 19 407 781 180 390 440 238 527 455 205 388 391 783 73 441 732 443 69 128 81 382 769 331 133 452 503 651 452 392 797 234 720 390 344 322 607 225 364 345 492 611 233 1 404 678 407 244 739 493 484 12 163 793
26 376 596 534 145 511 0 394 103 616 125 314 413 744 194 469 76 710 158 116 485 130 161 82 492 341 644 148 53 146 164 548 273 279 310 550 39 43 476 250 549 723 510 772 205 550 532 678 176 155 435 21 311 478 578 663 26 40 775 148 377 422 456 235
495 191 532 17 378 43 596 0 87 682 654 591 284 434 192 524 339 516 286 22 136 702 169 344 421 433 672 94 730 394 556 610 660 579 155 67 643 294 681 729 779 158 660 629 736 794 161 64 50 120 196 760 516 219 481 429 181 782 438 167 489 195 255 562
503 220 665 772 270 272 218 622 0 648 615 449 217 630 342 471 748 268 331 478 115 572 184 261 490 422 605 770 703 16 545 751 666 475 98 522 366 502 774 345 197 408 709 513 381 514 234 249 608 112 721 382 346 766 644 407 83 559 174 184 493 433 182 329
603 741 164 311 503 729 104 212 708 0 291 249 332 50 306 546 313 518 60 482 543 515 424 101 89 757 336 145 226 732 331 621 417 450 402 561 732 177 104 688 340 173 434 148 571 609 488 763 656 236 453 229 384 796 4 384 113 173 283 169 659 605 24 169
470 790 136 349 494 269 297 279 618 761 0 68 774 136 228 428 366 752 548 775 526 537 33 378 757 478 146 102 315 566 710 794 218 445 227 798 490 64 400 479 484 347 27 718 788 604 660 573 633 616 416 206 781 506 744 328 768 484 335 449 29 338 90 639
132 280 467 148 519 42 166 420 83 330 716 0 625 261 772 53 192 735 481 422 144 395 494 776 142 344 679 5 439 576 349 367 775 58 510 163 413 429 605 495 301 353 78 378 211 264 398 310 754 318 576 674 177 186 530 586 589 248 179 13 520 137 737 730
715 402 604 507 291 325 698 240 307 687 716 648 0 502 310 65 697 526 789 606 29 443 327 415 606 450 653 208 2 472 52 627 748 540 457 666 601 610 563 697 390 418 42 606 479 303 716 70 716 65 762 304 53 687 522 22 593 490 779 290 478 526 682 457
645 158 249 512 627 258 335 378 232 460 743 219 756 0 305 600 454 763 220 608 708 403 243 479 398 7 355 17 568 571 27 345 602 640 288 622 608 23 677 731 26 775 92 353 465 269 209 372 29 671 443 795 21 423 612 57 289 117 466 360 468 349 3 44
792 348 208 53 150 182 609 799 550 31 536 74 337 232 0 705 4 48 390 142 7 213 774 159 83 529 169 88 127 124 157 369 749 449 141 5 448 43 406 585 705 776 254 684 606 665 724 622 21 17 141 697 521 722 51 435 458 384 493 655 4 470 573 727
508 177 281 19 592 776 705 346 656 278 466 450 725 176 89 0 429 172 703 541 245 406 301 460 352 534 771 690 775 40 620 534 784 473 517 239 570 345 220 615 715 414 240 402 36 128 334 562 577 54 296 670 99 78 387 693 694 53 288 178 656 135 628 72
247 781 109 258 359 313 697 388 612 632 630 768 623 309 501 485 0 696 370 195 767 280 733 54 138 199 752 501 373 663 393 527 610 169 172 272 518 67 310 762 568 349 607 185 186 704 577 719 739 347 237 97 14 625 8 172 166 16 545 455 268 399 456 762
88 615 443 668 707 729 651 252 711 3 356 339 573 279 651 535 296 0 683 83 643 603 436 491 319 209 535 57 391 709 615 269 582 620 48 473 312 49 170 614 701 521 732 481 226 175 120 377 7 681 611 125 26 486 317 262 19 301 500 403 681 246 313 220
483 780 171 551 608 576 399 122 230 762 598 102 107 13 133 575 579 267 0 780 304 187 610 223 212 414 47 220 195 465 724 452 412 336 183 725 467 15 552 266 457 364 614 303 214 143 732 216 298 761 494 614 568 572 72 30 114 568 598 81 773 356 518 666
633 380 34 148 522 508 288 534 770 264 329 564 691 328 293 779 619 523 431 0 305 741 331 575 294 339 553 5 586 238 417 56 303 574 546 336 346 121 583 122 234 657 715 120 261 480 151 104 49 279 676 233 695 395 524 165 465 649 198 171 565 429 261 716
135 50 180 339 310 216 288 80 246 516 74 69 185 727 19 349 645 766 715 590 0 313 201 654 137 480 97 424 342 591 565 618 608 459 94 761 691 311 351 104 782 625 379 245 14 440 419 638 236 694 752 317 703 168 403 13 708 161 685 344 520 426 539 765
304 12 82 191 241 262 1 252 102 105 394 572 797 410 487 617 477 240 442 111 265 0 250 51 642 65 55 340 577 239 97 45 765 631 479 71 340 65 396 85 679 728 789 309 699 405 676 771 374 12 280 81 4 195 725 423 679 321 618 678 757 166 421 198
397 464 165 325 236 275 10 559 206 769 146 745 123 293 538 754 298 216 542 452 596 399 0 230 224 173 50 514 100 238 328 189 319 29 498 646 751 388 555 176 92 298 127 343 339 730 755 253 513 468 324 676 375 5 27 421 145 330 570 212 788 337 294 246
445 277 683 45 284 126 416 183 361 692 472 669 571 243 454 659 764 768 789 150 777 737 751 0 241 713 739 655 256 475 702 588 755 756 638 756 132 258 310 636 186 771 485 25 241 94 779 108 211 71 332 491 440 404 445 568 436 441 469 418 576 580 282 292
69 524 120 139 22 439 730 210 357 748 634 459 259 295 71 718 282 749 264 743 672 636 500 49 0 592 174 245 229 790 361 677 739 354 307 111 70 70 754 553 478 256 161 517 474 569 213 62 261 99 574 428 435 6 441 777 494 329 759 685 480 522 753 570
614 452 790 392 388 453 276 494 341 428 244 8 245 40 278 572 382 564 278 173 415 627 666 718 777 0 589 798 382 299 258 147 17 612 148 332 220 59 137 406 427 729 58 504 342 646 322 111 720 220 420 30 393 62 191 175 738 728 35 500 484 424 247 12
330 586 661 69 232 621 668 676 696 386 551 163 565 796 487 340 701 418 629 690 206 434 385 778 150 379 0 760 177 800 492 6 67 437 488 178 688 524 783 478 723 250 513 771 422 743 301 251 433 133 147 742 272 489 777 497 495 349 290 228 277 70 646 493
718 312 777 432 611 625 771 411 177 646 471 673 194 111 108 788 127 733 332 778 293 638 609 207 395 493 389 0 791 227 574 499 718 117 385 631 753 771 256 598 90 645 646 590 311 205 13 799 465 60 469 724 441 673 753 126 68 267 135 500 596 630 731 91
571 255 136 747 9 479 446 522 408 718 766 55 726 632 302 334 343 625 28 484 596 361 509 200 124 542 665 502 0 260 653 166 427 547 111 442 619 407 459 696 192 601 352 464 753 313 565 634 497 422 16 12 431 138 770 607 194 283 372 747 732 696 52 382
417 490 728 265 553 624 727 11 356 227 87 375 320 274 380 128 725 228 55 168 546 61 461 312 616 331 454 742 568 0 600 393 657 183 211 647 218 555 361 576 595 387 33 706 15 269 121 395 231 205 2 111 551 628 707 303 375 466 27 216 332 254 471 744
309 106 155 77 367 43 680 304 438 348 57 60 356 640 552 207 493 622 772 600 300 254 365 414 731 783 46 420 38 590 0 723 714 236 184 470 391 155 539 23 58 708 315 738 245 410 186 382 19 595 272 438 443 595 728 321 768 789 606 332 112 185 149 374
193 258 516 116 16 621 520 708 329 51 204 621 12 335 711 399 98 697 707 5 221 381 762 279 272 92 277 397 776 786 234 0 456 57 438 486 113 718 306 230 144 40 362 123 631 698 256 150 257 168 214 438 274 54 481 736 591 75 35 331 197 698 243 368
85 154 193 694 423 781 428 286 98 105 704 96 228 433 583 735 613 75 425 33 623 15 601 427 694 328 368 734 591 783 418 497 0 108 337 316 205 756 502 51 688 207 252 99 553 553 456 337 778 461 187 681 522 115 118 715 616 592 780 198 464 664 495 98
42 272 324 42 519 296 419 519 310 162 13 92 658 786 592 148 605 692 240 349 755 591 669 241 619 704 455 409 172 769 111 547 555 0 698 616 492 624 526 502 154 113 744 270 664 61 498 39 359 698 575 513 356 683 258 612 110 499 15 284 238 70 379 718
126 713 697 341 307 550 400 442 586 53 223 150 121 535 766 630 316 229 557 309 637 314 171 178 202 396 126 316 438 214 28 368 355 287 0 577 628 365 98 245 28 334 635 160 533 462 611 657 494 188 162 276 448 184 29 323 169 707 512 180 540 656 197 666
331 372 624 606 402 506 519 534 551 393 1 750 459 124 141 555 715 326 378 138 298 466 609 595 654 135 466 164 203 518 648 274 336 583 732 0 294 301 57 652 643 588 783 439 276 490 97 443 624 55 25 328 479 417 784 719 117 485 524 521 153 705 483 444
497 561 380 657 353 159 74 502 767 483 293 391 546 706 505 202 334 186 33 615 663 150 680 371 509 560 341 612 426 171 9 723 253 208 190 309 0 657 413 167 226 200 709 730 558 286 533 178 708 578 428 303 38 14 350 224 436 729 227 487 532 688 293 275
337 555 418 630 415 144 770 416 260 538 466 679 785 398 86 703 135 449 699 562 5 350 30 304 697 531 395 684 744 685 508 85 301 623 629 726 332 0 484 469 33 245 344 276 313 750 169 68 213 622 516 430 364 645 220 168 587 588 255 690 473 177 128 162
91 393 147 353 329 750 263 308 439 307 187 70 372 60 613 711 666 510 614 225 644 292 551 191 172 392 573 496 293 156 66 494 84 470 728 576 757 241 0 608 749 71 584 277 336 112 220 703 507 799 172 43 530 99 90 507 610 661 59 234 330 57 49 339
394 498 759 172 419 652 763 441 201 679 340 769 493 548 116 483 531 557 625 8 49 320 42 610 21 152 9 397 329 680 784 583 771 115 525 689 750 152 401 0 750 478 750 704 756 624 581 309 530 476 46 713 455 729 446 333 158 507 81 120 228 348 562 727
304 451 768 259 157 435 625 157 174 2 707 267 672 409 19 373 632 551 501 491 221 170 291 129 685 29 291 587 438 380 476 620 626 104 391 268 278 782 644 466 0 345 168 24 727 306 449 640 507 322 49 272 269 16 707 50 645 19 640 726 527 259 161 326
36 428 776 279 573 269 131 284 365 638 362 125 52 563 636 501 35 601 208 721 606 374 556 99 50 317 615 718 565 357 727 465 437 299 436 209 740 128 525 632 41 0 360 719 28 89 372 556 684 32 424 49 574 649 505 50 490 230 753 688 375 40 663 241
606 107 394 166 391 411 731 58 716 312 295 538 734 466 651 391 474 64 235 304 649 143 16 525 136 798 234 3 571 712 789 246 346 364 461 391 367 504 276 633 291 462 0 458 79 627 370 278 529 274 709 400 196 311 484 544 295 354 157 272 164 335 406 233
74 520 573 628 296 51 612 615 36 116 783 393 331 81 99 248 640 459 765 642 52 233 190 434 680 508 143 330 785 614 191 608 157 253 660 415 115 419 126 28 10 537 58 0 538 483 120 495 126 644 285 184 495 218 511 713 193 474 534 487 790 455 87 420
783 632 289 162 247 80 776 231 506 433 141 401 555 495 359 209 78 432 29 644 45 517 696 200 84 698 321 788 301 772 589 529 38 199 679 254 583 302 432 717 452 334 468 212 0 417 790 284 723 747 752 60 249 557 342 559 21 257 684 492 321 795 76 446
408 667 77 692 576 636 581 158 187 452 611 118 202 318 636 388 681 693 247 480 361 563 386 418 727 348 207 361 388 305 303 479 417 375 369 638 168 567 574 632 448 724 477 458 397 0 366 573 268 363 59 505 427 349 301 688 43 248 31 247 23 509 369 637
402 31 563 137 352 463 651 670 529 579 302 299 495 528 760 114 674 684 268 228 283 250 120 711 573 658 607 250 182 332 157 500 594 760 270 534 703 131 619 14 126 39 701 512 183 692 0 199 551 13 410 767 398 611 343 299 416 426 601 420 190 358 27 696
295 276 380 524 377 556 595 451 324 467 408 696 21 156 307 143 350 112 343 642 426 336 192 253 264 74 794 446 114 600 745 636 416 204 519 338 359 469 745 360 448 23 297 682 649 732 538 0 423 451 562 412 197 10 105 395 674 2 343 784 746 90 548 551
622 211 800 408 663 612 128 679 392 478 409 378 89 726 663 422 517 273 526 194 244 379 275 327 335 337 237 690 94 39 383 402 759 441 267 482 361 365 556 26 432 309 220 635 378 235 382 405 0 586 336 145 347 232 559 447 780 131 644 706 37 648 275 158
240 131 128 546 630 207 431 740 161 448 11 103 701 453 145 206 616 353 93 753 183 767 298 499 275 321 428 682 350 649 442 367 763 594 473 696 54 782 586 250 623 273 56 398 792 443 663 664 100 0 614 239 415 739 775 731 559 165 792 419 693 734 256 572
727 524 401 296 2 507 779 209 681 695 295 470 207 462 8 556 432 714 413 507 543 671 384 624 416 429 475 404 562 546 284 441 413 523 289 370 8 672 310 545 187 774 702 745 767 239 364 762 63 524 0 243 165 503 757 788 372 286 286 93 498 291 621 454
276 58 624 282 111 32 77 723 553 522 80 239 700 29 507 307 637 220 221 267 733 32 440 74 324 59 597 207 501 530 655 220 185 491 9 782 259 248 423 28 474 754 595 532 458 339 44 770 338 237 454 0 111 564 209 644 201 147 438 473 690 88 533 248
322 1 174 491 452 138 263 55 384 703 626 302 531 674 545 39 249 23 582 787 341 423 776 217 721 515 368 615 130 699 63 124 548 795 84 453 520 536 712 223 596 77 544 118 191 369 129 712 749 133 479 704 0 223 669 649 673 578 568 400 263 776 304 509
111 593 79 448 467 269 794 55 165 691 545 715 650 394 17 231 759 22 520 455 474 262 506 642 86 408 723 52 179 283 779 83 556 273 250 89 17 306 640 607 305 674 190 310 340 689 23 327 755 637 34 744 652 0 565 307 236 344 74 439 673 742 623 244
744 75 416 658 138 484 101 133 565 193 744 586 284 36 587 83 429 278 255 271 72 174 10 446 514 201 425 10 285 706 31 187 172 462 341 253 365 441 392 771 130 360 676 225 32 791 196 21 523 339 651 489 680 154 0 254 646 112 67 122 356 423 422 384
117 330 428 112 482 672 705 452 258 380 564 585 510 699 793 271 541 274 507 161 424 307 173 597 358 559 68 514 383 607 388 798 635 59 566 679 25 27 757 582 463 577 6 28 735 793 603 98 404 592 626 338 314 134 425 0 623 41 47 91 707 207 669 239
214 710 764 95 790 308 561 651 196 321 548 113 287 596 417 113 141 82 715 268 507 623 213 498 333 380 524 439 617 133 117 353 359 728 277 629 307 74 362 592 357 259 469 426 616 133 497 781 626 685 298 241 462 76 800 189 0 171 481 602 432 180 359 191
463 91 603 727 773 285 398 537 525 551 476 180 660 769 285 417 171 368 182 7 604 80 478 259 72 478 179 628 470 601 676 604 452 620 584 535 329 68 663 210 659 388 244 96 467 126 351 626 479 50 778 518 94 468 261 245 50 0 30 527 290 560 491 350
60 145 308 224 207 120 750 413 77 647 568 254 67 349 279 307 599 252 404 20 120 213 597 333 181 546 746 284 38 540 133 261 439 770 760 580 645 169 774 800 497 762 407 141 648 526 504 50 279 504 203 41 153 586 54 512 273 474 0 313 554 257 694 323
242 771 15 88 208 97 571 542 344 550 408 667 137 496 558 482 670 770 750 213 43 504 755 691 416 92 505 281 763 583 737 393 290 313 330 363 470 729 371 615 311 227 669 452 64 739 214 109 548 387 409 521 321 790 583 535 68 598 524 0 563 84 408 792
457 178 469 205 85 789 273 351 190 127 252 647 659 349 198 639 553 153 608 477 263 61 185 273 635 519 656 36 446 433 518 516 108 519 244 118 542 751 607 38 639 397 444 742 380 783 496 401 393 699 691 103 447 575 580 791 543 785 667 516 0 24 52 249
442 329 79 629 194 259 200 259 658 339 74 229 698 721 295 452 654 758 412 625 40 303 363 395 447 294 143 550 90 368 613 575 247 473 738 621 660 410 221 7 445 61 394 608 264 77 234 127 385 537 431 559 582 100 427 447 313 303 11 245 632 0 250 77
281 398 292 439 300 440 97 572 684 777 242 325 330 725 44 682 741 579 333 24 141 755 211 742 1 425 109 674 755 107 260 435 459 780 480 127 721 206 230 352 179 695 306 569 248 303 165 505 136 653 51 403 202 384 539 623 639 504 209 353 284 657 0 154
455 462 586 35 600 360 292 9 140 402 170 284 689 686 257 85 217 280 369 627 67 686 587 275 612 273 484 480 140 153 387 723 174 218 7 566 646 548 75 342 333 448 86 258 93 417 87 626 210 218 174 504 445 565 636 530 541 454 360 626 501 447 642 0
