36
35 34 1
16 17 1
26 27 1
4 5 1
2 1 1
30 29 1
9 10 1
13 14 1
14 36 1
29 28 1
31 16 1
33 34 1
18 17 1
6 7 1
22 23 1
25 24 1
25 26 1
22 21 1
24 23 1
14 15 1
19 20 1
4 2 1
31 32 1
32 33 1
11 12 1
21 20 1
5 6 1
4 9 1
16 15 1
2 3 1
28 27 1
12 13 1
11 10 1
19 18 1
7 8 1
19 18 1
18 17 1
22 21 1
7 8 1
35 36 1
21 20 1
5 6 1
26 25 1
3 9 1
13 14 1
30 33 1
31 30 1
10 4 1
1 12 1
31 32 1
29 30 1
14 15 1
3 4 1
16 15 1
6 7 1
5 4 1
27 26 1
24 23 1
1 2 1
27 28 1
33 34 1
16 17 1
11 10 1
22 23 1
29 27 1
20 19 1
12 13 1
35 34 1
25 24 1
2 3 1
