366
302 300 1
281 284 1
205 213 1
38 56 1
280 278 1
215 218 1
287 289 1
337 336 1
32 19 1
161 135 1
154 152 1
339 343 1
333 336 1
316 320 1
190 203 1
235 229 1
238 253 1
162 188 1
125 128 1
104 100 1
255 275 1
141 139 1
249 231 1
322 318 1
320 323 1
2 49 1
122 123 1
2 3 1
252 229 1
93 96 1
13 83 1
45 14 1
105 109 1
229 219 1
359 362 1
192 166 1
277 276 1
253 273 1
64 2 1
38 85 1
220 230 1
224 240 1
90 94 1
166 170 1
292 290 1
84 17 1
198 196 1
77 5 1
177 209 1
231 234 1
50 54 1
248 261 1
103 101 1
129 131 1
153 160 1
18 3 1
306 305 1
180 164 1
247 218 1
182 169 1
217 215 1
346 350 1
150 148 1
311 308 1
9 63 1
92 93 1
255 274 1
178 214 1
208 193 1
337 339 1
342 346 1
122 121 1
131 134 1
164 168 1
310 306 1
287 288 1
130 129 1
332 331 1
173 197 1
125 129 1
204 174 1
165 173 1
174 163 1
228 218 1
304 305 1
183 196 1
332 335 1
318 315 1
171 168 1
4 7 1
98 95 1
11 30 1
327 331 1
338 335 1
3 72 1
99 101 1
138 137 1
11 12 1
167 164 1
27 53 1
324 320 1
50 14 1
118 117 1
42 29 1
312 314 1
233 215 1
8 29 1
224 215 1
6 65 1
217 276 1
222 216 1
196 199 1
70 25 1
115 117 1
151 26 1
78 60 1
305 307 1
67 49 1
230 231 1
133 132 1
36 32 1
73 42 1
2 9 1
251 250 1
105 104 1
40 33 1
359 363 1
183 193 1
119 117 1
245 262 1
42 68 1
164 162 1
316 315 1
176 181 1
45 46 1
51 12 1
26 23 1
349 352 1
113 110 1
345 344 1
55 15 1
216 223 1
222 238 1
276 278 1
315 314 1
191 174 1
71 35 1
364 361 1
247 268 1
291 287 1
354 353 1
7 13 1
255 248 1
292 293 1
272 216 1
90 88 1
216 225 1
221 237 1
294 293 1
14 43 1
183 173 1
20 38 1
177 184 1
227 218 1
30 52 1
266 220 1
256 250 1
162 163 1
341 338 1
239 234 1
318 321 1
60 46 1
303 302 1
175 163 1
87 88 1
145 148 1
294 298 1
16 2 1
3 15 1
112 108 1
283 286 1
363 365 1
93 95 1
30 31 1
151 157 1
309 307 1
219 259 1
142 143 1
15 22 1
18 81 1
137 135 1
184 210 1
248 236 1
353 352 1
250 249 1
317 316 1
168 169 1
281 278 1
228 241 1
299 296 1
271 261 1
212 180 1
44 11 1
340 339 1
216 215 1
205 178 1
166 185 1
142 139 1
281 282 1
357 356 1
324 328 1
301 299 1
215 220 1
187 163 1
220 243 1
284 287 1
344 341 1
161 202 1
115 113 1
188 211 1
291 295 1
33 76 1
2 48 1
77 215 1
243 267 1
34 41 1
187 189 1
27 21 1
107 111 1
174 177 1
121 125 1
120 118 1
122 126 1
145 146 1
142 144 1
89 87 1
120 124 1
217 270 1
10 11 1
327 330 1
172 166 1
19 47 1
20 16 1
235 254 1
2 4 1
5 10 1
341 342 1
32 57 1
195 171 1
178 172 1
14 3 1
344 348 1
140 139 1
333 334 1
198 201 1
14 62 1
220 245 1
87 91 1
325 322 1
106 110 1
106 104 1
359 358 1
201 206 1
200 173 1
311 312 1
221 220 1
207 172 1
269 217 1
24 11 1
329 325 1
360 357 1
34 19 1
298 300 1
28 2 1
19 3 1
288 290 1
313 309 1
361 358 1
232 236 1
114 112 1
246 233 1
319 317 1
169 186 1
116 114 1
98 102 1
132 131 1
151 153 1
90 92 1
304 75 1
139 136 1
100 99 1
172 176 1
353 356 1
296 294 1
75 71 1
14 58 1
263 228 1
347 343 1
324 327 1
227 264 1
39 37 1
5 3 1
348 351 1
258 239 1
355 353 1
364 366 1
117 121 1
23 35 1
97 96 1
126 127 1
59 47 1
155 153 1
8 7 1
41 80 1
149 146 1
61 50 1
15 21 1
348 349 1
332 333 1
23 21 1
308 304 1
133 135 1
282 285 1
5 17 1
1 2 1
99 96 1
177 179 1
226 219 1
357 358 1
108 105 1
217 219 1
166 162 1
74 52 1
322 326 1
87 40 1
79 20 1
165 163 1
151 159 1
156 153 1
27 33 1
257 249 1
69 28 1
161 162 1
49 66 1
282 283 1
86 37 1
217 242 1
166 190 1
226 265 1
187 194 1
82 41 1
37 26 1
144 147 1
25 18 1
151 158 1
106 107 1
295 297 1
279 277 1
143 145 1
151 152 1
232 222 1
133 136 1
5 6 1
219 260 1
216 244 1
118 235 1
115 230 1
156 78 1
41 82 1
65 33 1
242 280 1
247 242 1
46 23 1
68 136 1
240 268 1
48 95 1
103 52 1
162 81 1
205 103 1
42 83 1
20 40 1
24 47 1
76 152 1
288 285 1
240 40 1
350 316 1
327 305 1
237 119 1
5 9 1
105 53 1
69 35 1
241 245 1
96 48 1
279 242 1
258 241 1
65 129 1
31 16 1
216 108 1
15 29 1
331 307 1
67 134 1
21 42 1
182 91 1
18 36 1
317 351 1
324 303 1
192 96 1
342 312 1
111 221 1
348 315 1
299 291 1
62 123 1
28 55 1
207 104 1
113 57 1
10 19 1
243 241 1
114 227 1
87 173 1
56 112 1
7 13 1
199 100 1
164 82 1
100 50 1
353 318 1
285 287 1
19 37 1
15 30 1
51 26 1
8 4 1
110 220 1
284 285 1
321 302 1
290 298 1
242 264 1
36 71 1
160 80 1
60 120 1
116 58 1
297 312 1
240 246 1
292 287 1
154 77 1
301 320 1
260 240 1
181 91 1
295 307 1
308 295 1
293 288 1
281 240 1
20 39 1
110 219 1
8 15 1
97 49 1
22 44 1
143 72 1
2 3 1
311 339 1
203 102 1
110 55 1
157 79 1
27 14 1
55 109 1
186 93 1
31 62 1
35 70 1
64 127 1
273 240 1
141 71 1
206 103 1
96 191 1
314 345 1
241 269 1
174 87 1
70 140 1
105 209 1
88 175 1
296 289 1
63 125 1
241 250 1
54 107 1
66 131 1
169 85 1
41 21 1
298 313 1
340 311 1
36 72 1
32 63 1
51 102 1
18 35 1
343 313 1
325 304 1
130 65 1
242 277 1
241 272 1
50 25 1
357 320 1
240 267 1
112 224 1
296 309 1
201 101 1
94 47 1
153 77 1
6 11 1
332 307 1
312 341 1
85 170 1
5 10 1
283 242 1
29 57 1
88 44 1
132 66 1
344 313 1
6 12 1
46 92 1
49 25 1
314 298 1
79 158 1
176 88 1
366 324 1
17 33 1
242 251 1
238 119 1
248 242 1
147 74 1
150 75 1
70 139 1
86 172 1
114 228 1
16 8 1
305 328 1
64 32 1
255 242 1
240 244 1
45 23 1
69 137 1
100 200 1
79 40 1
293 304 1
193 97 1
54 108 1
68 34 1
294 305 1
322 361 1
97 194 1
225 113 1
1 2 1
232 284 1
184 92 1
56 28 1
34 17 1
84 42 1
261 241 1
13 25 1
78 39 1
81 41 1
68 135 1
315 299 1
303 323 1
296 310 1
183 92 1
241 252 1
104 52 1
320 358 1
111 222 1
86 43 1
53 106 1
14 7 1
102 204 1
197 99 1
208 104 1
11 21 1
5 3 1
297 311 1
338 310 1
67 34 1
211 106 1
91 46 1
304 326 1
310 337 1
105 210 1
56 111 1
289 286 1
126 63 1
40 80 1
7 4 1
54 27 1
60 30 1
188 94 1
323 363 1
90 45 1
165 83 1
274 240 1
26 13 1
167 84 1
59 117 1
217 109 1
263 242 1
240 256 1
151 76 1
109 218 1
317 352 1
16 32 1
116 232 1
179 90 1
45 89 1
290 286 1
148 74 1
73 37 1
80 159 1
161 81 1
93 185 1
43 22 1
144 72 1
290 297 1
19 38 1
302 322 1
2 4 1
27 53 1
77 39 1
142 71 1
50 99 1
242 271 1
38 76 1
300 291 1
309 336 1
354 318 1
52 26 1
308 334 1
362 322 1
301 292 1
117 234 1
78 155 1
300 317 1
319 355 1
94 187 1
242 270 1
23 12 1
37 74 1
316 299 1
213 107 1
89 177 1
240 266 1
241 265 1
67 133 1
83 166 1
112 223 1
49 98 1
51 101 1
101 202 1
287 291 1
47 93 1
282 240 1
289 295 1
318 300 1
98 196 1
38 75 1
119 60 1
241 276 1
365 324 1
44 87 1
249 241 1
18 9 1
356 319 1
66 33 1
195 98 1
10 20 1
145 73 1
262 242 1
359 321 1
85 43 1
346 314 1
240 257 1
31 61 1
242 278 1
212 106 1
90 180 1
288 294 1
99 198 1
73 146 1
9 17 1
24 12 1
189 95 1
231 116 1
29 58 1
242 241 1
118 236 1
58 115 1
61 122 1
259 242 1
308 333 1
330 306 1
124 62 1
301 319 1
229 115 1
335 309 1
64 128 1
241 254 1
349 316 1
315 347 1
168 84 1
120 239 1
284 286 1
24 48 1
6 3 1
28 14 1
118 59 1
121 61 1
214 107 1
321 360 1
171 86 1
190 95 1
240 241 1
233 117 1
59 30 1
323 364 1
89 178 1
138 69 1
108 215 1
294 306 1
293 303 1
11 22 1
253 241 1
163 82 1
329 306 1
302 292 1
114 57 1
149 75 1
113 226 1
275 242 1
