1388
233 230 2010117013
466 465 517864445
273 277 468266280
3 33 1876495368
523 525 393728142
1290 1288 964611218
456 453 291234141
1106 862 1491931739
748 752 1273412570
702 706 91665845
1194 862 955991116
1006 863 1683051927
862 1165 1155264346
372 370 1224015059
544 548 667577990
2 148 1198631891
697 695 180190558
359 357 1483512360
863 1149 928594397
1333 1329 1915596238
117 168 1672883317
1167 862 1933011727
1300 1297 84730120
349 346 1607967390
1349 1352 1836350988
244 246 709397059
1244 1240 182125875
13 3 1757893628
346 350 1231993569
263 264 696219639
488 486 516550178
47 293 1776719698
476 473 569082938
473 471 1722956368
161 4 518718589
1241 1245 638809179
296 298 38940766
363 366 1930166907
688 687 561401497
862 1074 920842242
3 102 1295938332
814 815 493436152
1338 1342 1186673885
142 3 1782957915
1378 1380 1181952887
304 300 63836881
626 630 1169737323
1240 1241 326163743
862 1175 1371824641
863 869 1393413442
770 773 935942414
121 2 740802916
589 588 1366644600
281 284 31653419
2 127 734010854
351 354 1033565293
105 4 1256934835
34 4 1828227899
9 2 670083651
599 596 1900560582
1180 864 599010548
838 841 43928626
686 687 1689877554
582 578 160257260
863 1133 365250148
590 591 963885443
333 331 1019970743
445 443 552594325
864 1152 1794324347
1219 862 1619416180
1196 862 602351245
862 1230 124769244
27 3 1479421271
643 641 1385995118
386 387 298409112
745 743 1436605365
567 565 1198728980
643 647 1822464483
1098 862 397928378
579 576 1488754175
863 997 387413682
2 78 897979949
1299 1301 553803761
1275 1272 1018506454
1079 864 1781838498
738 740 1648401225
467 470 1251959693
862 1088 1661565251
507 510 961615205
399 395 280207739
538 541 1287413387
2 39 81986493
862 1048 372885749
744 746 839973673
863 875 1875848935
863 1039 103127983
653 650 854403301
388 387 185898047
885 863 856518925
1224 862 830247134
308 305 767901863
820 819 1422254214
1278 1282 1010418865
1189 862 1600290722
1376 1373 1143232405
189 193 902493016
674 676 988446276
569 571 608253298
74 3 1648651704
805 803 1769306136
344 343 1556371754
1111 863 166265014
1345 1348 1911279931
619 622 1987787600
719 716 1282512566
176 177 825297237
409 410 1298360628
863 930 587649344
32 4 257722277
495 493 338725331
1125 862 1475312974
973 863 633210385
1237 1233 174850262
825 823 1342660032
864 944 1411792889
459 463 416605949
556 560 591200595
270 273 1140311623
689 693 1843144650
94 3 466035829
514 516 1001511675
1204 863 1301745866
1082 862 1098254270
4 118 1990731919
374 377 1885118598
1170 864 1337691824
1086 863 719702305
819 817 201523250
355 353 28879143
970 862 140512205
782 786 854620598
252 255 1410712100
1314 1312 150506159
384 386 1209137086
292 288 1617804802
457 461 1334542276
385 389 1444204692
505 507 1122096063
172 169 809378401
862 1010 1148992700
3 141 1974609494
526 525 1333644681
5 3 58628352
329 331 510350601
863 1220 604747367
107 2 1387092108
862 1002 580733073
269 272 1982415413
396 397 1385821503
1335 1338 1095774282
458 455 738840490
1132 863 1442598099
1270 1273 1243701807
673 672 1044975004
1213 863 1132540927
711 709 1373368430
451 452 686120214
1075 864 791372015
571 573 944385250
3 72 1330819627
80 3 1842815628
1324 1322 989207763
314 311 46542998
538 540 1609476553
864 956 1861354849
1067 862 1533429900
732 731 329776555
817 821 1881464224
86 4 475899561
936 863 1122138850
800 798 199748115
1104 863 722663276
2 164 1357143139
1118 862 1659990791
862 1047 967897828
261 257 1476678697
343 340 1590650978
1081 863 1918199674
707 709 1188835546
334 337 135543840
2 99 1299252255
637 640 227208930
247 249 1118012444
353 357 442398544
1109 864 387906432
565 568 1647690112
204 208 1365920476
2 77 996847072
2 38 874026604
4 100 674869594
557 556 1418703389
764 760 1714972231
862 1197 1416978796
661 664 1811948926
432 429 685347733
864 1018 929760981
1099 864 564324960
730 727 1282986627
812 816 1378310332
861 859 1390187949
412 411 1633891215
258 259 904235588
263 266 57814499
369 371 569129646
862 1097 922765326
31 2 1649979737
863 1150 899608083
701 699 369903562
1345 1349 1474346180
1355 1352 1264485436
1100 864 251841291
1209 864 320290549
864 923 1573132958
2 154 1710432168
237 235 1005268938
1384 1382 732694811
788 787 1363455050
881 864 1820840256
512 513 617449707
279 290 1044454607
421 425 1454067213
502 506 521317838
1235 1236 852672925
863 1156 1040584206
1260 1264 1061074819
334 331 143864161
358 356 91613833
25 3 686159324
364 362 71728297
297 296 1170061821
1320 1322 717360852
4 28 1426605291
413 414 1672697183
1096 864 1933386002
169 170 673849001
864 1218 103208312
133 2 1792472314
862 908 754280471
1326 1324 547745062
859 855 735512307
1263 1266 1201574759
767 771 811574455
282 288 218840107
1105 862 1075558520
863 883 594284490
411 415 1201033945
863 1140 1905761333
1350 1353 1094912172
436 434 617318651
756 755 1424613569
203 207 370035698
1234 1233 1879310894
845 846 1235205556
1012 862 646498979
1286 1283 2010680485
1130 862 1535134880
282 287 58013928
177 181 208010680
1283 1285 1251822963
518 519 1549509480
538 537 568441001
862 1072 1165654804
396 394 502606831
685 683 928927260
862 1090 149863411
54 2 470476612
553 552 1403172311
129 3 1538463921
509 512 1666583652
862 958 1351643654
247 243 1677926271
2 166 975542358
223 226 92006207
863 932 434193621
759 761 1571446143
670 674 743295901
971 863 1850437182
891 864 1769351269
863 946 266201040
1120 862 408862827
184 186 873862587
594 597 1937241312
183 184 1452157023
1076 863 172200888
863 886 641391917
1257 1260 311738779
1092 862 1201184503
863 949 897293612
1231 863 1435392590
721 720 1596877366
862 1007 866667414
232 228 925378048
863 1070 1148683585
802 806 1182642391
1013 864 453327963
359 361 364271591
1326 1329 1274701815
864 1139 1354209417
347 345 1359035449
108 2 680672546
623 620 764580314
12 3 393186072
862 1136 692446011
202 204 714658804
744 747 581165065
3 87 1099149196
235 231 1673868316
648 651 1250179254
575 571 774798846
1187 862 1801186136
2 85 1208081060
862 1228 1385899620
483 486 1594650537
528 529 185403552
863 1054 394629678
650 646 165437756
518 520 1408666350
610 606 205621302
862 1232 922072093
833 834 278944324
280 291 1875611446
546 542 237429486
88 2 273792034
821 823 859267209
36 2 1092040162
442 443 1113677974
681 684 1452649908
417 419 1600254236
143 2 1057232926
1126 862 744410503
580 577 628123609
749 747 601195920
2 137 820638747
399 402 646197563
1365 1362 1706094821
523 520 343806480
368 364 518197771
1308 1312 532788416
771 772 1246637
1101 864 685733102
135 4 797269002
626 622 1465609034
1284 1288 876182923
768 765 1329533057
150 3 328140975
482 485 697185698
863 1174 1424203392
1089 864 180903312
412 416 1076040353
730 733 80997064
863 994 1727328135
828 831 1967718028
862 993 1814848042
827 830 675808589
315 317 966994910
174 173 1045645732
236 240 2009803173
280 283 1511778133
254 253 344841227
797 795 943009511
858 854 987194441
587 590 278038364
915 863 909972742
583 587 620242127
583 585 45934907
841 843 1658994263
1011 863 778785063
2 116 1875325697
863 985 15035914
51 3 258631391
323 319 210079496
827 826 370537088
387 391 1349689352
1102 862 1801847666
862 1113 1770379078
737 733 1211861093
793 790 43469590
495 499 512557069
126 3 424443434
984 862 1405758022
497 495 567964659
139 2 1871150658
221 224 1553953747
864 957 478032311
729 726 1569239247
863 1148 334774159
4 16 560070242
780 779 1160200300
110 3 1786039797
1325 1321 1305777165
705 704 179284805
561 562 1991694103
633 635 446442013
862 1192 1219780530
1119 862 402284323
3 81 1039750788
696 699 105744652
535 537 918994060
1373 1377 1210325124
3 144 1552964206
543 541 792362276
1304 1308 1563843144
863 1001 886446035
2 93 980557255
864 1127 1138818138
603 606 907037937
1135 864 453681490
1091 862 1033922119
1248 1249 84004181
4 23 1849768230
855 857 1214863020
230 231 1888218329
863 924 89935963
731 727 719152149
1367 1371 397113236
628 631 1883315296
3 20 2000442168
203 199 54729338
674 677 1097993719
641 642 1070831672
585 586 978905472
367 366 470060456
862 1178 235371620
1247 1245 1303282292
864 1233 934213491
473 475 48786997
1057 863 1709185904
481 480 1696819093
61 3 1368272706
1257 1258 834807191
753 749 1821657176
220 219 625737927
593 592 1688642027
836 833 454924169
337 340 1647614506
1287 1283 900137017
1200 864 637776534
455 457 531807868
755 754 2006398575
690 686 113993607
438 440 960636964
1303 1306 835077854
1371 1372 409909838
3 69 1452006829
738 742 1246462877
294 295 1700899058
863 1168 954822527
1246 1245 1300075913
1311 1309 1913588973
1290 1291 1807295122
156 3 1212508594
863 1041 786404218
817 816 472259754
4 91 501870088
2 104 1895156562
362 363 140190617
772 774 1291787704
1256 1254 1259785492
1179 864 1523606812
863 1046 693570053
863 1087 1843760280
831 833 1821796523
414 418 1516722670
1145 864 1610992534
518 517 729051992
627 625 1024126874
682 678 1796965040
271 268 1367019034
1381 1385 267441733
299 302 994984637
1059 862 995380858
221 218 16871455
758 759 322815337
1015 862 1067139424
1371 1374 1259061572
162 2 64126618
864 1153 751500183
413 409 605691986
431 430 522199672
864 1223 1758379546
863 1214 1264984388
83 3 1858427120
959 863 511902272
3 90 351680168
862 917 1821380657
864 1112 1784539844
528 532 1232291083
2 146 598013258
1181 863 788635061
476 480 1928412513
945 862 233396255
1313 1316 445812436
514 511 1149835217
442 440 653952159
477 475 325625549
1334 1336 206578795
617 619 909170542
1330 1328 1447430805
243 240 470259213
46 4 967697846
492 489 1574967380
109 2 1675348132
1380 1383 1419834813
862 1160 1750928655
212 213 472457793
788 791 1234528357
1085 862 936459291
1147 863 1309762381
1270 1269 886200262
864 892 1069090554
246 248 1997272670
864 1063 1306870982
238 236 1034098108
601 598 314151300
208 211 444766246
1251 1254 1166945425
862 995 802595282
1154 864 771968891
3 67 219924531
1017 862 274848111
1033 864 220857980
661 658 508350324
633 630 1569996916
863 980 469230874
862 859 1713859865
1240 1236 1836361114
229 230 13101551
863 1056 802257001
3 124 1149491778
211 214 1765134780
868 863 1038020052
128 3 1227240414
789 785 1266029046
1372 1373 1347129138
45 3 975920358
218 214 304944837
862 1004 890485822
765 769 1215782149
679 675 2005457407
643 645 1736837608
763 759 1688535666
864 1077 1012392608
439 437 738824169
1268 1266 1068243815
215 212 1010059893
979 863 1970546087
862 1217 1001299795
4 62 801276650
551 548 1321852060
615 618 405775485
2 7 1600713073
656 652 549151457
863 969 1290628025
4 145 88814947
631 634 1205542710
1182 862 587323766
322 318 340144686
862 1155 843006634
620 617 1493862346
964 863 1439510979
422 420 1515147687
863 955 372051139
1166 864 830782202
425 426 2010317562
296 294 98050288
863 1161 624650655
378 382 1132189664
1009 862 1529728698
245 243 30647815
864 1043 913654195
696 700 1403586851
464 462 239811203
614 616 647776327
864 947 211815201
1195 862 1615266014
11 3 794733097
659 660 1360666720
637 638 522835005
1134 864 2002795258
451 450 1367759836
864 916 438388982
21 2 1943646158
862 867 1948781321
1360 1358 1103063564
216 213 1605222685
1339 1337 331817775
782 780 1849767883
332 328 564253475
1325 1328 340270741
622 624 110304824
628 626 1920331992
1340 1341 550423015
1323 1319 12370669
4 52 1635470475
863 880 1159222793
623 625 805897221
863 999 232103979
903 864 1790657011
558 555 927979959
95 3 1628031022
1190 863 592161501
305 307 1855275237
1364 1361 954684946
4 14 1621824200
187 183 1897757204
160 3 1319461447
4 66 1480234256
181 185 1352087782
889 864 253610005
649 647 1278874066
788 792 305139881
1023 862 1839950419
507 508 419279293
1159 864 175790938
863 1191 289650097
1239 1243 1923353997
863 1000 1039446558
3 111 502688160
863 1028 1436372635
356 360 1533839430
1254 1257 1910373686
376 375 328181151
686 684 1523435593
1236 1238 48302798
1342 1346 873265328
1083 863 2358163
696 694 1081549797
1265 1263 469020960
1364 1367 750872358
1069 863 2011979927
807 803 1444799470
1284 1283 190367290
862 1176 1876935886
608 605 211568236
1122 863 1504392252
244 240 1590894597
1262 1261 674314812
700 704 1395210421
1225 862 1738508930
691 695 85960858
50 3 1190472457
328 325 564485797
864 898 1774555832
613 611 1139427183
1037 863 1804525556
863 1188 783369901
894 862 777495537
427 425 1338209111
305 306 1848823274
430 428 1904209332
199 196 101699751
464 468 1926392341
2 44 1216880404
497 500 589574875
175 173 1016626064
309 312 1437473091
756 760 1708969337
233 236 395790082
585 588 1858920401
574 577 1960375340
63 3 85815417
862 1050 839076149
862 1208 1413434162
548 552 520014768
29 4 1824848914
1304 1303 1922711490
404 401 610290444
707 710 1413935361
532 536 1472331640
601 605 526315751
730 734 449974829
864 1138 393343771
4 56 1993826389
2 18 1276011010
482 483 1987390059
1316 1319 884202244
355 356 1854107340
393 392 1297343713
53 4 1340689862
826 823 1434183815
131 4 1047278044
122 2 857217117
391 395 1264592713
465 464 1281893408
781 779 1454054843
1295 1292 688414683
1084 862 347272138
584 580 669997081
1142 863 295589139
863 954 1556161172
197 194 1207607417
530 531 1697242482
1302 1299 1375387656
920 864 702937442
815 818 1182952580
939 864 319379177
862 1044 602804359
686 689 268668431
862 1049 2015980634
281 279 1644776505
382 384 1600895841
311 308 889516758
1258 1259 4111909
2 130 1318232402
975 863 1005335883
351 348 1272989355
57 3 394088917
1281 1279 113598843
1245 1248 883445439
972 863 1929597417
850 849 1758176243
1340 1336 1413813633
1239 1236 444835074
190 187 1503615869
270 266 786117043
303 302 1768408473
391 394 254249345
462 458 794263311
1279 1280 12322498
1362 1360 1487691098
423 424 1997723179
250 252 1435420657
451 455 678278580
472 470 88530225
736 739 1864438064
1226 863 1561470629
796 793 680416867
191 194 1782517302
507 511 986221436
1310 1309 1109806936
811 807 1482110864
89 3 940468604
862 1227 1916953935
863 991 774399720
862 987 168989126
862 965 829528882
189 185 1501659153
665 663 1744677667
306 310 54462359
1141 863 1156951782
531 533 171964734
654 658 1049590645
424 428 352260663
534 530 1057171221
3 96 1568050592
1137 863 451390384
863 1129 1005777828
76 3 364114524
115 2 202963275
813 809 434810897
593 596 1745374785
1124 864 1411817999
224 227 771631401
707 706 808219880
259 262 536997083
933 863 1169188966
710 713 1470231221
1341 1344 1342775216
496 498 666830496
702 700 1743446945
378 381 1007233408
864 988 787820866
602 604 30401826
862 1036 330008614
564 565 1179157276
583 579 231747512
1307 1306 1381500305
454 452 775295804
790 789 846820516
863 906 375487376
1143 864 356181813
744 741 1565279743
405 403 1748725415
1262 1263 1148724781
4 138 110800378
863 866 1020773109
839 835 80680044
967 863 1758991324
795 794 499982201
1330 1332 697177395
698 695 623047916
15 2 1986425944
1345 1344 1411436203
901 862 503183726
561 563 1829168833
47 3 917979817
1375 1379 986232581
838 834 1746493210
40 3 1189854604
611 612 1780419632
374 373 839979056
338 341 1726816238
1163 863 877685886
103 2 412016931
751 749 1418398636
459 458 291034739
252 256 1259778537
572 574 1940753082
2 120 1373580084
822 824 764778151
438 437 329496885
847 846 550183644
914 862 1345534437
1361 1360 1357394264
3 35 1658357119
1114 863 405803104
6 3 1875675184
1055 863 202093906
1376 1378 1202600504
864 873 1114814490
1297 1298 1354957895
283 286 795677780
725 728 1433441594
941 863 1423529801
671 667 876911016
862 1185 314397847
519 521 1563603991
1094 864 1205899176
862 989 1153643860
862 937 2003553907
1317 1318 1405324433
68 3 192103415
153 3 846385418
544 542 972865871
43 3 629340156
155 2 1144717568
1093 863 924673099
1320 1318 1987054647
255 257 1895327380
809 808 1949273747
864 876 317217457
378 374 1705380938
469 467 1207133603
187 188 79319611
279 282 1741583420
398 395 1333949254
862 921 1497209588
1035 862 322598538
704 708 1681895932
570 566 657319398
864 1060 530526772
1238 1242 1911113828
418 420 1831869583
664 668 1211858538
1356 1352 785678693
4 112 1024200306
862 981 555630596
863 938 1945897334
443 446 671533744
266 269 956460890
82 3 792047588
1324 1327 280064090
657 654 1096156997
151 3 361669660
132 3 682981577
1222 863 1366375505
1383 1386 1892706909
256 260 396533647
158 2 147525382
390 389 343966825
313 315 801939998
479 478 628323648
2 24 1655085104
899 862 40012086
862 884 855400308
337 338 493570036
408 409 685306439
748 747 1154866150
1068 864 856749770
480 482 1808641852
863 1116 879684773
58 4 1116712091
782 785 1114118799
1297 1294 270363641
191 192 459403801
267 266 1693710548
1073 863 1411627061
1321 1317 212276247
909 864 1168920935
862 1205 1774119721
1359 1355 1525616388
251 253 949131090
864 1203 489546329
864 1045 498564514
637 639 1041841216
918 864 309310790
478 474 397893960
862 1212 638890675
636 632 87054912
4 147 1580746493
593 595 1436216430
1282 1283 571543746
929 863 1079426705
863 962 281833758
265 264 826253025
448 447 1183155718
365 364 136849697
1333 1337 1362934519
977 863 1183242223
497 501 807597234
524 527 1956449440
864 1128 10525224
1387 1385 107860944
862 963 329949365
4 59 1093675703
667 663 359358032
862 864 1676677157
862 1103 918384425
1277 1276 1877764426
276 275 950085494
445 449 168514454
397 400 1542729663
370 373 167003389
862 905 1916164271
1183 862 905712882
828 829 1916769666
763 767 1793572636
783 782 805670485
1207 863 1375054139
863 919 1569157
3 159 319338062
1038 864 1691520184
405 408 1909631785
1343 1347 994289955
1210 862 823033735
860 857 2001897205
703 700 67788875
800 802 1088391748
1308 1309 1353931767
226 228 1331443245
322 325 1043123373
2 152 1955402344
1186 863 1260428032
765 761 668830598
2 113 777171620
55 2 1619617889
420 421 596652659
982 863 1994063115
863 1034 1980834517
863 922 112693590
384 385 354444911
850 851 1988608751
576 575 915945944
864 1123 388902951
983 863 591698170
1250 1248 538787815
1272 1268 772030292
992 863 458292927
3 19 343398433
97 4 820267603
300 297 1339080641
1199 862 594210397
911 862 1760772404
864 1198 774983116
770 766 140719259
230 234 1822475014
482 484 928948800
864 996 667960786
4 65 1150496605
863 1201 967072172
1317 1315 1762589840
781 784 1120793625
210 206 724213745
183 181 386618412
319 317 1354822096
37 4 347056559
285 282 356287705
447 443 1292175580
195 198 1952650965
966 863 1163079395
724 722 623134557
864 943 1326520078
864 1008 135707135
948 862 398869681
195 196 1409155545
492 494 1662650624
368 369 483277207
864 1115 648303562
592 591 1318499299
864 927 823779167
328 330 1311284531
1296 1294 1437687477
372 375 1123778649
910 862 96962148
1358 1357 1149737120
1235 1233 1136182988
888 862 1036585555
359 362 795852429
250 247 1882504560
882 863 73821337
258 255 520204135
1293 1292 160621156
799 798 1043072982
1343 1339 1784801263
862 1031 1982026255
862 1032 1328758588
797 801 1360608181
289 287 842434343
1169 864 1472196716
202 198 1558345059
556 553 4205511
225 222 925565881
1363 1362 1988604150
801 804 251846709
569 566 1591514820
1366 1368 1184287343
345 344 1743644206
862 1024 1089778175
204 205 927286538
199 201 278050156
1269 1266 56520100
1270 1271 1531676617
864 1216 1888214018
863 870 961465178
527 528 1230008704
863 900 6610141
278 280 655737688
550 547 544576425
1292 1290 46242361
862 1052 896931232
1164 862 1330620245
617 614 1537658373
1030 864 315431944
1289 1288 30838007
689 691 1333013359
766 765 1869291752
879 864 1305125676
838 842 1889504204
407 406 1432413921
716 718 631370542
854 856 75995229
125 2 1977636193
483 487 1791422255
505 501 1200020519
864 961 1410445663
775 774 1113015896
862 942 1554281362
896 862 161436884
1003 863 1065969279
515 514 1361116819
397 401 1302045428
864 887 642871487
804 808 91478354
229 227 854619180
1221 864 53229934
862 907 684855332
3 42 1052950595
934 864 2374946
864 1078 829721500
824 828 949773105
755 757 555482934
1375 1372 523428504
490 487 804187184
692 690 207517796
862 1080 1199291790
191 190 779233125
733 735 212929553
862 998 1220506271
719 723 834279161
639 641 1492930137
643 644 887849671
864 1131 1999896108
670 666 240407682
931 864 293909565
864 878 615028660
694 690 1563400185
620 621 1671955157
777 773 235817488
720 722 757554366
1025 864 319697302
1066 863 1388753952
140 2 612304693
535 534 1599235517
904 864 2013824015
4 149 2013903736
862 1173 1364736026
437 435 1767908207
1382 1379 1945689786
4 71 194870020
863 928 1905619351
1121 862 1374070400
1388 1384 30914361
474 471 1450151021
864 1108 175705793
1117 863 1998834920
353 349 899906691
537 539 493555859
772 776 627996143
862 1020 171805610
1348 1350 1303095352
176 178 1743096581
757 758 1291688944
434 431 1312311032
1026 864 324692770
662 658 470978776
1110 864 395450953
206 203 1059062243
471 468 867793267
136 2 237871601
862 1211 979201988
493 496 982281797
1300 1303 539618762
1331 1327 1995424404
304 305 1192231262
863 1202 1810999864
1369 1368 1450938533
26 4 511803897
1335 1333 320544276
711 715 255826442
262 263 58021104
489 488 783599723
3 73 1501684561
950 862 1894568926
321 319 277837616
836 840 1320908491
862 1171 218920748
682 683 51890673
864 935 1291894931
1157 863 623882553
862 1065 1132476034
318 315 876576779
518 522 954764765
458 460 1546196010
165 173 397586023
543 547 1091745433
4 10 1045569843
863 913 1458465192
863 872 505058002
278 279 539562123
1266 1267 1076745412
863 865 440532097
407 411 585533865
594 598 1811287919
581 577 65230759
205 209 766190856
1364 1366 1677263313
1215 864 942369253
750 749 1711746754
714 710 1237801928
298 299 396972390
467 465 289674870
837 835 1498248311
541 542 912905224
4 114 395078451
333 335 1531623190
211 212 1398426674
1177 862 1151720267
268 267 1200015882
517 516 987606093
864 1062 1771361327
1042 863 915795804
925 862 347284691
796 798 954770334
2 79 1651059065
864 1016 628479668
862 1193 1820888086
806 810 1625105861
175 176 600152237
845 842 1985493796
416 417 1728832857
678 675 1095094473
727 725 1475749711
91 278 389325666
1253 1255 1577345644
676 680 810781813
864 986 499414344
370 369 1162102430
849 853 394276406
629 628 1718272551
718 720 70152892
864 1027 496303677
1021 864 1192246286
530 526 538532938
863 1051 687121572
862 1022 1237316310
348 345 1816624187
219 216 254470267
41 3 1135004422
1313 1311 722926927
572 568 1598512266
864 1107 1258413372
563 564 982605926
652 648 1673913515
239 236 596406238
501 503 779965200
1278 1277 1918274368
293 294 938202275
157 4 1150452131
552 554 1788406358
3 17 484649791
106 3 332054905
890 864 1632459658
560 561 1853172765
242 238 538345471
725 726 1800718992
559 555 67352854
490 491 1361419555
1349 1351 1622685705
168 169 959577058
736 738 554881375
547 549 1839094884
1332 1334 287786495
848 844 427178966
1294 1290 88986409
742 743 321318963
1144 863 683655012
1370 1367 890313182
762 761 1678380551
717 716 1450544303
389 392 1995986554
119 3 92809464
862 902 1747516825
862 893 1428802207
98 2 704744294
863 974 1595169452
214 217 1995347586
864 990 736437402
4 49 1158473586
309 306 1102448002
862 1061 1988349892
863 960 1154968316
1229 862 360001054
274 272 265428117
4 8 922915924
864 1158 714620791
441 440 1920118005
864 1184 1968491271
179 175 1166579585
381 383 1884741333
897 864 52281637
434 435 1741314161
656 659 30455862
543 545 179953617
4 92 1942501529
48 2 1517619407
343 346 867387512
22 3 524403231
552 555 168395694
842 844 966245112
1351 1354 947521454
832 835 518243514
864 1095 880522071
275 273 451551116
1357 1354 960067628
674 675 1449019275
1274 1273 30270582
350 352 337079333
895 863 809793970
1206 862 1108736573
677 681 622720857
645 646 334238548
778 776 421261337
380 379 1920498760
316 313 422037828
1261 1257 578039532
336 335 1046555539
812 810 317799211
612 614 1833519600
863 862 411558649
862 1151 1824493909
862 1071 43470049
663 661 1508662349
1019 864 1779449499
778 779 1751986826
672 671 221752296
501 502 397561567
327 324 1278276675
863 968 685331972
64 2 1962539676
599 603 1679929814
3 123 1476616448
4 75 370645217
600 602 300307106
863 1053 113865447
863 953 350044959
1146 862 877995643
4 2 381034777
167 4 398078179
1299 1296 1042802257
862 952 659549570
863 871 1335676929
200 198 1935820373
652 655 935370881
609 605 752766798
951 863 1824218536
84 2 1376647433
864 1064 1489751112
648 645 562359997
378 379 466960241
864 978 378971758
976 864 1264293883
862 874 1571070546
736 732 1327565949
578 577 854431630
854 852 1693304767
182 180 1907680867
810 814 1579834578
1274 1276 1086705757
318 320 1858583778
855 852 761982828
3 2 1026873966
1172 863 1694739818
669 667 1043719374
169 171 683556882
1252 1249 1652692900
863 940 399398245
1249 1251 546885723
725 723 1340928097
165 4 590593453
1014 862 65569654
2 134 228265930
651 654 1784511221
222 220 1076746671
829 832 1895549681
223 219 690465764
594 592 906706150
665 666 349273028
848 852 681958689
419 423 1632707131
803 799 1356937781
738 741 1595915812
336 339 1269868285
609 611 1938120583
440 444 655097842
1058 864 1393598602
792 794 1041437469
633 637 1004277441
1312 1315 1324410247
615 614 887548833
715 716 657341392
863 912 1601645072
195 192 503991240
632 628 1835640608
342 341 1171799536
597 600 1349983475
1378 1381 1093966959
502 504 820027605
863 1040 953082004
1251 1253 945292811
326 323 490433680
862 877 736968746
429 426 275172300
1029 864 1966299504
751 754 298632532
329 326 1545399049
605 607 1792294665
563 566 35683511
926 864 1145477449
1005 863 613063827
101 4 835481755
509 508 1435296603
70 3 785673806
787 784 1633260222
324 323 1145076064
431 433 2008118309
238 241 467416655
3 163 1235749176
4 30 1249616231
403 406 820451984
493 490 916438293
521 524 1138417405
313 310 836565416
448 450 32820844
301 300 19622033
403 402 643639932
179 180 397592091
822 821 1768829761
1162 862 38809742
251 248 994376815
117 2 1779147117
1278 1279 982954293
453 451 1898160934
2 1 1154746909
849 845 1739812929
1305 1301 1671411786
710 712 1032708056
2 60 21953854
1234 812 1910619412
272 3 1614402492
670 4 1685893646
4 5 1417665638
1004 813 87725499
812 1244 741940727
4 639 718249573
813 1043 470709091
297 2 584301016
1105 813 1306726476
98 3 1634104894
822 811 292257407
811 1146 576551597
319 4 60627052
812 1198 1903927004
2 527 712069644
943 813 1525920156
338 3 1297398847
8 4 506156195
2 30 1575665895
786 785 1393905038
813 1302 919369824
811 941 1260385643
97 2 1140337387
807 803 1172869307
562 3 1836120408
813 1205 438330632
872 813 199279630
971 812 1364266267
751 752 454273668
811 1027 737433467
869 811 1964127025
219 4 953035900
813 1084 212663854
366 4 860488831
1331 813 796132578
1070 812 88932371
3 347 1921896043
90 3 253294721
357 3 1357873055
1183 811 162818574
850 812 964742944
1031 811 1784137772
1134 813 162889495
2 107 277177233
466 4 1600666142
601 2 1183481209
308 4 2004316846
4 203 1323204141
2 375 936154737
295 2 559718421
647 4 1141799236
491 3 1897902976
779 777 393614654
193 2 247331142
536 4 1966673238
468 4 644193587
3 206 374160669
1018 812 696522842
1131 812 1766804332
2 384 1715289857
3 151 267007060
123 2 534247627
248 2 1450769292
359 4 2011644190
811 982 829115501
290 4 1088393834
628 4 432389025
2 205 274103083
811 1102 1436741544
752 754 1913669211
813 1348 967439104
2 361 1169325682
664 4 1343660009
581 3 1028586622
487 3 1087627633
813 1130 1669718834
2 73 265574047
813 1184 1528400866
1153 812 808110200
3 140 1374825377
1314 813 895125139
4 689 1812591760
426 3 435499512
3 133 1554785215
2 282 472602950
1157 813 865557562
812 1249 924624450
811 995 341733996
1242 812 1946438059
1305 813 568500554
1387 811 973817744
813 1154 181526405
939 813 1845949834
32 4 194013829
813 1100 1408540496
811 1133 1740685121
4 208 912654336
813 1312 1299168537
247 4 1747239434
2 78 1443364796
1185 813 760861051
1014 813 1170986879
811 969 83486179
1283 813 1417132196
812 1340 1011475318
108 2 1547516615
831 811 1122161453
1338 811 1504582199
813 964 1968201400
882 812 1814216911
3 175 344939279
925 812 1418869492
934 812 1732652417
105 3 1977349558
4 469 88756004
2 7 449465245
812 962 853179427
733 734 576748973
4 293 1557464034
11 2 484103794
2 476 1395850091
908 811 1846458906
233 2 1378291281
813 972 1054050202
840 813 99175791
4 23 1006518986
1181 813 434134575
609 4 771285396
704 700 1110884428
492 2 1972797826
1218 812 666795254
2 18 1864343256
2 269 664386773
329 3 1016802980
606 4 1126898504
381 2 820932330
253 4 585684043
2 470 833366890
697 699 1935981290
4 274 931500619
811 1120 760648490
1110 811 66324978
263 4 1922808922
1151 811 1262216930
1083 813 1664701811
1096 813 201398841
716 712 901244279
4 132 363151850
876 813 1504306920
1350 813 1769347029
2 228 536391630
4 244 515712873
213 2 141925852
3 29 1504215902
62 3 1736756659
2 170 226990009
267 4 85548747
3 416 633440817
812 900 1014331715
744 743 372078532
252 2 1385025665
454 3 435516832
856 811 514700414
813 819 2011611594
739 738 1827712068
9 4 618929781
1282 812 351869542
448 3 1180805884
564 4 739205109
2 662 1724157497
813 888 1300995914
812 1009 1890956277
812 1121 288242474
2 92 676622546
611 3 998590096
912 813 265681852
812 950 479919457
3 449 1551327226
1191 813 663297293
613 2 1904180504
3 646 658381697
520 2 1951479278
580 2 979937173
1260 812 470179066
275 4 1816319179
4 480 1062274149
811 1008 1322380793
796 797 1307659847
812 1386 114094118
686 2 323803180
225 4 1263257973
811 880 920976751
1322 813 1753967986
830 812 1095862721
3 24 452849473
812 1062 94919090
1082 811 560029143
770 769 32541660
813 1118 102093799
313 3 1867645503
813 1200 1473248008
1036 812 588739642
394 4 1351811111
811 826 1499888770
3 82 801460830
437 4 1741405830
4 423 251153540
106 4 888407380
812 1337 1006883755
465 2 1877593469
1078 812 1810792583
232 2 1295566657
261 2 1483059669
789 791 1170625481
148 4 1742207161
1095 813 531519081
977 811 1912586298
4 435 345793910
780 784 1585023753
326 3 956316048
712 708 1866087956
699 702 1130063754
1334 812 419934399
259 3 1237953215
714 713 522906210
975 811 716226616
812 1064 1214319658
813 968 639957306
560 3 601703774
812 837 1947122437
3 355 1792638770
811 1051 859191918
600 3 742699772
137 2 2007118215
708 709 538653288
4 322 1279015226
685 4 977351462
3 309 168527633
813 1030 787311172
74 3 996350090
393 4 1453326176
1292 813 715728328
2 568 202801152
1204 811 650869146
47 4 1139710693
249 4 1496746551
812 1381 951016537
553 4 948910860
417 2 1499603325
3 615 617817314
811 965 1237688981
4 70 553145757
2 657 826942132
1316 811 1246504389
46 3 1199992706
2 19 267498004
2 638 963883208
13 2 1579285756
1207 813 641461718
743 739 1540264220
3 603 1150728295
811 1371 377833207
4 668 611462885
729 732 248584370
3 102 1882469029
813 1141 1422046757
223 4 1196874767
813 886 1076900446
1349 811 168617378
1352 811 129865392
1224 811 442623940
719 716 100069379
813 1066 609319904
812 1325 1514752893
813 1219 1511842653
3 185 323871558
2 188 1004854368
2 556 1074726533
360 4 1275860892
500 4 1656044135
590 2 1110247398
812 1178 1343870067
51 3 1021165640
163 3 826230881
961 812 556049411
410 3 134379344
813 1265 449567714
811 1360 1573298485
2 34 1762621743
903 811 434762870
1345 812 1986266460
813 1366 678193415
183 4 1032374887
236 3 631098534
812 947 1113603672
669 4 776709282
1116 813 461643392
192 3 76717087
902 813 1980634988
863 813 1363025868
4 284 133444867
2 86 1242957296
811 1225 1458674572
3 433 1226002385
2 446 769531770
344 2 592008950
3 431 1130621532
1319 812 1271169314
3 369 1084766557
531 2 98816215
187 2 1945929871
812 1053 1330973458
733 736 102561255
813 990 883953400
538 2 637238777
119 2 1885478991
577 4 1916915873
812 1002 228171748
3 583 980134034
883 813 309487978
4 142 830728348
1032 813 17640549
813 1221 1832290450
3 109 312839269
444 3 1520638679
2 340 827453004
812 1194 736744581
3 324 230169056
1384 813 633288135
234 2 1368711122
813 1293 1263410635
1046 813 41995704
923 813 1651127052
3 4 1073705374
667 3 1267092662
1290 811 278521783
450 3 1934603086
1306 811 465609783
907 811 1222284758
3 281 1943495393
298 4 689098436
215 4 430938249
2 83 2008696544
342 2 606749267
812 1379 1198138533
3 675 252638181
812 1176 892384165
306 4 1464123070
811 944 1775638267
2 479 523019507
440 3 967615307
264 2 1416219572
528 2 693724434
1333 812 704536898
754 756 166555160
543 4 904905954
271 2 1616948698
146 4 987806450
812 917 1846713375
311 2 1969782098
257 2 1055916952
721 719 410560539
1369 811 731148766
2 550 1813647023
812 1258 1016040560
551 2 779204077
802 800 1391104012
4 434 1050895182
2 157 816831065
3 55 957769287
1166 813 204765877
738 735 377181437
2 304 1129392948
764 766 535568094
1364 813 278064587
937 812 188314674
813 1239 699775866
645 2 920716653
812 1112 33249549
1278 811 1253233802
938 812 71319773
812 1248 2009467712
1090 812 1851380433
726 730 1061580814
3 658 114592232
976 813 884575638
2 507 2012657390
879 813 1958264846
812 1147 1570847001
1077 813 1874581026
473 4 1315085920
457 3 820575917
1342 812 595792237
1189 811 1510315673
812 845 1824002942
653 2 1684808144
3 301 140474920
3 489 1696828397
4 150 1243518819
2 136 1358639053
812 1124 506293739
814 813 1581530419
67 3 1525186509
812 1163 1690300644
1060 811 632932977
2 100 341226466
812 1315 1215738808
4 265 1898172749
1378 813 157878691
746 742 362591376
812 1136 1628448070
4 691 513955664
3 392 714964319
999 812 1589741035
2 79 112945009
812 1223 277811967
513 2 73209565
721 722 252121426
813 1341 1090647391
2 162 1056237299
3 331 1828686532
519 695 1194782149
540 3 971767140
1299 813 1440804994
285 2 1338121148
3 173 949887653
3 422 534415711
811 1266 550918097
710 709 1567912742
4 385 169142186
813 1188 54501431
811 1149 437655676
191 3 860660771
785 781 717785729
812 1212 241187231
728 731 850264398
811 1361 1062451244
813 1168 114297170
2 578 251321156
813 1355 1084789830
512 2 1654838702
832 813 163981646
1327 811 961458352
4 64 471409924
993 812 1023457731
2 690 1038284200
99 2 1048254071
53 2 841327752
812 1214 1389578010
4 587 799932614
2 158 1434036982
846 812 1527248651
905 812 938405855
787 784 517616198
1045 813 768928441
442 4 1690301441
3 174 369150031
812 910 489963820
2 16 30074946
3 52 383770104
160 4 50907667
458 2 381914047
26 4 377058766
692 2 1213252127
363 2 153612734
644 4 1384631041
772 770 114071954
1138 811 1041309160
2 54 1345318868
3 485 208839648
4 382 651062545
117 2 368733291
929 812 384447637
207 2 517205555
1261 812 702544120
708 704 1575317231
239 4 1683514926
2 498 518475684
812 1007 943217359
760 764 1199040360
404 2 1629643662
72 2 579757411
1335 813 1150464731
812 1087 674450188
789 786 1901860974
812 1297 541374030
3 15 1203501048
2 510 1642046559
1073 812 533342798
4 335 2005287357
4 230 319950129
811 1161 1367389758
548 2 714575274
718 720 1427382880
345 4 1236501363
652 2 1121569076
1117 813 1027211834
383 2 752611933
1059 812 121181643
811 893 1269176301
1119 812 55820803
1250 813 791328628
1294 812 1310548970
1044 811 1075168548
811 866 1020768974
4 122 956429942
4 482 999925558
28 4 1751230452
813 885 821328037
813 1318 1885161846
3 50 93068959
922 811 192838981
812 988 731158719
4 430 1923243303
838 813 1974122791
4 516 886513782
2 10 846207176
813 1320 275964578
3 486 1242986103
3 665 1251573086
1286 813 905881637
41 2 43881482
1173 812 1218090532
4 356 943404613
843 811 476216044
455 4 1850527419
1075 811 32033285
632 3 1271118714
813 1372 1165958474
2 168 1800443832
508 2 1891846972
49 4 1045301130
705 701 611566616
926 811 1125991410
3 368 1878351174
2 684 938709528
2 687 945159394
812 1186 125743007
1113 813 1036832279
93 2 1329992324
3 661 1593154833
1210 812 1641982496
811 1229 592152473
4 184 1415818299
812 1006 1596748261
813 1101 883856371
1162 813 1608330578
2 42 1428249209
3 592 2002781802
3 302 1293607311
1170 813 1549960150
827 811 663268107
3 557 265203349
1354 811 401524975
803 804 2007686663
2 406 1434262774
811 919 22404439
811 1310 1630375822
3 582 1592451517
154 4 1201889738
4 152 110067931
774 777 1277836140
812 1367 1360404787
813 1203 847802054
790 788 140256229
1226 811 1919549956
1201 812 1612005403
503 4 1967869570
1373 811 1726023480
571 3 296120946
650 2 1700243808
2 441 1752314924
765 764 1933557455
128 4 1131229380
3 288 780308800
811 1035 254243758
3 315 1519160390
4 623 435067792
813 823 521020725
2 153 107253259
2 300 785348919
799 798 1527322693
758 759 764274301
2 147 782505607
878 812 494899664
1295 811 535366934
806 802 882759877
280 4 1893988631
3 624 994435365
85 4 659649706
483 4 524657808
420 2 784834181
812 915 1239829562
812 811 146355894
812 1086 774249788
3 391 1669405882
811 1267 143368270
2 103 1487285036
523 2 425584674
813 812 1423289242
125 2 991323947
3 641 483060859
727 725 63957070
813 1311 1086138413
813 1076 2006426182
496 4 31616970
3 240 507295045
445 4 937964710
812 1099 675584366
1019 811 1277837977
1033 813 328398139
60 4 514047750
3 462 356163807
488 3 437599903
2 559 283632026
935 812 942736748
2 143 941827558
812 1279 346867787
898 813 1207370177
2 584 249267758
813 1034 623082938
1268 811 475701815
1122 813 1298538162
812 913 1797085900
733 730 128651796
660 4 81247739
812 1271 1711662145
1012 811 1268013304
3 134 1018447183
3 156 828835486
811 959 219552959
1069 812 389428421
813 1022 783844927
811 996 144107889
1139 812 873396953
3 598 719865263
3 43 291870457
3 429 1349753270
2 460 1457782819
697 695 1088742427
4 283 431934935
4 569 505319193
813 1196 634771060
31 2 362048283
4 629 378019260
797 801 1753342672
453 2 593492498
1209 813 628785246
2 530 98864104
813 1217 946133651
811 958 1476882723
111 2 1907343506
911 812 1344418342
2 56 1235690569
4 387 345831281
729 727 996243280
813 1270 1725147944
1193 811 105771382
1158 811 1188759041
4 374 118630433
3 378 1753292215
1326 812 1110272437
2 539 357589429
177 3 1789733556
916 812 360955908
812 1237 409702371
813 1109 912214122
38 4 1743746589
3 250 1580881599
2 663 169565342
2 296 1161085689
316 2 341840135
747 748 739574242
4 334 1572945601
3 194 1959407576
811 921 402888315
4 379 115030641
4 95 1103280353
812 1115 1162011971
713 712 1581273617
813 1000 1103356229
813 1208 1344864317
251 2 1360898685
511 2 589154100
1047 811 90671925
811 1148 1677274504
834 813 1975473307
813 1263 1068963933
895 811 1533190140
278 3 873927069
821 812 937386499
749 748 141157192
804 808 1134060755
1328 812 926532096
1370 811 308577553
981 812 712147133
812 1155 923501452
812 1264 450990610
61 2 1989533575
4 353 1316370752
2 546 720850696
3 683 1189808721
700 697 272235103
144 3 1436654086
2 262 1182409693
812 1039 856580999
811 1020 276288719
1363 811 885169505
4 558 1514593621
1071 812 1985511723
618 4 1582615475
813 1135 1641728367
425 3 1620353573
3 266 2016275002
841 813 1743025580
839 813 717955105
677 2 311966027
505 4 1605389441
172 3 1771767084
349 3 1771375246
4 678 816170466
731 735 1572359153
328 3 1638255359
4 575 687848183
3 635 997121555
459 4 1461683335
948 813 1617123483
622 3 1981610530
812 1241 1232953781
812 942 354680255
813 1058 1585098684
812 1190 488604856
813 994 913219850
666 4 916044256
812 1094 1047200966
811 881 65606266
189 2 368134899
811 877 1983677194
202 4 89724643
2 1 1474293980
130 2 224691200
576 2 7406455
953 811 673530029
782 779 49525172
318 2 180971138
3 127 1679287436
1356 811 64670432
2 515 1078866481
1029 812 1264577877
245 4 731773755
811 842 56300702
811 1274 1180163142
985 811 1430743568
2 499 1063526070
811 861 1370623918
714 718 212995988
757 758 1084053291
1142 811 106496535
978 811 1075709125
711 708 1568936673
2 176 1163361791
1222 813 426697267
1245 813 859153771
4 640 1455592026
4 39 1029555000
813 963 614228151
354 2 1639211180
812 1068 216645895
2 131 787224379
813 1220 1601031128
813 1197 710966724
1343 813 1843534693
811 1257 1800146057
4 124 601984520
2 574 756835090
741 737 1277833389
3 17 1922147414
484 3 719201481
852 813 78385700
80 3 1504662608
3 287 373513982
813 1353 582040440
461 4 594873534
960 811 1962679212
186 3 536977857
585 4 1075139571
12 3 1287460466
2 651 1818049915
813 1079 127466104
867 812 1457328294
813 1346 362106297
649 4 535808176
1332 812 67579318
811 931 1271232253
1307 812 1742156441
2 27 1135438728
424 4 1558776064
812 1111 330953453
812 1298 1216831175
3 116 900663461
674 4 1574125312
350 3 559650055
1313 813 1104425020
3 428 1313412440
712 715 1394615770
811 1380 1062275974
812 998 1984866007
4 371 6434095
358 2 591037472
812 1150 45206407
4 352 976893813
161 4 1735012896
997 812 1373536273
270 3 373711795
803 801 1073562153
1024 811 1100865845
1132 811 477786821
811 924 1335309837
45 3 409392311
1329 812 1465393140
4 89 1172954376
537 2 1911694672
589 4 1669962015
4 679 1546443245
1037 812 1502936333
3 586 1077915161
813 899 325449870
812 1273 349738544
811 928 792810601
452 2 438659891
474 3 147497356
1137 812 1887841355
554 2 1918244461
320 4 1226462518
813 1336 1878597177
451 2 27710719
3 477 319939954
69 3 134672631
4 35 1390313212
165 2 501645668
63 4 52846981
812 1259 163085403
4 155 723902397
3 224 371529114
3 471 973379122
797 798 1314360346
4 395 888115103
4 76 1542413520
812 1092 1753363730
4 373 82390454
3 502 2014166742
705 707 1338567051
811 1017 1132311134
1323 811 962646297
932 812 379767561
475 2 150177632
828 811 1326945994
4 286 1016459387
276 4 744827530
811 1152 1721271337
813 1080 1880926217
3 159 1687640177
241 2 1427873210
811 1182 373361613
292 2 500529251
166 3 725177804
555 4 1916481702
724 722 1395451187
542 4 1790488254
812 1236 210519292
811 1175 733910851
2 637 1441701526
2 337 481877375
279 3 1031344592
3 164 170133712
887 813 450674186
813 1309 1337150782
812 1005 1474917611
2 579 325679572
633 3 1054027185
811 1301 1132403801
811 816 1415215624
467 3 624081843
812 1038 665941253
1277 812 1341331935
894 811 1210325237
182 2 1838911422
1287 813 1890901427
621 2 1815604046
854 813 1894651775
811 1374 1624680001
966 812 1482104661
4 518 184027332
785 788 166286451
3 372 875312620
2 71 793616835
3 231 578844861
813 849 1959876011
811 1199 45548374
541 3 267414403
800 799 11212046
725 723 157380100
529 4 1276846695
504 4 1050188023
4 396 376749462
2 260 195130013
4 604 224901075
33 2 124255058
330 2 1431123353
811 1041 1092436469
1010 811 1994558686
955 813 1198067562
813 1001 1306795998
720 723 722231045
4 572 395051843
979 811 941099828
1232 812 665566744
3 141 255637971
812 1172 283591777
418 2 1827024702
81 2 1403431223
836 811 1897814039
2 218 800205871
4 408 206866165
701 700 719486486
4 235 1981496993
1028 812 1004612482
811 1143 2765113
954 811 1564057051
813 1375 158601426
765 769 1226027768
1358 813 1751452599
811 1365 643591426
1159 812 1529800109
781 777 1347162795
4 593 1326078278
221 4 1245416239
4 242 1147570089
813 824 176679871
811 865 96404
1243 811 1284037032
762 763 1361512602
4 336 1454884801
811 914 1680497351
567 3 557998134
812 1081 69694315
812 989 46311458
522 2 1370053429
812 1040 1609847173
813 1055 1293805605
933 811 1390019405
813 864 1793023090
648 4 1974385100
853 812 944182531
2 238 1850890428
4 343 149111531
759 761 47811409
1026 811 1592412745
813 1383 571915933
803 805 100583102
956 811 1968244800
813 862 1650881345
811 1072 1130931713
957 811 1504659553
812 825 838845791
2 607 140859268
456 4 111168521
348 3 68005729
812 1013 913452508
984 811 780249039
813 1089 608772268
736 737 1335172218
211 3 1790980105
478 2 461139510
820 813 1076368118
332 4 104981161
986 811 1305784227
37 4 982596853
771 770 890249081
563 3 466881843
813 1054 1879081799
726 728 998114454
811 1238 1929762587
945 813 1846410892
1074 813 586536421
688 2 319504498
3 303 1301566795
790 792 1233886023
4 57 103810195
490 2 1300103658
180 4 539867558
2 627 889060946
25 2 1720862138
2 197 1096003674
2 314 1614272489
765 767 1154457164
2 346 1634406145
1284 813 1323216447
3 397 1137600825
2 258 687406858
3 602 1977223485
812 1108 1201498980
859 812 1584570542
447 4 1919306462
2 44 695963687
812 1251 957675662
1097 812 427873602
362 2 1000627377
68 3 714404739
4 291 741324828
2 390 787627660
1021 812 970028498
779 783 320227573
758 760 1473370330
1304 811 976695817
3 549 747403800
1144 811 1551048794
813 1281 1792227855
2 547 108852233
4 517 724817799
812 1206 727052853
321 2 252528585
813 1255 1508451157
792 794 2016299923
1269 812 1132049935
3 190 355102866
4 506 1325741607
829 813 1369551320
1180 811 891259629
1140 811 344778114
4 626 1734326304
813 1291 1024661692
813 949 1945288008
1164 813 1830093982
411 4 752657792
4 310 1311789057
812 1107 1443555854
1324 812 826920650
2 77 1111101326
1169 811 807714870
1357 812 968225448
813 817 119295389
812 987 1155577366
811 1308 349593081
1230 811 1279567175
3 227 1342321622
706 705 747559794
1165 811 709965316
3 443 760878008
118 2 1233443708
3 427 936096679
217 4 985959347
2 222 915671163
3 307 397686951
198 2 1438198942
596 2 1780845639
364 3 1992158392
643 2 293107615
2 138 339270392
811 612 1068477571
3 464 1966010725
811 1321 1717981223
3 94 403162645
812 1317 501847660
1216 813 1293997442
811 897 1686252830
87 2 1280408290
1057 811 516638502
812 1303 1689557730
402 4 1073782162
3 365 980621682
813 871 101411904
3 463 186227451
376 3 551759808
65 4 1917692171
2 229 8134449
1192 812 802077586
20 2 997259197
403 2 838235691
811 860 1547188808
438 4 1279774531
813 1088 906018680
813 896 1102156733
2 135 685461639
1247 811 831614155
610 2 1400732369
813 1296 1334021689
2 339 532949924
4 171 1807319017
2 432 1004606186
545 3 1027200621
3 312 930767386
1275 811 2008205766
793 791 1357599425
811 1280 1949440330
1246 812 276889934
2 129 278817398
980 811 74906835
3 277 1027749278
833 812 1882145964
750 746 1076419071
3 6 15822831
4 210 811695602
753 750 186506720
930 811 44513828
2 616 62457031
595 4 1481211914
642 4 1619448471
671 2 1837108792
407 2 411055760
167 3 1800818767
811 1114 548814823
812 1174 1109305815
818 811 1811399239
772 773 1797150477
1125 812 1502603854
811 1067 630421669
870 812 418802085
145 3 252097877
811 1233 115519424
481 3 1559791130
1103 811 789181554
751 749 1783955804
812 1262 766410403
776 780 1948654473
608 3 1071657987
2 273 946920641
566 4 344415438
401 4 1251386956
983 811 1020988214
682 3 1323048451
201 2 1251223726
1063 811 644446793
1056 811 37334711
811 1289 227555091
811 1016 593516411
1362 811 600620634
909 812 1141744575
811 1123 312257334
967 811 665808747
3 101 1134212598
1288 812 488213440
812 1256 121499632
2 630 574014392
2 413 638168345
380 2 464218631
4 693 431143742
389 3 1476237210
1359 812 1358761984
341 4 1965582182
4 84 1448847190
764 768 479504213
535 4 957707372
1215 813 1083055557
3 212 1055526031
812 1235 1894977297
813 974 842955183
3 612 1222570791
88 3 1961605240
753 755 1334553232
91 4 535911667
4 121 1561417281
1126 811 1483031412
772 775 1079317744
811 851 330545693
4 594 36466890
811 884 987260125
532 2 1082564949
992 812 689710117
2 3 1394467167
1351 811 480805293
3 255 1725339865
501 4 2015214190
791 795 1969528743
619 4 919799083
1127 811 999905751
3 509 512577647
811 868 1003856453
812 844 962903367
875 813 1678407589
405 4 1147264873
1213 813 1026738752
325 2 393452847
3 400 1324897638
617 4 898885485
4 386 1543896804
199 3 1942406328
115 2 1034762929
3 436 86881878
4 570 358525551
4 66 1729684722
717 713 606222061
181 4 1497178773
812 918 1852524527
811 1300 1833871950
759 762 1196253254
813 1376 559808134
3 75 1557293686
813 1231 497573064
14 3 178339002
605 2 38691506
906 813 175336181
412 2 1546393665
3 588 1036092876
2 676 2016582044
811 889 1475999597
991 812 1224915557
495 3 971359619
3 673 9383659
793 796 1909229183
813 1377 24134630
811 1023 1384088438
1049 811 569467653
892 812 1531038365
811 1003 1348379774
2 631 931314669
2 552 1986040270
805 809 220005660
813 1382 1619401856
179 4 293193427
521 2 1206862182
739 740 1988185883
3 620 263713188
1048 812 1488504249
1285 811 1379636331
254 4 823857268
3 36 341993495
812 855 1939949704
1160 811 363401539
813 1085 1416524543
920 813 148717837
178 3 1542441294
681 4 815931255
565 2 1239356222
1171 811 1274986634
110 4 1455483932
2 672 801423411
756 757 1998206684
398 2 467244252
901 811 469374644
2 256 624147843
3 351 831149465
747 743 881152926
22 2 224643671
810 809 694142408
4 323 1590824893
4 226 1722987459
659 4 1432639810
811 927 952033930
497 2 110061653
544 2 1024363600
694 4 485980822
1330 811 1966048591
1050 812 1302771131
1211 812 1758996790
3 634 155867352
493 4 2002477167
813 1091 1184369779
59 4 1976226125
4 656 752490971
3 370 735262644
409 3 752223816
139 3 1865625166
246 3 997327067
113 3 844990793
813 1347 1478495099
812 1276 794337701
3 299 1302989870
811 1252 845276138
4 104 211580974
3 526 882691114
40 4 781434517
2 414 575380914
200 4 328819892
1015 811 874758731
703 701 930029272
813 904 1304732331
1093 812 1768787031
1187 811 630202402
811 1344 1397512715
696 695 1919204417
58 4 54464150
419 2 399984931
811 874 1471893029
1339 811 1318409203
1228 812 578949177
112 3 334477980
524 3 227337418
2 614 1705335861
4 195 147351665
96 4 1692404706
1254 812 1959136483
654 3 1007188439
305 3 1520744285
813 873 1292186281
3 655 1270190794
951 811 49219052
890 813 1138022970
812 1156 453267183
415 4 222564025
738 742 231146358
813 1385 313370815
1128 813 632404689
1368 813 45780220
813 940 984342479
723 726 1460449019
811 1106 206975916
599 4 1745922377
813 848 1562724952
1388 812 1788833717
813 1052 845459222
4 114 914526106
812 970 114574102
597 4 1752138584
636 4 775468223
812 1129 210412859
811 1025 42786557
812 946 1498637128
472 3 1862131213
778 775 1035241937
772 774 7273278
813 973 1133839326
3 120 638035254
534 3 596495102
891 811 1938121949
857 812 282854426
811 1240 1387728450
169 3 1208429730
1179 812 620805567
741 745 1326969326
216 4 1247174331
815 812 1989158887
204 2 1133609875
812 835 1345054297
2 237 697393345
813 847 809513107
561 4 1519352443
4 399 1510656474
813 1145 1572064101
1202 813 2013007124
813 1011 236161168
214 3 1798659114
952 813 896085450
2 439 542526875
243 2 695222459
811 858 1657876512
220 2 1886085729
1177 811 210542260
4 268 39242404
149 3 1532664299
196 2 1320546926
2 591 442287489
48 2 1591252110
209 3 1303686538
4 421 317408762
294 3 316331659
3 625 1304110613
811 1167 1397823184
4 367 794621435
317 2 1645347454
1065 812 596706118
327 3 1356174093
698 696 1913473349
519 2 958018805
3 289 1483967518
773 776 119161976
377 2 675886238
573 3 1654616662
388 3 1405863142
812 1104 1614201922
1253 811 442967119
1195 811 1729169125
1272 813 1032834966
3 494 1046706848
1061 811 722446108
812 1098 1583028440
3 525 187463544
1042 813 845406031
514 3 868393780
333 3 1347312191
4 680 1525736363
533 2 1389593701
4 21 1781896251
2 126 1160280629
811 1227 1108924368
936 813 1360236841
