1999
247 25 793109451
1026 1023 1869940234
1132 832 612508077
773 1136 163935570
750 752 843387799
1244 982 1777108778
38 131 1018040742
1273 943 1734553409
96 28 2014569809
14 18 1736377610
1558 1536 1818734353
1507 1395 1869434908
1471 1838 516216128
1115 1051 938285248
1889 1570 1781082422
111 470 1243104722
1258 907 266481683
1035 794 1946447123
116 364 1208840136
1342 1403 465076161
1355 1351 1370752429
99 479 1590639590
1676 1935 261702044
1696 1506 1852346671
342 262 684999122
124 139 357231920
1145 1134 139800462
91 371 1160612829
1158 1217 181748075
276 440 1039862436
1000 833 1189719309
306 484 1117971557
1549 1567 1745379429
17 10 636225840
1298 838 160517473
1795 1756 1818488483
45 94 1607028664
379 143 9429538
1114 1156 1498290104
1578 1503 1799502235
169 253 1906010402
322 95 1686687096
36 239 1117228801
317 73 206606085
47 596 256196783
328 451 1326334778
1395 1434 1409030669
183 458 1208454946
125 38 657030275
809 943 944735719
110 55 1514076358
129 101 1303447746
1280 1262 1470526779
4 21 122268427
1460 1448 1808818612
146 97 1406541153
212 217 1941214624
1465 1526 1031132528
1699 1777 1316803850
1205 857 116714560
1249 1035 1530391565
354 236 921041204
462 365 1125345340
1133 799 1992076867
1864 1798 697295723
844 991 929187181
1695 1468 1619448257
1328 1330 1960569131
883 927 1641127359
721 735 1358718672
1320 1384 799867467
1144 746 953058497
337 546 642766922
30 160 1799298205
208 350 1008445249
1562 1872 1987862442
63 64 337101465
369 17 189608734
993 750 930047494
372 118 421416009
854 782 1017802842
794 1103 960487109
170 62 1335232085
1225 1236 1594468622
321 136 1811207312
604 717 1299267605
640 201 777818211
865 1110 643923209
599 420 239830707
597 409 770451943
628 25 1354634144
75 471 780158749
492 683 20566772
660 513 1510913002
51 93 953803595
25 91 1804553563
997 775 1916517115
429 693 829466990
896 1052 1296055861
756 746 45060002
330 83 577596139
1378 1986 1577527041
808 745 860533318
1107 1111 1633951684
1185 1052 1162787766
1399 1515 42432823
398 2 1717713516
1359 1608 1277047215
964 759 336034082
1725 1658 1104020620
255 289 1040616983
702 164 542128013
1790 1933 533471958
283 411 595321778
1506 1531 930940508
783 749 359588759
1035 1158 329232243
329 162 1822759286
1485 1821 1725524624
302 309 512713481
1585 1577 1338352605
2 92 248481900
6 324 384812238
769 754 1492031380
3 593 1370271420
516 528 1196734284
19 22 755890365
137 82 980087394
1341 1420 935920119
1924 1570 1027970847
808 1025 1456620198
444 326 971904383
1331 1310 636334461
1481 1371 22470768
931 958 1570088368
97 112 719076608
1335 1523 1346406423
1380 1468 675801969
258 477 1597045877
818 879 2005430204
745 743 444319977
1394 1448 1762088696
1373 1414 1150061319
292 603 1501353101
750 1262 51016563
255 156 447213383
790 777 126402260
85 99 1871319686
1806 1528 1059410293
72 191 1343772556
380 632 1057073690
433 367 1871188018
983 742 296248555
11 6 599268343
368 107 1111266186
1704 1589 939480852
1008 914 1209487087
930 787 427410920
1802 1742 1898809981
1227 950 133631258
57 362 485654793
1635 1401 134744872
942 1039 1681621772
1366 1395 634483790
748 996 1825347191
811 894 1378551897
860 819 1289092951
59 233 150031501
915 1203 216281714
72 674 756611122
1252 967 601312751
1777 1956 481248202
724 727 981867829
377 215 1059486234
299 103 1993744122
450 231 1599040124
1050 1193 1807430121
1520 1620 1536355898
283 261 421103250
1841 1585 13125482
173 468 1382116277
130 222 1402861575
184 256 1454834271
946 820 30719740
1627 1579 523768031
1317 1359 919377539
1968 1766 1889247240
1364 1366 521085216
836 923 1789493407
1588 1396 69388080
1615 1730 1727128842
757 746 986240584
510 292 1850248482
1593 1491 564075817
1501 1528 621350998
491 128 1904299764
748 771 1510760981
1245 886 1360468918
786 1219 788526417
1499 1883 796283265
20 278 1504471068
1318 1336 1290377461
874 779 1407124511
1494 1328 1143039030
1545 1659 526895880
55 401 419386764
1329 1727 608440993
272 389 1378383189
1476 1366 853682778
1386 1650 1123752985
268 140 785742710
1479 1371 1734729031
755 797 1999802503
1904 1551 275712535
837 1281 1621440240
1797 1852 1244896009
1412 1344 663084670
25 251 1773660423
16 76 1987719639
960 910 152444381
216 35 681687821
1642 1636 759361617
697 276 941199749
1246 900 740017559
387 119 1656231771
902 853 700953570
378 405 1486918094
840 853 1539541211
1396 1920 1704370283
261 38 962041683
912 1196 332006271
568 129 1716050626
1663 1469 1362227933
1512 1828 628809728
1109 1027 1615692601
775 843 1538540218
1122 891 1154372887
1830 1873 2006340479
1432 1324 1791264366
1030 939 1992324590
959 790 1508949335
80 60 894516350
153 285 1758626394
1947 1868 1827336354
117 66 1532234468
860 935 131347714
176 172 280253476
686 391 1321498056
23 157 291845117
48 47 1594662511
1332 1639 789253259
1151 753 1777663252
1426 1697 1032213668
1113 1063 295696438
652 575 1620278893
1019 1304 132484509
1404 1408 245617491
81 145 1822701690
1439 1707 517029318
1637 1796 596769815
967 764 126407142
1815 1766 1564175503
1854 1363 346959055
746 753 1629168384
146 498 291896323
742 813 1567300410
832 915 665409785
102 65 553084632
1569 1429 1736573823
1478 1355 1381731164
1462 1891 1922292375
764 766 1943500172
338 669 1396631158
755 796 400985646
1466 1646 753051028
167 139 604307741
904 924 1920718594
1521 1636 1140083904
1180 1230 1594469690
816 755 171452716
1676 1577 135320368
703 640 1699619564
986 947 1736225012
785 771 84027177
714 548 1487125070
1333 1372 860186832
807 1089 1941785325
1405 1343 1975178497
676 212 459004566
720 27 641603968
1453 1384 1688498321
1290 1303 1459863936
1698 1334 205922448
832 777 836893379
1826 1720 1794442609
1512 1846 471686384
1365 1422 684100906
123 110 707833116
931 847 1876451082
1593 1612 1674197503
1668 1690 83470513
1191 1082 1507776411
1832 1364 1602246157
1541 1900 37703873
1428 1325 1749214270
584 505 1819436448
1433 1454 358820527
317 367 799190416
1309 1308 1828466111
1487 1660 385161495
508 281 1428978135
237 148 973900159
1794 1324 597034822
442 257 1943008977
838 821 1377685976
1342 1348 1978215750
244 237 1186923816
116 207 625202216
140 106 1010025060
6 5 339254609
1084 865 851674223
160 230 280919240
792 800 875425631
1307 568 167861807
1450 1485 707122161
308 253 1793863450
13 687 1795133928
645 407 369430192
981 815 1538791158
1317 1737 1973636875
1101 893 460218140
1830 1331 1174193766
310 303 364720841
1615 1785 1571346647
506 436 1413136110
1338 1539 1113673303
944 1014 1508807169
1520 1500 305414761
62 675 814737040
847 836 438756377
1328 1602 171449720
1756 1493 1451905943
1474 1428 915630300
1337 1309 1919370313
327 353 946831929
333 178 1821380129
1839 1823 217191416
1434 1455 1114026105
98 63 1202800791
1391 1503 1559300249
258 36 244253197
1320 1349 1491395375
1286 1134 978010085
1416 1483 1210274884
1557 1539 1893201292
148 11 950848382
274 151 1633899983
889 841 330153622
461 17 657586804
1671 1357 1684421644
793 1148 1798130792
1313 1308 1261648460
71 86 1297042265
1641 1372 1335632620
297 20 1247093968
1668 1763 1309241325
826 1049 1826363160
1329 1375 584270182
1377 1330 1107848678
38 625 1984411111
348 355 294676801
1880 1398 1906142737
208 293 131016996
974 848 305693912
10 254 1450893918
1600 1465 1125036166
566 659 1756018769
824 862 15325543
1148 1153 308266378
1410 1548 418915627
145 427 1972261461
782 745 658770674
1769 1529 1824549134
1308 1352 581345096
1363 1848 1809148683
332 595 1005985476
459 217 954412995
120 320 1749509879
1424 1518 242340993
1941 1966 1223045062
25 292 684989683
253 661 1306365876
399 705 446296900
547 707 607934379
126 576 1913430251
962 853 448459994
1322 1312 1586690237
835 1107 954387677
1241 1172 1603578244
1920 1951 748493343
252 404 1788996397
1571 1474 1699579229
655 120 540783279
837 1116 1487987879
191 366 1960752124
1758 1742 242210953
644 24 893838873
1359 1953 416542085
864 791 38742194
1685 1473 77164130
524 435 32591121
12 218 1560805084
962 1218 1257117878
806 911 1730819228
783 810 125269795
201 572 350790646
950 773 1606252314
799 848 1709643867
1013 1076 648889102
1811 1459 418131734
1334 1342 1440547759
1297 1213 1335381153
1629 1582 331337624
1059 1165 1628956215
393 27 1414021535
45 336 694934962
685 181 1826693747
983 988 846403621
1367 1370 1848806419
1372 1910 1883541343
1402 1475 1495441255
1744 1487 875117729
1540 1361 934152999
779 1200 333652729
844 1062 1520501635
682 54 1662613188
767 865 1470218722
1383 1329 685103430
1275 978 1946333628
1477 1876 925584703
1147 1213 494611622
793 1015 1440616526
1347 1565 870344416
1364 1388 1738108863
1329 1314 985900028
1330 1554 1479531863
383 665 1648101857
1212 1084 1374768753
1539 1574 680248937
736 731 143521356
1836 1324 134386239
1440 1955 444114607
1907 1695 177303773
113 2 864859763
1486 1708 82693004
763 760 849451248
119 29 246103738
663 557 1095628412
1505 1311 1744209517
847 867 1764889
165 341 1589507722
1464 1897 1445458019
15 2 36201215
179 213 747329152
302 141 290483607
61 78 941586746
196 140 268127132
704 234 1531229467
149 126 776149490
1318 1462 1773159416
746 755 893277278
977 959 1165193661
361 447 322795020
671 213 1586444719
1482 1508 1417743531
535 564 1164937620
417 248 1203993595
1544 1464 570246686
178 68 268267547
110 115 1157630939
1105 1259 523079721
818 891 425133825
361 82 167266826
1324 1315 1441579688
476 409 494277941
1488 1363 320767416
730 737 1986196595
85 130 1073745537
1307 1325 861020490
842 786 1418099058
345 10 1684100531
78 480 82722261
1535 1478 1678522038
1454 1767 726388245
759 764 1178355209
138 548 52745792
1642 1749 261428168
1040 1086 1155460682
1991 1808 1435747923
386 196 1893177347
257 202 788147955
770 1147 1958459635
744 746 1951083187
1309 1386 959415883
872 841 1414619445
1315 1393 82443634
1722 1534 1241261624
361 500 2006153479
908 758 916012168
1439 1857 612278117
68 61 226684282
455 373 771801411
790 799 1069167887
1946 1631 196435634
200 49 1503074794
38 19 1395848746
246 70 1560269141
887 1195 1400173686
5 29 507715616
49 296 756519760
803 820 869582320
486 313 1374945511
746 851 1361685964
1501 1334 253864454
865 1096 1002486469
102 448 1850886773
1603 1489 1183030932
1553 1734 1996840052
809 802 380267108
654 424 2003196989
921 1092 750257323
74 155 931198251
1565 1964 1517431449
1456 1536 598876302
1672 1899 137066089
1013 809 1454423193
503 656 1969714549
910 1033 996692923
1425 1626 1027262753
1009 916 264952665
100 679 555168949
988 1161 1733062310
1615 1560 764820797
1240 1295 202964799
964 1173 253382806
1759 1443 431644188
588 610 684688128
888 947 909048231
1963 1868 1944270046
32 370 815588600
1689 1701 656575835
1805 1645 1541156146
1641 1861 1573590940
1491 1362 904989029
531 263 2012968527
1522 1366 372842889
287 624 1099842555
1342 1516 1830093369
1432 1495 1240735321
900 870 1256546263
1748 1823 189678139
1020 885 1765236064
832 1199 1110557246
50 45 424469492
154 125 1997709677
902 906 1331195499
1840 1856 2010150490
1992 1815 795518258
205 178 157974059
529 91 707453804
781 1034 1523091858
573 265 247933029
1343 1527 1709414625
701 68 442552336
1449 1576 1572243360
224 165 383347047
778 1137 112464710
1524 1825 1867696749
876 989 525495474
503 155 751636034
360 142 708714847
130 713 156708201
407 504 1458939904
1896 1804 40820341
1950 1932 327271139
1430 1340 132594304
1425 1577 206119467
1440 1473 1118898359
1961 1630 1938479209
541 167 1970444315
1752 1934 474839883
1330 1367 1400322690
1803 1977 524474993
869 841 1128873034
1389 1570 1595281193
1111 1277 365567071
1036 771 1351704055
742 750 41581048
1894 1449 1837111978
1318 1309 723400838
1267 838 1925444760
696 29 1501159000
226 31 951375552
803 833 1688246781
25 36 1791365491
589 177 637903736
1409 1533 2013339380
1407 1714 530983016
1485 1496 1137422239
1394 1888 176550200
745 761 1969138486
145 465 1546100243
111 219 1683447903
1074 749 273389579
206 715 1938027377
1434 1630 137386839
381 601 1033917142
126 390 919528466
177 41 1845270949
151 311 865612511
1669 1525 18779544
83 38 636309393
826 1064 1255180931
1523 1637 1494844689
1440 1614 1917982849
151 140 735761312
1396 1580 1432463100
993 1060 1315782005
449 518 13969168
42 290 990556440
360 434 1417333196
1040 935 1761304616
165 173 44563349
280 145 1552217681
966 864 826002666
1849 1699 1466047243
969 781 112981496
439 226 804152159
1562 1791 1505076549
670 709 992498831
231 18 1687171940
1001 825 314157155
1162 1061 1327454263
1480 1865 301202797
1183 824 1430180320
759 753 846538291
548 626 281987926
62 12 1858914912
1678 1486 1641699143
647 51 1352434997
783 916 67681418
1278 867 1258048880
999 1010 1673418124
763 1235 1585838672
68 127 1614595959
42 19 1739429800
704 708 617627332
466 174 250440644
1922 1689 1875386134
1157 1209 1773507494
64 208 1384518055
445 191 505323694
753 941 1281880400
1665 1313 1495278052
1347 1343 967541117
1419 1426 164950627
1378 1343 1610493482
3 9 633313089
163 91 1216922703
1350 1810 1581906670
395 256 1980146251
1879 1688 153561279
998 864 1933649782
865 922 358226020
1457 1649 1434657962
1890 1380 23075327
597 678 590014787
787 774 1346718050
1504 1757 1622205408
25 24 977427334
1817 1789 1891582729
1254 1041 1334732409
1437 1513 2012799667
1586 1380 1521961838
929 1301 1912648182
1648 1666 963567113
252 231 1668552901
1437 1705 1611774325
474 430 1159658542
1059 756 191110924
340 558 455323533
1534 1551 1584927009
205 410 1582181035
604 667 1443610006
1717 1999 774262097
753 829 1200466390
67 187 1131661133
1064 1257 480047266
1332 1498 478808863
327 408 733736610
4 267 1374710093
1364 1461 1523813701
917 1146 1183894537
1752 1921 1852642885
193 127 1779109702
1617 1463 1583929270
895 1201 1282712276
52 150 1733556293
28 409 311627152
881 1043 698863806
803 836 704486468
303 351 1375488443
1699 1695 1527351917
577 372 247324969
991 1294 1257600181
1497 1532 424093095
27 318 1158384129
92 166 814739212
1835 1443 1197138864
116 76 233905063
539 123 1791062706
1510 1579 1086420565
933 832 599108095
1766 1617 587773941
1019 813 969033442
858 747 1870769110
778 755 1479211483
1782 1369 1995166240
178 501 162976030
829 1187 1511557863
1070 1160 1446835778
926 857 1258696394
698 471 703102192
1329 1363 518778918
141 119 104208780
689 637 405040183
295 323 42381880
282 664 917012100
1186 936 358034462
1058 1105 462432868
892 1006 964003435
1439 1926 325396273
1859 1402 1938710260
316 425 1698665727
945 794 8545510
39 114 1901087340
1343 1648 1585870842
121 67 1053727994
1321 1444 646042180
150 653 297603490
196 348 1269887803
543 144 1098396181
1472 1373 759961040
999 932 1136520022
1112 1061 1663326537
1387 1368 934136868
59 81 766397880
284 193 322905694
65 10 820722072
29 82 221536857
1330 1400 26245240
26 363 1475890803
634 332 735712571
25 61 1818027183
1543 1501 1144403369
826 800 1005389975
1046 1237 798534479
184 39 602008735
1226 1133 996725833
1892 1662 1252243282
1766 1824 428768503
1421 1392 1753946741
857 758 1086586758
569 128 353397725
1309 1399 1566609121
220 25 1845826912
859 920 817649950
549 345 1113107929
72 23 894670586
615 592 997015944
1717 1690 196784305
1633 1326 1259743809
1653 1337 1538781585
1937 1706 1131916982
1561 1310 1569532584
1450 1422 677590643
742 441 436644461
1341 1831 1380821176
1645 1577 1086399065
1973 1466 1655340568
1552 1655 1801838158
1305 893 379712785
22 314 69984991
1634 1724 1595492924
769 846 1982368040
1435 1549 936318136
1906 1415 508155128
55 84 1464522221
1287 920 971745105
1154 780 1441385456
1328 1350 143516444
374 553 264542968
438 373 816565528
1538 1914 1593450761
751 749 723839660
26 20 439253492
1372 1394 1178704851
133 469 1062803754
1228 1085 519599126
523 718 185202586
1431 1560 236235830
60 312 1150552520
1282 781 285213577
1404 1400 1738757841
7 423 1879075328
869 1141 839510733
1322 1493 1810392108
837 786 1280108638
138 2 1498913170
31 28 1851412201
1468 1590 486140083
1182 755 821668385
1336 1368 1443180242
439 496 680661692
938 833 509980210
1307 1308 493936991
814 779 1557139174
38 87 1772194002
1631 1590 1853076148
1700 1373 17832059
44 55 721084120
1068 1016 986606019
764 807 1464847387
279 53 1359738948
971 1159 958809514
1616 1751 766479123
1308 1319 1106193941
37 180 680243342
3 20 404552475
1594 1679 1336276452
80 221 359299956
1160 1293 1090917166
329 376 792147692
1391 1435 391558383
1979 1810 1710561567
144 92 1363468920
39 22 135165453
551 354 1336001932
1755 1822 1920719413
1632 1929 524084810
324 356 260383855
552 34 560543084
865 1247 1243779981
851 948 1031838225
1427 1938 727088261
1375 1459 1051471062
1632 1674 695273054
1548 1765 58584887
1627 1895 936478852
1369 1341 1582200792
1651 1504 1236174055
586 390 494586131
1553 1377 880588738
1691 1354 641769948
170 633 1825448478
1481 1582 1682050044
1887 1550 1042885769
493 60 1342094203
819 1220 1251990844
1776 1818 1493271829
1198 1266 1036252913
232 20 1344525562
824 830 696152916
1807 1881 1013123856
1587 1550 1731027429
143 121 789658228
60 95 1743000596
1530 1391 604406258
887 771 1811932384
814 898 945985334
34 4 1421596692
1256 774 1722891134
798 759 1217618423
366 716 1789455948
165 190 1706968898
1923 1716 953320436
746 747 1531213724
28 2 1443473433
103 236 1609904523
357 400 1521142389
244 489 1230115608
1004 1268 89852259
1788 1735 95952543
1565 1647 903552936
1967 1439 273489284
56 142 250566842
936 843 218301362
65 69 1699123125
1357 1803 216996904
1719 1348 1642327125
1065 751 1392809950
805 748 940300436
602 609 1209191390
916 1021 29290542
1340 1311 921426743
174 123 455258936
1443 1314 1240989777
1388 1721 376947729
1563 1733 502179885
1776 1357 1154168695
828 748 1371949291
468 482 1789058477
1706 1693 1989905271
1412 1466 302768167
1108 1027 1068335789
1484 1354 116143046
616 532 192873242
20 212 1210228995
1260 972 1357093615
540 453 1208864925
98 164 1635149624
1559 1771 938554027
331 587 788360645
1874 1959 895812528
101 335 234268090
1603 1834 299207634
1138 761 1946898472
1300 852 75407443
1023 746 1758242001
303 27 206158725
1582 1638 1758666812
1329 1568 697371246
557 546 1824362761
1318 1545 177036725
1082 896 1582390039
1397 1353 147790045
1545 1845 1338749265
1804 1456 96436948
21 211 991869548
1249 1276 1812665540
751 762 1831899107
85 225 1207060857
1006 1079 990434989
18 375 1051587482
1473 1673 134673991
793 918 274184495
827 760 613749920
1463 1373 104412302
758 803 1116837535
1364 1351 1024564834
133 43 34114474
8 619 1217981751
1473 1739 842088376
859 934 607916278
1703 1435 71734637
1366 1799 774926178
1770 1345 834120141
52 487 574467189
1840 1741 967317073
1379 1349 8503310
880 990 36630682
1127 746 225977742
873 978 1469644710
1464 1529 1685166728
1332 1446 1941868055
1573 1441 538712223
1853 1893 1548724992
94 492 1833108334
1843 1432 1863100757
1021 1093 1035178078
430 201 1033959155
1041 830 1360233901
1149 792 1898870710
1446 1581 1904613380
313 110 370860249
1157 1095 38516722
1314 1307 562780442
534 658 1115322866
1315 1313 1998924676
833 975 1984535617
1421 1913 1196775526
743 742 766059428
185 173 1826406107
1712 1576 725125617
795 1169 1524510444
1233 1104 365263573
1192 857 390845535
238 554 1355614800
1424 1442 47916971
475 455 1246575992
994 823 1309600965
1942 1786 419365420
346 323 1977681298
1944 1456 712761611
861 1088 1597269752
1589 1334 1415911985
1919 1720 803094305
905 875 521922278
898 972 773125933
446 218 1466801979
1804 1930 1526798679
96 399 188456649
1607 1553 1236684804
272 131 1337455729
1623 1755 1136511242
1728 1372 1256988442
1480 1421 1862717003
1559 1464 976293012
1994 1680 1737837835
1634 1483 1625049753
1493 1989 1695701435
1274 903 1977999010
746 1184 1345193171
81 101 61456196
959 1210 418073527
637 332 385190772
1874 1836 265612891
911 1051 537765259
1718 1746 1578262899
104 514 867782299
881 815 1970631833
382 12 302721908
516 187 324197548
136 229 1434282422
391 197 1124947896
878 904 1119674411
7 14 1541393504
920 971 87353894
1417 1314 1341705412
124 385 1619161240
720 721 580486976
85 75 16935329
1952 1729 175530163
578 426 412590804
1027 966 1773008219
132 13 1426742057
1340 1374 1063996553
999 1123 831220370
1610 1990 1560767575
866 822 1644448013
1988 1856 1740534781
850 803 1230008497
30 270 1339084441
555 330 1141067836
357 590 1370587691
1005 989 1927019126
1321 1310 1084193112
308 453 1731441821
1344 1328 1204867298
914 1063 1309663715
1741 1492 1155141629
1773 1498 1819317946
373 127 1164952591
65 456 1526240089
1903 1727 953722684
544 286 1082461842
1661 1793 1523314425
35 271 1270118628
1667 1394 1517922554
1402 1546 1481886999
1221 902 1309234181
38 437 1510815449
976 1097 1707777450
1455 1606 884621102
1314 1768 1539739193
294 197 1168494341
1949 1628 126399546
57 19 1639634670
1240 1143 66236170
1452 1320 1383714316
1380 1726 1548405029
308 534 572920360
1909 1690 203964211
1131 744 1165416399
594 563 1011319092
68 291 913159494
264 39 1711142714
721 729 1534713084
7 12 185663026
1409 1632 543933565
843 1175 631148179
1489 1320 1479355102
815 1248 557280927
16 12 1990305268
1309 1360 785496819
1996 1912 1568759136
799 1067 34901699
121 168 1458132609
1410 1451 1319836470
7 483 726401889
763 888 332077713
432 662 696602189
185 638 1748764008
522 317 1488093770
805 1118 394408634
1465 1429 1468235596
784 795 530357240
80 684 1506231626
1166 786 1270431791
1310 1309 780134293
794 785 945865100
1223 1009 445294792
1117 986 716002283
1072 1202 824849722
1844 1965 1214735787
1333 1594 471818003
206 649 2004282008
1584 1397 2001691916
135 16 1200335125
758 937 1691153981
1423 1310 1795182912
1633 1745 284108405
63 10 1317677654
50 124 54868380
71 58 954741481
582 419 1983364265
51 194 1017039229
1398 1939 1551908010
1853 1775 384839405
1467 1332 820963431
787 877 1419294663
1239 977 1860049483
95 128 843874253
315 120 1131848371
10 7 506902111
1738 1448 1382319760
1316 1335 732425249
1800 1801 1653201141
868 944 927616307
607 346 1051339430
536 608 1891171415
856 827 1514096141
773 899 902713431
63 111 368785634
1833 1799 1292073175
743 748 1108808495
90 86 290251682
1847 1564 513382007
1279 788 1807470510
1037 1190 1365488272
1871 1769 281482264
79 48 1803087639
581 550 333879112
172 223 247305934
1912 1809 1897388358
1334 1341 137629307
1000 1181 1260704917
1306 1045 798207352
744 743 1404894848
1357 1449 514497673
987 947 2011015327
265 21 830656775
758 748 1022379832
195 710 146293655
43 46 1083375601
925 784 459115122
164 198 370423780
55 295 1232995262
1273 1290 1477145948
1283 1274 1785446520
298 289 867337107
835 1224 1054900974
759 774 655447294
1467 1752 1498314438
695 116 600428020
252 691 260240359
885 820 1802865296
1309 1317 1673400784
1078 1038 727014705
1334 1332 1447782495
8 13 899528340
1684 1693 1538697235
42 269 1152256301
1129 746 164247890
750 789 375417791
617 72 1510576417
325 457 828298978
565 389 91178249
325 473 389933683
30 17 1103240978
202 178 202715828
636 50 200510274
1762 1508 1798254027
414 185 484143406
192 180 454014353
1526 1743 848197000
1263 1190 562796385
1562 1599 1665358968
415 32 638444067
1644 1511 1605011529
1550 1522 792750287
813 824 1140362940
1197 1013 215970086
1628 1656 53014000
153 27 157153258
270 606 660868869
1594 1729 118638665
802 982 1062616087
25 44 938941600
337 340 238972387
347 87 371167913
75 199 868471169
416 209 1224711562
235 86 169432814
344 111 1731500185
78 88 292234235
349 550 173982292
7 172 860949892
677 151 1194298528
1140 1108 266362589
840 833 505765919
793 750 1444187678
1772 1995 93812898
995 790 903352654
1607 1694 124598941
1413 1575 1789016860
955 970 641467371
129 307 1411287860
1302 854 161840620
1731 1408 1643084942
823 1072 355045342
517 142 1945056879
341 614 685444263
403 223 1418775393
37 59 367225725
413 2 740014665
1091 847 992004953
4 3 1823697962
1561 1692 1529748282
1124 934 420252910
1026 1053 923351433
1667 1772 903781637
1622 1435 435056888
1581 1680 711913201
464 362 1276372486
1104 984 1322080889
1042 830 1946554278
1453 1902 1203192575
449 180 454315330
521 45 1044252132
742 749 1616365896
1176 965 1951621525
1809 1514 572468847
1527 1611 1463718819
867 954 1718281543
28 273 1387768682
1877 1551 786403126
1272 993 1618532065
720 722 287064854
805 839 1078940486
1724 1954 1039694433
1652 1687 1307536809
250 3 1179602009
1984 1612 819380230
1331 1391 778159417
329 706 777958815
75 441 671573591
956 834 160968501
850 1284 1715930368
1643 1664 1183246523
1424 1866 1952183269
1816 1423 6496752
7 215 1219054764
381 338 499158529
7 147 1128939007
1437 1409 604341339
747 812 1696973214
605 518 1522104114
1313 1338 1982808147
524 681 680404676
613 612 1724342808
857 914 429720807
1750 1346 1386833135
51 44 620430602
533 200 2016494220
1345 1320 1119899240
1392 1860 421506053
797 1095 1263390081
1020 1094 1922631150
720 723 923457609
903 888 907396
871 759 28787942
1564 1448 1203309119
939 742 243801607
1081 773 1099262045
209 105 1526210516
220 666 800499008
240 5 672540192
1714 1781 1031085623
747 802 1973785755
52 21 779127036
1715 1668 1147852953
762 775 1704652868
1689 1405 1543207343
1911 1310 29225962
1318 1357 1689340130
1778 1316 280527093
893 1265 1246111226
4 5 983626508
754 751 854329092
1362 1886 507952054
7 74 784756209
1017 788 1857853286
116 712 513187008
289 600 366479174
1980 1360 1205219562
327 210 1378498132
1497 1443 1784674017
1150 1129 1768111473
452 282 1003077403
520 519 670023731
1586 1686 392865290
699 21 717211452
277 532 236708442
1638 1807 1786718756
1075 773 1601060946
1232 1094 1490277096
1915 1750 1820463031
1492 1480 638092343
1484 1555 1798628085
278 402 182179950
538 465 47870986
859 748 245195233
17 49 562667989
1583 1473 1506879021
1329 1371 1313433972
848 1120 131853013
203 123 8169076
237 287 873833338
1328 1323 1478800294
545 91 222277958
190 304 1357135996
1338 1376 571331124
7 4 1724813596
629 361 14909624
1372 1427 151115352
773 883 1123372999
1238 885 516013540
1371 1410 1176605835
40 30 1737429241
773 755 1073114303
248 56 1042629641
213 460 1317758953
1377 1514 1259315330
1626 1760 509940027
957 968 768700072
1070 894 563710187
657 457 1522150804
1011 930 886325314
908 912 361634100
1863 1355 472643548
1884 1971 307904044
735 741 1495144673
1055 1198 1449930731
861 764 706576731
1314 1385 1242112669
730 734 1037524442
1623 1317 347561455
1415 1524 1543288597
204 490 25426313
1461 1936 541076615
1534 1317 1919895751
859 1171 1368201732
612 551 1167452553
724 725 1953944518
77 34 1321657789
1978 1575 691062509
1500 1417 1628043831
105 384 991290946
1182 1243 1497449766
1798 1475 1344488324
1487 1592 1162021394
450 478 1484085024
165 163 284242588
1927 1591 9075578
473 642 1917218030
1735 1323 186271256
152 57 1956916667
1597 1320 1002419836
276 57 1967781599
1383 1610 862450626
1291 1038 636437520
742 913 886063323
1170 1040 235407885
95 161 1953550866
1839 1851 380474515
967 1087 1452311801
1799 1948 509193992
349 75 490468543
792 1004 1430033198
1049 1050 188679847
1869 1768 1652456851
725 740 1944539465
819 868 1723344438
303 618 11156937
383 321 674235833
1362 1357 148250582
743 1299 658038574
672 212 830669982
1194 1050 1684402669
1343 1490 1435904230
723 731 1271874835
361 497 1818627499
1668 1634 298244813
1365 1396 1704521554
1441 1604 848383732
874 1234 643623023
1099 1250 1900074012
917 830 535988303
953 912 394417466
1003 1172 288537295
224 305 356239171
788 773 1813038819
562 50 1375227755
463 236 1359000348
700 281 667094031
1780 1975 392026131
44 585 265214910
993 1231 1725988215
623 443 1481726977
892 751 334831523
6 56 1688087728
1409 1928 477938369
303 515 1311372448
3 2 1690431466
1820 1570 464175222
494 318 9984770
1323 1322 535849994
338 279 896954114
635 551 1858354503
796 1047 610486535
1195 1206 759850258
519 480 77869187
248 359 671205570
921 879 1031650537
1437 1718 824845065
730 725 1004399150
1020 1261 626299511
5 67 607044865
320 571 1891401232
873 1024 1461580789
1025 1085 945026298
189 82 650389167
162 71 1423049777
1519 1327 1960836847
1477 1432 1704193160
344 604 1307019243
1580 1761 426890374
1320 1311 697149376
826 1163 777660628
495 191 1863297159
1780 1598 295438452
1940 1330 1378135726
1311 1713 142762436
83 238 934904086
591 441 332276103
1074 1189 1432178709
1565 1754 990367002
933 1098 1836423222
790 815 190563182
611 493 1198488284
467 588 1550348720
746 765 470237933
502 119 43157549
831 793 191001216
1458 1379 647518558
1404 1908 1633295664
560 437 176931858
1441 1380 578612726
1351 1416 1117163345
880 857 942737138
1563 1471 1205864460
1788 1858 788321890
811 822 371537506
467 296 1648205567
394 132 251979713
1364 1457 864459251
1348 1440 1424808497
1639 1748 1728831272
1330 1808 1262355908
1188 748 1679966287
188 15 1564494354
65 97 260856542
822 1069 1028971383
288 559 398549971
893 850 1039516664
336 668 379432421
1255 1244 1207474315
732 728 127692859
809 1269 1193871527
783 825 1494427867
45 23 1490491570
1438 1326 244454723
1152 1032 739364957
358 119 1565690786
1180 1062 460397466
1342 1552 131809424
1409 1677 1289648660
1363 1398 996164561
878 744 390128567
185 622 1759906669
527 295 1531634415
1572 1307 1606903742
512 449 183554737
18 627 726933427
352 93 1885950905
893 1054 957243495
1331 1595 1431001929
505 306 475018951
1643 1416 483462106
1409 1327 1626134746
106 70 364815537
841 870 1615224959
1911 1941 1584021990
1445 1357 355698488
1343 1346 1037769678
792 781 1419508107
1747 1690 242579033
1775 1405 117067279
1901 1401 152067920
365 354 568699756
1684 1592 1654472864
1787 1660 253354233
1373 1346 1856101069
2 1 1916980843
1417 1456 1276796672
1504 1591 1847724506
163 690 2003189618
1006 1055 943653366
50 58 309192878
1360 1504 1540960530
1098 1207 704103402
1323 1424 735513862
1657 1670 1054727176
1102 908 1120818995
206 71 281587106
779 1225 344341424
1080 833 303673471
226 228 534390209
1960 1307 1029680797
257 406 1126149795
1643 1813 1594756109
1312 1436 218309975
940 913 1872725201
1111 1168 794635168
970 1130 1924798138
1351 1464 1422097093
1370 1509 1123015449
1389 1325 818688653
488 144 990862365
1323 1381 1867925899
767 765 1519512046
886 838 52732830
570 527 297991473
1099 1143 1595385447
998 1029 86566600
1444 1827 1771078728
556 375 2008949835
768 757 1296571037
1358 1499 1794740716
1711 1383 1291019966
1208 892 1564495142
853 942 58014705
319 76 1443784680
1681 1520 994057555
786 747 1650097929
52 60 1365462169
825 1178 167886180
750 784 1885688737
2 27 1825440935
301 220 959236925
892 895 1258693542
1379 1419 1470549662
1972 1717 396989594
1422 1842 597915803
776 752 1135805493
523 366 349914180
1346 1511 1535794622
907 852 1551193018
1716 1616 1628612080
104 158 1529217077
567 162 1589211758
1382 1341 644741279
905 1046 1430493133
120 186 752111200
802 1167 1916020033
1854 1957 550280409
897 868 1283002860
6 53 822866169
1413 1405 417092468
171 117 1743620721
1411 1328 1170411408
602 166 1817797783
105 5 850066164
1507 1764 454607330
101 316 1862859225
772 761 1369631370
73 47 471504169
1469 1541 328131105
443 299 661224250
1327 1318 1859856459
1884 1645 2012457723
894 1285 878467699
849 791 100335161
25 481 864821642
1521 1403 1525479997
151 266 1291050911
1372 1784 1446907000
74 108 1519332435
507 453 1098747117
1943 1720 1168523436
773 781 626570880
1365 1310 1826150465
183 13 383902420
785 873 621844455
428 48 1075410907
1465 1657 1488873629
120 89 530474749
282 21 487137930
1090 1058 1323316593
818 765 1959492029
300 12 1969051129
1974 1797 1534451690
1372 1609 967153269
1083 1031 1885984910
688 85 1692812903
1517 1469 1784137520
277 61 1179433906
1709 1533 582675044
1987 1420 1621956450
670 384 1191955076
843 875 395987263
251 694 874797498
1128 943 560930878
536 269 106611612
63 136 110785030
918 1066 1480051619
1867 1916 793242236
1164 961 1881219775
1399 1487 923143442
424 260 88699419
1407 1628 1171091822
537 68 133936412
919 883 1038956657
164 210 1073801084
1431 1313 1538127850
1126 781 1824453855
1819 1495 1438157739
1328 1621 394164225
952 753 833571565
845 818 489565897
579 255 849229728
832 910 1791135289
392 247 1752909308
1452 1556 376885629
126 121 1900741325
70 15 1446419417
1374 1605 1331658027
16 100 675012894
806 745 845424382
245 189 689891792
1562 1422 1402029438
1867 1689 1621850119
1002 784 1224749426
509 339 1519867900
403 580 2009772067
844 756 264252772
1044 951 273845256
1471 1414 1127562002
1406 1374 789292562
1292 1041 1570600937
228 535 738243457
966 1018 1903760635
1106 998 1089832906
1486 1430 1754422147
1922 1945 1981200276
1028 747 525770593
1512 1349 1548014959
1339 1800 414402984
951 893 1668216929
835 768 1014435731
1057 771 973687001
639 371 351184466
852 794 1147072979
800 817 311744293
620 392 236310733
563 499 471625139
146 262 1525597579
1401 1326 70700570
1396 1429 316273310
770 743 76907576
892 1012 1994054632
1674 1993 1801095194
145 513 907734329
918 1177 491904397
872 1061 881198189
870 1048 1952938090
214 114 1516018716
1875 1351 1669509464
275 158 760555728
419 247 1556682720
1748 1812 1669041037
920 1214 147752401
1789 1381 1822470786
85 156 339474956
598 89 617759515
1564 1619 171418305
778 1100 384327595
152 621 1608570173
418 393 96961010
87 103 1611042089
1480 1640 1756814624
827 884 1011874608
1613 1454 1264209611
1307 1356 757966578
435 74 1262151442
720 738 1288152326
241 24 1237960570
1719 1878 1742812105
1957 1985 995829584
1307 1510 1497097402
122 16 752115949
23 3 163738839
583 246 1192898837
637 673 1949574616
1406 1958 1745677887
396 382 389680308
234 95 409794680
47 33 3753595
855 761 1379977162
1402 1317 1811876932
1542 1419 762224165
961 829 2011617233
575 573 430894183
340 412 159737726
1790 1378 868511112
41 19 1302393014
1870 1794 219309870
992 1038 1292514030
771 973 1734539431
132 397 97871956
1348 1525 1240604011
89 195 1041140191
223 641 1964864351
1538 1455 1815355988
1925 1322 1250133271
66 39 565584334
334 121 157560823
120 201 1172001390
1744 1753 1578697300
992 921 1518085179
746 890 206033003
1309 1311 1250563856
1332 1328 1242445338
630 50 112775828
608 680 925457509
984 767 1248607300
721 726 1979470143
259 46 367306208
651 244 1230286187
1073 763 136806117
1394 1672 1652051301
842 1016 376015333
1602 1962 1878514144
84 407 1210762724
733 720 314539762
1135 1038 71094156
24 11 770392029
104 8 251485503
436 83 1637953934
821 750 430627221
1661 1395 19157481
1321 1392 1943159818
1312 1311 1378419066
1317 1353 1026581104
1401 1415 757560881
118 64 268391888
1333 1315 829012030
1885 1517 1240748625
1566 1444 691580043
1439 1412 1400078511
1792 1704 589420445
1125 1077 1767362627
8 3 196182268
1242 950 845932249
1855 1479 1932376539
1134 1015 236776945
1779 1417 378846476
1596 1441 435683046
1003 801 1730154246
1565 1682 318264040
1320 1358 736950684
1181 1289 288181061
896 1216 771444357
19 8 62464407
485 319 188558390
1316 1797 124787782
561 440 81222774
1815 1837 1490707770
1288 936 843720731
526 61 1210283022
1211 1195 440334275
227 17 384510375
1361 1351 87951792
109 27 1759740922
1654 1981 1110988011
1168 1215 1025238944
1031 757 998411153
1916 1970 801449221
1998 1777 1549009213
980 769 687660048
21 32 100042128
1204 1091 1569339060
236 574 1726230793
1506 1470 876786266
1610 1969 735522121
805 841 804412270
52 159 1037929987
794 1179 510579501
1338 1407 1127062882
676 692 1523268303
331 239 1899580042
855 1155 719965853
591 646 1915304995
754 1296 409611886
30 134 534541813
525 117 692387806
1968 1997 1533104174
421 369 591651292
28 35 1007096589
1931 1529 1822633722
1502 1391 2008505329
978 1114 1512535106
224 263 1440671548
1868 1433 72090121
787 876 436088068
1898 1854 345119005
863 803 164499719
744 1142 1956663593
234 511 917274063
1783 1746 1936718750
762 834 1016265125
260 30 1408368415
751 760 1890292571
1058 996 1436934681
955 1270 726492349
1556 1983 758797171
1076 1174 1596840168
1425 1400 1983991872
1918 1823 845466523
1354 1338 74651613
330 431 1255643796
643 365 1628695689
913 1264 56451430
1364 1547 147047316
169 43 1186306224
29 337 1719489166
853 1119 7647737
388 305 946511409
928 871 1728993473
779 1121 51944095
1335 1343 1268806905
1683 1603 1393370403
846 909 710787113
1574 1742 1214529609
1434 1654 1483363073
38 426 761243855
728 721 1517456543
790 929 63361987
175 102 1587524350
758 823 1554793483
955 933 682779771
1605 1662 989134618
592 493 357354780
1071 905 1456683962
84 243 1503517120
867 965 1452565712
839 963 1063044600
1152 1271 869588683
499 66 1385788595
164 204 396403613
767 819 440474789
75 45 1518238029
1814 1443 1166298594
1320 1390 1561813896
1212 1222 1935428092
789 901 688505245
1528 1702 271967501
339 336 1258112317
949 767 940692168
97 249 774410497
853 1007 254047911
240 648 779246049
789 882 1933723542
1652 1547 852249782
1339 1338 124182132
1982 1447 150833972
745 780 843625204
1314 1675 1485992732
1037 872 1810108035
1624 1487 113596173
325 77 263027572
142 197 505181983
891 1229 1795396196
171 429 307154165
1342 1433 1483467803
286 236 1619584237
547 13 1283664088
1932 1638 60252614
779 777 247409567
1740 1547 1481247451
1022 825 66414110
777 773 1327912260
33 54 1811801477
1616 1578 876290928
1598 1347 1518889708
1829 1583 540490372
501 530 1449398275
711 124 1417389074
764 801 86353303
1691 1850 1172890703
1757 1862 179734841
739 726 1102325111
1710 1699 597155246
23 33 1040805011
182 115 877741462
107 99 799728828
1868 1905 1690260654
305 432 770758306
1882 1500 1220589062
409 454 3779956
1317 1470 374631427
778 811 126098556
1251 1073 303713723
1658 1640 1908434584
186 281 91960864
1139 834 1069307585
1688 1418 685053603
745 804 356166108
810 1045 1716049961
650 97 528995020
789 791 1547159890
976 841 1368609805
1347 1469 1828052589
1315 1316 1207073157
291 328 965090428
179 37 1173480199
288 286 32008072
1326 1324 1270256061
791 896 1639102500
631 569 1491710787
957 832 1003285721
1786 1418 314339517
154 242 936505373
1253 1247 1523351171
1433 1601 763062089
1333 1418 174940676
378 330 1992615709
37 28 268671528
422 15 862654775
784 932 1646334038
54 89 51428926
1720 1676 1396997968
73 357 1716586952
1077 1036 1673566427
343 253 109769249
1309 1380 1105332078
1452 1625 1095590725
472 415 471074499
979 970 88280028
420 292 156503285
271 326 468123215
259 332 1868954459
1032 758 1381771782
1732 1346 511445728
724 722 1628389903
267 380 336236557
1528 1736 111891441
1537 1428 1707176135
374 354 1836623798
512 566 516850169
43 5 1841529256
542 403 1760084122
1774 1667 756178558
1618 1321 622767118
1976 1345 1142058368
1396 1447 1374355211
110 181 641494022
985 821 571310993
1723 1474 862695637
1544 1844 79219341
1482 1384 529017527
1351 1319 1004620760
1056 1005 88409781
1917 1903 583015963
306 287 918894958
719 129 1208248712
791 1099 579617572
1400 1558 1250336943
450 2 55043091
679 631 1235698877
1621 1431 689752079
1728 1485 1297238221
1393 1544 22236749
736 660 31510500
1435 1338 1971143949
822 1060 1957396742
703 822 1335590793
1731 1761 240857448
719 854 1411511396
873 1162 973799148
1733 1731 105012
1716 1479 278843496
3 529 516135569
1573 1407 618190930
2 187 406988294
4 329 22511275
757 930 760124338
803 1022 1047416169
1640 1441 272980191
1429 1335 1107198573
1800 1731 471450880
661 738 1067405316
78 3 1737025237
1797 1731 1177573595
1731 1897 223999512
1667 1454 95860868
1052 818 1333379154
581 3 1780276296
813 698 636930794
279 3 1597350285
599 615 329198929
756 929 944113189
1733 1746 1497764422
1393 1545 700030081
1971 1732 1067057810
2 373 680129172
1311 1276 951767727
3 456 1039759477
549 3 1956007814
491 3 1417540809
1936 1731 843934849
1293 1345 66667299
976 780 1175611988
798 1013 633100310
1167 875 1241346818
1239 911 511824403
1459 1677 1972369220
665 746 1419432211
891 1198 1957480232
619 601 1374808214
1732 1751 348312233
787 685 884928474
2 159 1493655021
3 521 1866308564
3 554 828376140
1395 1548 1086444950
537 4 978862035
1557 1399 602889430
866 1148 594267180
682 781 1646002671
598 591 1906658563
591 587 589415076
1136 860 747367218
764 945 1367548616
1733 1973 1933958677
1961 1733 47323776
1866 1731 34820228
1689 1465 1878187238
834 1084 179100458
747 911 1135217926
734 884 73431609
659 735 1758062940
477 2 176777354
4 341 1301652542
1694 1468 808421075
1047 815 590875833
3 65 324244956
709 646 74352636
4 270 1452114804
1455 1348 104455765
686 788 1480133893
1395 1549 328174115
394 2 585316083
621 659 475336206
528 2 1554311477
1680 1461 779086584
1387 1532 1753943245
1434 1626 1872314314
2 214 448122510
2 280 704787705
633 683 1964629148
1569 1405 1232426891
1317 1392 627045518
910 1237 843633307
616 600 1581194554
1241 912 121518372
1207 895 1440066288
1283 1262 647309439
87 2 1906169075
1449 1345 579956319
1473 1357 1369956253
1399 1320 1677497227
689 636 578605266
3 360 536537586
827 1071 95299509
750 667 1685940467
1891 1731 1176676128
630 607 824430953
388 2 545111515
1394 1318 395470421
1643 1442 1200082275
194 2 10772460
1420 1331 345272375
4 216 86290195
624 604 1845321126
3 336 409492473
1217 900 1260485815
666 748 1027162799
2 584 1279875606
4 207 523172136
1328 1285 1080285090
1305 1368 313284994
1991 1731 246888111
629 675 159684123
1574 1408 1132341021
1251 1260 491390856
401 3 534083176
1249 1257 75959875
1356 1470 165596038
864 724 963869598
3 189 1576465894
1610 1426 684765107
869 1154 1761091373
115 2 1562370424
1456 1671 1970045037
141 3 24643608
611 639 635716513
93 3 532783923
468 3 1114212996
694 639 380762771
1572 1407 1210199208
1316 1391 252097602
4 51 43600850
724 865 1062593354
1421 1331 896788041
1902 1731 1820533088
752 668 1076532388
1369 1497 913588777
828 1073 1193495540
1338 1434 1922521369
1584 1413 1857517590
2 556 1359677731
1733 1896 1441621982
719 855 1158244272
250 3 1839728382
1581 1411 25267374
1291 1266 756871827
406 3 1129620917
3 484 421765278
386 3 1162618576
654 725 1426297753
1710 1476 1422166039
3 340 453842484
1871 1731 1396595887
783 983 261163475
1402 1322 788842316
1732 1755 615168521
1355 1468 1221157827
585 586 182779961
1892 1731 464778160
1731 1868 826416854
959 771 103578561
623 663 1022991783
1494 1368 603018616
2 499 45627821
686 635 96564801
1367 1304 483205538
690 637 1895809511
1346 1450 1228213020
162 4 304168070
715 649 352154715
1196 890 1732074270
390 3 357728749
842 713 1752973778
1733 1883 1589337362
1733 1833 916764170
1644 1443 1087446640
1683 1462 125225684
208 2 562665360
717 650 830683391
497 2 591613933
781 978 843795423
1929 1731 486108182
1356 1299 845492295
460 2 250547996
627 670 323271415
4 451 1807487040
1420 1598 788918342
988 786 801312952
870 1156 1437892217
347 2 1358770154
1921 1733 995302322
963 773 271647248
1825 1731 1690884698
481 4 1351489404
750 916 1139788543
86 3 1327928382
338 3 107591796
903 1223 369977274
306 2 1086711120
315 3 1344948916
3 435 1233475951
921 752 268251769
1282 1262 1018964458
1417 1329 1897109577
1733 1947 7049447
1731 1904 581322326
608 633 1292353708
1788 1733 2002772687
779 974 1888437685
1089 836 870340794
1330 1418 1339864515
344 4 573332730
2 374 890890625
334 3 618664971
343 2 1237093623
3 357 774115368
1731 1759 1806694264
2 275 840451048
693 638 1592238116
219 2 858191784
1247 1244 1009787857
1057 820 1477443106
679 774 1459021137
932 758 157129022
3 552 1394679851
531 2 1894924769
695 807 1646425617
1011 797 1679027841
1297 1352 1337391872
1430 1336 1251872839
1486 1730 948275647
865 1147 27853836
600 617 970827744
1352 1463 104083664
953 768 470433191
1302 1363 1600787221
2 439 1001689637
2 90 603353054
1397 1552 1322737329
1828 1731 1941798666
151 4 1666002701
1309 1275 1089595682
622 660 1041898594
157 4 814037728
914 749 1168559151
1235 909 927117732
3 108 1489119320
799 691 1486713915
1283 1324 1362683694
901 1219 1562108370
1735 1733 1859881824
1385 1528 575048844
1495 1368 1604074496
1733 1945 1229441625
683 782 405991252
1350 1296 1904743993
1823 1731 1550086565
1747 1733 1611270951
1294 1346 1597663247
1733 1919 1601032037
804 694 840796285
772 678 1892454210
759 934 1423203006
1578 1410 1013502395
1734 1733 1205494647
1559 1400 710181805
1731 1768 1488666295
553 2 1845844555
1446 1650 1553741958
1487 1364 21062270
876 730 361753330
1732 1887 719388816
4 55 1820213966
879 731 1740583737
16 2 589696743
688 793 1418915611
4 47 867882703
1297 1353 710473018
1294 1347 918775018
222 3 507282367
586 589 657295643
741 899 336467691
1290 1266 193952514
1092 838 483575637
4 128 332415999
467 3 1770179651
511 3 1311514592
76 4 1465955489
302 2 859501978
36 4 249931529
506 2 737853933
1733 1806 1498192983
1023 803 1219324736
761 939 237597819
1733 1888 40455805
1958 1733 1652964798
1425 1608 1408529916
1457 1672 1426914967
12 2 247333663
1458 1350 1612727070
46 4 1973663341
1731 1908 1267308445
4 377 1283008524
145 3 1119980444
767 951 583554071
330 3 1406021885
1910 1733 205072087
236 2 553919474
1114 849 922378430
1087 835 1188502992
3 167 393299452
25 2 1939228532
1312 1383 1072807331
676 768 989678865
815 1046 1196777521
2 217 1532882257
4 49 1988713888
996 790 1607285293
1277 1312 617202356
577 2 1867687501
1381 1520 1237039213
248 4 195027924
1382 1522 199122190
52 3 579545165
1805 1732 1450379517
235 4 85422690
1012 798 67293838
1469 1355 778298326
766 949 813074068
1460 1351 1559944725
1206 895 551161471
4 205 1070926849
1300 1359 1370832912
1452 1347 1893431744
944 764 579880186
1769 1732 1041196027
288 2 880433081
258 2 1846691355
40 3 1732323336
332 4 812430321
1586 1414 711625151
1429 1616 1535862380
1733 1829 1712798629
1997 1731 912954611
98 2 786302798
741 662 1975300217
3 166 1700315362
1774 1733 340620121
2 434 978203861
1508 1375 1140745541
1622 1432 354796595
2 337 151537020
1387 1533 941804879
522 4 1266883791
1407 1324 978177316
4 271 1337511325
2 311 1475315465
1477 1713 74245200
72 4 794981695
726 868 1329158659
1490 1366 872619803
1732 1849 946053679
595 606 1529559212
1431 1620 1240789336
1838 1733 700350252
621 658 669045449
1453 1664 409682271
880 1176 254390393
806 695 1146151985
1526 1384 48537445
913 1242 1221938406
3 42 1772487086
1120 852 1288113354
1375 1308 1436005314
614 645 1636759639
1097 840 1465001230
2 382 317649157
895 739 559798924
1128 856 1302336564
1917 1731 1132004983
872 1160 787361686
731 657 1954019252
917 750 549339562
587 585 1036588496
725 866 633989499
284 4 1783732920
479 585 1590779107
1280 1319 559712081
1396 1551 685870945
331 3 336742171
1516 1379 243906602
1440 1638 1485329415
777 970 1382210467
867 1150 1812572286
1880 1731 1572774802
1333 1287 1975543793
1027 805 280286550
503 3 1411865681
734 659 1062699007
925 754 1035174119
1596 1419 825377464
1298 1354 1926188867
1733 1873 461007638
1256 1270 758230243
712 840 573199495
525 2 186316505
1466 1354 60632163
883 1182 1201596588
1351 1296 624032632
1248 1245 44691457
1816 1733 1915521613
490 4 652191327
777 971 1868540996
1636 1439 854539190
1732 1940 1127758166
2 509 555441761
3 564 1770173901
1447 1653 1058997959
783 982 1517205939
1884 1732 858534855
95 2 1700732109
1732 1905 1684445892
301 4 1514526913
419 2 1565012287
832 708 640462410
138 2 734596397
17 2 1625788506
1138 861 292422314
1811 1733 1324321992
706 645 1303621081
1245 1249 95861632
3 225 1055990411
1951 1732 951926156
819 701 944810363
1281 1321 833467150
3 266 22500862
672 761 1358303890
888 1192 740523632
1879 1731 335374998
3 465 1225121281
1827 1733 274230165
1485 1729 109716781
1412 1327 1604171980
197 2 577365933
1500 1371 1562366040
873 728 830770324
1309 1376 1051805842
2 354 1732159218
697 810 431066837
1424 1606 535297556
1732 1834 1358561828
181 2 1369280864
716 849 1309590833
1732 1916 178956667
1942 1732 1426072956
1005 794 1179504294
106 3 1667247057
1132 858 108602976
4 209 843529215
1165 874 855695760
1645 1443 1954466368
378 4 816036412
1269 1297 135155177
260 2 852663161
1541 1391 1110950199
1477 1359 617915186
749 915 402602813
819 1055 1813842996
769 954 343023022
1291 1340 1283666382
3 289 1219022214
3 559 1631410102
2 544 789059850
796 1009 1491326488
2 418 1185223865
570 3 408923426
1043 813 1040701494
3 351 1794422614
265 2 1185128332
3 263 1479225182
775 967 1234138769
94 2 1632051353
326 4 392272840
654 619 882056883
74 4 1113945931
1164 874 1455417746
2 6 1480420126
1290 1338 230857049
1985 1733 452478263
786 685 1212438147
935 759 1952996600
2 322 1272637341
1303 1272 932872811
1965 1731 270264358
179 3 986175087
722 861 616324679
4 447 1253113867
139 4 386676445
505 2 1343493755
632 680 87293627
3 567 1565216571
1732 1865 912463147
846 715 869188432
1732 1969 909403677
1731 1872 1202456526
1649 1445 960298249
1492 1367 520535584
1475 1358 302441814
493 3 156294448
1775 1732 887230644
1692 1467 428343786
1377 1309 1395462986
984 784 1907124895
1733 1830 1411707498
1603 1422 405899588
2 14 1721607619
647 710 755873240
1410 1326 549108191
161 3 573349039
1915 1732 922150192
2 44 795089241
1482 1723 1554015572
893 1202 319653628
671 627 1512431462
1733 1886 1354845174
23 4 1527916900
3 473 2001532381
688 636 1626730531
732 880 1988294820
821 1058 1056093383
1977 1733 332057591
1382 1312 1078627852
888 736 1498133287
594 604 859229894
810 1037 1062535356
605 627 787278090
743 903 1973442172
2 563 432143297
487 4 1950975175
4 71 1130119489
3 300 413612314
653 723 373617276
1388 1315 1690873820
1856 1733 629478196
892 1200 169194219
4 452 380962247
1288 1265 343550807
1019 801 861238529
827 1070 1924007068
1848 1731 1257580958
1798 1732 1798135422
1954 1731 1026427309
1075 829 708553011
4 99 1407692801
2 408 1359924184
767 675 1191816372
2 314 1353081161
4 535 324663333
842 1101 1169832256
599 591 1424017983
4 540 1504253621
111 4 293122678
764 674 208286818
548 2 1610109588
3 186 287469464
1342 1442 1175788519
4 35 1460466880
4 45 1388962884
1925 1732 1773029404
1852 1732 1409110923
2 175 600062389
2 453 1871059030
1343 1292 1192784118
1731 1949 1877138554
1244 1246 423144727
695 639 203895298
1733 1968 1153989159
4 19 1434957638
1356 1471 1254909257
146 3 221912749
1303 1364 1681424186
309 4 696458634
720 652 676605758
1115 849 889769680
2 191 1828090213
3 73 1428003364
1184 884 1943292005
1186 885 29450791
4 137 1971089557
1390 1316 167763763
774 964 562188974
1424 1333 1312824212
3 375 1367524907
1327 1413 722061280
1159 871 490730502
784 985 224226458
3 80 614106431
3 232 360455761
689 795 632342158
677 770 958857197
1388 1535 1333202928
1387 1314 1236374548
1863 1731 1082799191
2 114 1675857285
1458 1674 520127205
1524 1383 702443617
612 641 127833978
1453 1665 12830030
1277 1313 22185036
1659 1450 1668184598
880 1177 1908674871
2 105 953690769
1529 1385 396059422
858 1133 1162248082
2 422 1972591156
1898 1731 1439271689
705 644 1903505438
1310 1379 1690612546
755 926 1161343249
4 118 1664203868
1733 1791 886970314
1194 889 729610557
3 109 871478133
852 718 698024635
853 718 769027182
753 668 600368789
1449 1657 905964993
1732 1956 191259740
173 2 1322075336
920 752 115368084
822 1061 1911967242
113 3 1542902701
274 4 72069429
1436 1339 1136279226
872 1161 330926018
466 2 266978018
1110 847 720603046
3 148 1259102012
4 184 1576814639
283 4 518228638
1270 1298 1019390472
568 4 1259678646
169 3 413803227
1254 1248 629596554
1473 1704 316598860
1247 1253 1645511729
1733 1843 1653835310
589 595 1910381343
1733 1836 1390593468
2 180 976106766
116 3 629540531
1732 1948 975133386
987 785 1667205064
1157 870 440627106
1243 1244 1344741024
1007 795 194835017
655 726 1761218228
1732 1766 77034310
303 4 1760128910
1268 1295 1751255025
2 571 1251105532
4 85 65881130
2 241 1259162179
852 1121 89269218
1952 1731 1076492323
1580 1411 557303628
1253 1265 1258891706
821 702 1753043783
3 211 1136714161
1561 1401 558864091
629 674 475935273
1877 1731 385098617
1077 830 1307425172
1518 1380 1504224407
292 4 1800667782
1660 1451 811623233
729 656 1198234279
333 4 945333543
1771 1731 440223300
778 973 31966464
380 4 1956332455
975 779 1749485619
1398 1320 624484542
1321 1401 1731710421
669 754 455065726
624 664 1982131379
1701 1471 1819643447
407 3 1398187033
886 1189 1420377194
1777 1733 51385637
4 226 753896424
739 894 305281678
58 3 78457799
1839 1733 1824260860
2 454 1916463945
121 3 1236906561
515 4 347344507
707 645 813387989
1474 1706 10413424
755 669 952380350
1615 1428 72874332
714 844 651394100
753 922 1071335884
4 245 1752531893
1592 1417 136696164
1033 808 1102109792
864 1145 1714533612
1383 1525 1236069417
841 712 534104943
2 268 1041411789
1370 1498 1734413491
569 4 622451802
1731 1983 1428898062
1748 1731 1597564514
1480 1719 1485501801
900 1216 1897753502
1591 1416 1641723441
762 673 151887198
1484 1726 800149816
831 1078 27517910
845 1107 210304161
1922 1731 1348254867
876 1168 1038381240
937 760 1358463830
1294 1268 294525212
811 1038 347684621
2 423 1049433734
700 642 1901516577
536 4 1317896190
817 1051 226227774
1824 1733 362873384
899 1214 1533632135
133 2 1103439890
658 733 837009605
696 640 841583668
780 682 1926063819
1149 866 1290674107
791 687 1115792404
820 1056 441291706
1605 1423 1987435095
711 839 617099315
1732 1810 86859246
2 416 632201915
103 3 1610551222
1448 1655 648568316
592 600 600184937
3 372 444338176
1647 1444 1316871006
961 772 1761286331
1345 1448 1022684346
4 323 1717509724
1446 1651 691175643
862 1141 1384574256
992 788 1797978581
1732 1737 1481758658
3 229 1493726815
1306 1274 347800230
902 1220 91264550
1990 1733 900855663
580 4 929956085
551 2 1191237772
1733 1741 1790698631
480 3 506869156
725 867 1642502917
633 682 2003894259
1357 1472 1114976756
1259 1277 1303044503
1049 816 1352368631
1732 1793 797093930
1466 1690 36016740
316 4 174775395
545 2 527587517
1630 1436 1014564664
1254 1266 1519329755
1040 812 1836662431
1732 1862 1782875523
4 48 1848734413
813 1042 1628769491
512 2 1089923369
713 843 961234904
1232 908 1001371825
811 1039 1476329931
204 4 1367088451
606 629 975679313
243 2 1160198997
170 2 1051480777
3 463 842323215
59 3 339283880
1024 804 1189228554
737 891 469740185
1353 1465 523981332
704 825 991536017
201 4 355056815
4 125 891427509
1483 1725 1337595394
1464 1353 1705765511
751 667 143305698
1088 836 1771238918
905 744 844595993
1369 1496 532108531
667 625 168651238
1015 799 826127661
678 773 1510819098
658 732 913166807
837 710 671286799
965 774 1485082351
1717 1479 479869272
1415 1589 1088320492
430 3 809971879
561 3 2005506490
4 427 748596524
1304 1273 206571415
1375 1509 805966307
231 2 1305512299
313 3 117898668
77 4 444527496
1731 1736 313755995
1451 1346 1999680473
1511 1376 530099629
1982 1732 416622739
637 610 1302229611
1083 833 1029936262
1348 1295 973184647
864 1144 838715117
1483 1724 201343880
1126 855 20155683
1481 1361 1314729295
1740 1731 1922525178
625 666 1710133496
38 4 743496718
691 637 1704433842
611 638 1564730884
1363 1484 1764786909
853 1123 686654632
557 2 63906697
163 2 373866561
3 293 1163885339
1332 1422 496543517
1519 1380 568227181
1732 1820 1910160661
384 4 1886152930
588 593 530276556
2 395 289102383
946 765 1428003218
1416 1590 1434457794
174 3 1074502568
18 4 849328925
1732 1826 727452265
827 705 542412709
871 727 243101161
999 791 599535927
896 1209 148758616
905 1227 1662884783
1773 1733 65889701
860 1137 976320689
4 414 1458891047
643 613 1557699702
1691 1466 1674822998
1410 1579 414362621
936 760 340465652
1398 1555 1941075894
1937 1732 1803587885
1119 851 1072858902
805 1026 667120649
1034 809 1703989004
4 342 102849783
1213 898 740632203
1477 1712 994390090
1817 1733 1055107988
1105 844 1154972444
738 892 1253255506
1744 1731 342477027
4 196 1802017730
1187 885 271696535
1404 1566 662696928
276 4 493582114
1534 1388 1813706148
868 1152 1293331655
1010 797 1525878681
737 890 1922159607
240 2 222118696
513 4 238694839
3 328 602664937
1480 1718 754119663
4 320 1411544465
1733 1784 64581800
883 1183 1632142634
634 684 645944309
697 640 1068862356
1470 1698 505733250
39 3 829566262
1444 1343 569567021
2 100 855250478
3 555 227217670
2 502 790878356
653 722 1849853595
1831 1732 1062915070
801 692 199033182
501 3 1798292285
721 859 1840292211
1404 1323 1261377339
589 594 1276036884
1571 1406 1178159929
1386 1314 1897063135
3 308 1391014141
881 1178 341133025
1742 1732 360744157
1299 1270 47748761
1418 1594 505494632
2 541 1616823734
482 2 350286791
3 325 1275685768
28 4 101261888
4 335 713069065
699 815 405916503
376 4 231405071
744 664 1205079742
533 3 649737436
1628 1435 2013398318
4 30 763102959
803 693 1636963121
1483 1362 601921520
817 1050 504242150
4 299 773102850
740 896 88597868
662 740 1006100022
318 4 1902419981
1670 1456 433407911
2 155 1628429819
857 720 1465796932
770 956 1926035141
1093 838 572070729
1205 894 1694776736
749 666 323175775
1454 1348 1127444008
3 91 1254685642
1731 1782 354755145
62 2 1626125755
898 1212 1045591848
2 21 758493997
1776 1733 1565802783
4 50 68245823
1733 1955 924158306
1840 1733 1251178198
1230 907 1922695051
297 3 1800653810
1127 855 637018648
359 3 1195365076
636 610 1615983747
4 387 1746022989
1409 1576 455825698
672 628 506048443
3 485 1872479551
1419 1597 1930129079
1222 903 1060639464
1923 1732 1213657726
152 4 1772757423
605 594 151192766
176 4 1849352535
1358 1300 1194728774
1489 1365 1624463766
802 693 1773182011
1256 1249 460650932
2 583 1550136475
828 706 667752710
3 526 670392075
1190 887 1595659568
1287 1264 1508061304
1785 1732 865423448
1268 1255 1738322570
1367 1493 1834738728
897 1210 260431126
832 1080 1946092448
3 185 1952058642
1600 1421 1016559762
1311 1380 1467382202
3 295 554245142
2 246 1692521519
742 901 1997197460
269 2 584047189
635 609 798479106
1096 840 1094545031
1979 1732 1627291142
1432 1337 1898867764
32 2 348142706
291 4 305991119
1731 1867 474262283
1334 1426 537409567
1731 1953 707790771
1002 793 411045028
1537 1389 627932075
182 4 1029588274
1989 1733 854206381
350 3 853466436
650 617 1136766558
1994 1732 1648261037
1398 1554 997417098
1091 837 836836976
129 4 1596227650
1224 904 1737353359
1733 1745 1127780957
966 775 1308525861
3 84 467645949
1975 1733 1380711993
431 4 959433577
2 238 278078671
1731 1822 598201859
4 131 595837709
102 2 1331257583
348 4 200116531
1336 1289 1239872556
1611 1426 1736227238
1732 1770 105208592
2 66 1871354891
3 256 1240632226
1452 1662 889962913
1732 1996 146683122
244 3 1409405478
2 530 762899610
1575 1408 1680791891
1247 1252 1780219623
1468 1695 1654327659
4 433 1578526592
610 597 593631290
4 362 1545948197
802 1020 1778336414
1360 1478 268525324
613 598 65842965
612 598 1372444204
4 565 359741835
771 958 724761859
3 177 950570412
1731 1813 1182215182
3 277 1025326322
574 2 1308558637
1890 1733 112588760
112 2 147940893
1732 1967 186797147
424 4 1827138092
1733 1787 127943941
1451 1661 1029850988
712 648 1614958387
615 646 624204676
1950 1731 501661133
755 927 1464873559
171 2 1307136137
469 3 291625419
1365 1488 824260882
676 769 1655243837
878 731 648866439
1882 1733 1576005901
2 67 1411441359
739 661 1512240012
690 796 1452882084
1467 1693 827809820
1420 1599 380429580
1582 1412 1441587344
1342 1443 1679155079
534 2 537701793
713 648 1967849797
546 3 1678633819
1733 1790 928601622
1319 1396 130011848
1124 854 1832596997
1721 1481 936525228
1440 1639 297488889
3 494 1962024018
828 1072 1370038811
905 1226 409430789
4 321 24369912
950 767 1275352819
123 2 1302865416
1255 1269 954633583
2 368 1172432924
1794 1732 1631077619
838 711 552675959
1274 1307 291841532
1441 1341 94892449
1470 1699 1210353144
1199 891 1336264937
1732 1772 1952481181
888 1193 98454413
910 747 694971328
1753 1733 933886202
1731 1845 1763560435
1261 1281 352992337
800 692 1034635057
1685 1463 256011137
719 651 400347659
593 602 999298492
745 906 1450843033
1731 1758 1514888371
893 1203 639603676
1340 1438 641122552
393 3 965703897
2 261 116705103
1059 821 1951420893
1588 1415 364309358
1914 1733 358708804
632 608 680455902
1412 1583 1129331969
1731 1804 641079840
140 4 814527013
319 3 1982710923
3 444 1551536452
1547 1394 757872682
702 820 1492571623
2 449 809061067
1506 1374 1933422661
1732 1762 614574654
1517 1379 676626825
942 763 963692800
844 1104 588720738
626 669 1970326853
1415 1328 1590290119
1259 1276 912559245
1181 882 1510450039
897 1211 360014195
287 3 451545416
2 400 637844253
4 442 523589669
29 2 866943963
661 622 455092418
3 324 1414336600
841 1098 1612164202
876 1169 788275854
748 912 322157869
68 3 1985711023
1521 1381 1888513034
881 732 359196811
3 156 1029767308
1334 1427 97247270
75 4 1294452746
1423 1604 1622844861
1264 1253 730966456
1381 1311 1053543663
1648 1445 534528768
310 3 1013956333
1503 1372 47298520
249 2 1008904972
857 1131 1016004228
649 616 339631710
1733 1870 1799302545
714 845 1485266587
135 3 96907765
1732 1907 1985219168
1325 1283 591720102
1406 1570 985407402
701 642 2004654281
805 694 695345866
606 628 1622274539
446 3 1293660301
635 687 543996180
4 476 1110783084
1438 1635 108289218
1370 1499 1428172119
865 1146 591640832
1339 1437 1159859094
1543 1392 895106049
1733 1875 1661736440
1300 1271 1361032894
1432 1623 1626427633
573 3 1984089360
1394 1546 477396510
1613 1427 932917627
1733 1786 488573416
758 933 882513636
1514 1378 219675284
1478 1715 587478690
1313 1384 1055553831
1252 1263 1673541984
239 2 1705895896
943 763 69592884
1372 1307 1639034407
550 4 377472595
1135 859 1742906641
1275 1258 1166027856
3 193 579410960
4 242 1569641357
794 1004 1106647429
1414 1587 1645221888
1733 1924 381033541
1358 1474 1157338799
31 3 731512551
1476 1711 809810519
857 1130 961005877
816 700 1578640851
709 835 775162539
4 470 1795656060
1378 1310 1920442720
1732 1995 359183908
1913 1733 1628416841
1447 1344 1433332432
1993 1733 1912348179
2 61 1984435252
830 1076 1370776457
4 479 2008975805
1795 1733 1614339141
1018 801 634717079
461 2 1140048783
254 3 174110231
3 353 602435369
1733 1984 1480007900
1563 1402 1224375813
1278 1260 1749450820
603 593 672007013
4 9 1065946038
1607 1424 451665442
826 705 1823479963
4 88 996581967
4 366 1027446805
631 607 1251690392
770 957 965511135
1738 1733 182455209
153 4 713604471
811 697 1261438724
429 2 685630009
595 607 627683481
747 665 1508659678
623 662 813449634
1467 1354 1177688865
1731 1903 868629763
850 717 299575540
1003 793 1309636019
881 1179 1022599017
3 53 1977524175
608 596 1319653148
1405 1323 1372017440
79 4 1886473775
603 623 228078553
1656 1449 914289232
2 264 514937292
1391 1540 825965922
8 3 1022618466
7 2 1602518455
1221 902 594097942
1029 806 1277366226
3 508 208012408
1403 1322 860927365
4 223 1208898667
132 4 1845948076
789 994 1059050513
1732 1934 1396383084
1419 1330 191633290
1733 1966 249049406
1299 1357 1519761085
1515 1378 1111919999
1464 1686 1492877356
785 986 94928206
940 762 1696651057
267 2 19193044
969 776 1588436945
1439 1637 515061255
587 590 1075442077
818 701 252358422
1641 1441 173829311
1335 1288 1756123459
1301 1360 1723530330
643 703 514490493
1562 1402 1759905144
790 997 591836342
729 874 101613988
255 3 883269767
3 547 92514350
860 722 1775448037
1021 802 443225339
1668 1455 777700097
4 126 1598130743
1079 831 847511936
443 4 279028189
1406 1324 1669719163
572 3 1795764548
4 440 201075961
1430 1618 1871778891
1236 910 679103537
656 620 1345523687
1285 1263 1390131065
471 3 135199830
614 599 152742503
1731 1850 207080306
1274 1258 539485989
1731 1861 1178965634
743 663 795920588
1256 1271 1112326060
2 496 1679117107
389 3 560286085
1482 1362 799573905
4 136 560475673
1893 1732 674358050
1280 1261 373913426
1433 1625 47388459
2 578 126649631
251 4 558672211
97 3 69535089
1461 1351 449691419
841 1099 619323252
1139 861 835952634
2 355 216318441
800 1017 578875951
1302 1362 587148728
3 339 11463471
1733 1938 510351239
990 787 1379617950
1749 1733 926565808
1458 1675 2005352191
2 213 625885122
1619 1430 1554459048
1437 1633 1320608273
500 4 652645843
3 560 240478458
4 119 1742310795
1732 1859 515004252
901 1218 1430007880
4 104 732107101
2 110 747314527
370 4 1064844481
1970 1731 62701601
190 3 1224018528
475 2 432744127
1731 1754 85859448
206 3 504614711
1364 1486 243965660
671 758 344301164
312 3 740445357
1733 1941 1197093422
1789 1731 445409561
1455 1669 627555479
233 3 381404391
1733 1963 1013992560
1335 1428 335687943
1732 1869 1631110907
1844 1732 1667383709
730 657 1482379570
1707 1474 1773970755
1481 1720 435632968
455 3 644101695
4 412 1298645758
698 812 1909370754
1731 1978 1321974365
671 759 1886881824
1731 1959 291808916
3 130 749842829
3 405 385977170
3 413 1537408125
519 4 848287203
836 710 1343537721
1703 1472 770325843
3 504 322582227
1332 1423 534848860
2 391 1748230850
2 464 1071841096
872 728 1661081194
1627 1434 452722343
723 862 1744897363
1053 818 180737675
1287 1332 836968485
317 4 1878165784
1901 1731 1647880418
2 82 1674075247
1286 1330 1935211056
1108 846 257132950
566 4 357070942
4 472 1283570838
696 808 198260566
863 1142 1487639345
745 664 331573355
1731 1818 1679207316
870 727 121339608
1109 846 1525936333
775 679 1495754590
1171 877 233939041
1513 1377 639040660
968 776 1409429134
3 89 1592354852
4 290 1726160927
691 798 1992066361
1485 1363 1949347956
738 893 1282421151
1478 1714 1618912488
294 2 1720828518
257 3 1435161577
1337 1433 573292609
1530 1386 1290989154
1325 1409 399101098
1304 1366 1360673391
1041 812 583446947
147 2 1050229547
656 728 1375877648
1418 1595 1387191288
1323 1282 55121101
1731 1911 736783299
1316 1279 528604158
1731 1857 782955343
3 361 1829678866
1732 1853 125143019
1416 1329 715841855
1821 1731 1160940777
1279 1317 1707911607
4 168 1508795332
2 70 422300320
1404 1567 1532469308
1261 1251 522526166
683 783 1146160810
2 154 1927653883
981 782 1533714986
1469 1697 610479259
647 615 1673910893
717 851 1536487843
886 735 1486430358
998 791 1523122931
1129 856 73071087
680 777 1129470952
1229 906 1904611988
806 1028 1694457677
670 756 1393353869
2 101 146704184
1240 912 13144950
756 928 649778378
1318 1395 1986926536
1523 1382 1691251161
709 834 371239494
995 789 338009011
1629 1435 51435368
230 4 1528603521
1702 1472 1058773827
660 737 1640634244
743 902 1851331436
1293 1344 1465647917
1257 1272 1170941211
1841 1733 769124899
1783 1731 1351732156
4 259 239088909
272 3 1030148310
1733 1819 659204665
1601 1421 1535744782
1069 826 1433764058
20 2 764105957
1134 859 1976170834
1397 1319 942367095
1028 1731 119854849
122 2 1101132840
4 165 1479015403
3 518 1266806315
3 64 1691786745
1329 1285 1233467045
1293 1267 1898674403
398 2 468483116
1315 1278 651622342
345 4 566387489
1992 1733 1866372247
523 2 484499263
1328 1414 476630895
403 3 908375335
1427 1612 29099136
746 909 322315982
1269 1296 1572518956
1035 809 1471006066
1731 1930 698143338
1614 1428 1490049128
1732 1987 1034395824
420 2 401426702
3 188 401587323
224 4 1974578804
3 488 1667681322
1731 1796 779525660
727 655 1348224155
972 778 1558462618
3 83 329725432
977 780 1520810145
1460 1678 713914268
1763 1731 503264668
871 1158 1351966544
1233 908 966797714
459 2 908881598
3 234 1564320395
1560 1401 1136157246
843 1102 1525124010
690 797 1371219828
149 3 1619181680
1310 1276 1223410445
432 2 393979368
1453 1347 185665329
307 3 1236259650
1373 1307 1070673806
1399 1556 444992790
4 3 1956879318
1298 1355 197909296
3 492 1641970016
107 2 88990650
1631 1436 1298658292
1874 1732 950434003
1448 1654 673184047
726 869 428946301
3 212 1839059516
54 4 645908546
602 621 1742549882
1539 1390 435040792
1510 1376 1408770058
1733 1976 1521524154
730 877 1245656831
1352 1462 1879366744
1507 1374 165395030
4 69 648212953
1705 1473 252406817
1174 879 152877170
1814 1732 1647858190
1732 1803 554013421
1732 1920 1483201440
4 383 929136351
1602 1422 1479907348
2 457 921523290
1512 1377 808306041
832 1081 101574121
960 772 148208745
675 766 1230098100
1153 868 1291378535
2 410 1545537535
1172 878 1042842439
823 1063 1108926777
1815 1733 669783388
3 367 837814225
1946 1733 1901323324
3 381 402789179
825 1067 1412982768
1781 1731 1174848753
3 11 1693252690
562 3 1999188807
614 644 489184560
1457 1673 793666400
3 218 1493230894
648 616 1290809484
1974 1731 1500445679
1263 1284 180593302
716 650 1936110510
1792 1732 654115438
1262 1252 285413984
1918 1732 511688
1429 1617 1967527139
1733 1837 244667235
1303 1365 557257702
296 2 1594721994
1565 1403 1581720319
1452 1663 324203086
1446 1344 1196219304
1909 1732 1595013575
3 532 2004340102
677 771 163509200
1731 1878 1353887102
590 596 210176954
1464 1687 1454819539
1962 1731 126595271
948 766 1127414704
1696 1469 259277998
575 4 547995337
1491 1366 946228781
352 4 928351252
1731 1926 1486400207
810 1036 61907224
1765 1733 33873679
1550 1396 1817244996
1727 1484 1376368466
1308 1374 1277449330
686 789 335626982
590 597 360704035
3 160 916719418
1321 1400 636100444
624 665 539205833
3 286 1038914498
363 4 615312311
1122 853 498719156
837 1090 104997003
847 1111 1601740023
1044 814 637742097
1609 1425 198428211
721 858 448842640
495 3 739688107
4 57 321809391
869 1155 1376951278
1317 1393 925481728
428 2 383037138
516 4 1309127089
3 200 1173219509
1709 1475 618168583
282 2 899971713
708 833 203169301
1359 1476 770362216
649 714 1598777828
720 856 1096007116
1731 1927 732675697
630 677 98372714
3 262 142140318
702 643 862687884
1767 1732 1662936473
757 931 253086686
955 769 308293839
2 582 310908005
4 356 1748302125
897 740 1758763129
654 724 1512549782
1197 890 1291445930
1465 1688 1540574203
1326 1284 1402402863
2 349 660184612
993 788 1577073249
878 1173 116875585
445 4 1336167977
723 863 1540599297
1743 1731 1251177500
425 2 1836514080
1459 1350 729543746
1732 1808 1248791422
1731 1957 945970566
4 409 1099958872
1732 1960 748275296
2 379 187747403
510 3 1066734428
1250 1258 83445374
1234 909 925732867
762 941 630978740
760 672 641163256
1245 1243 1783290527
850 1117 419095176
1731 1764 1911967369
678 631 309854041
605 626 677843003
2 24 1942655217
1733 1932 679798095
618 652 1502302834
210 3 1976604029
1731 1906 121484661
2 524 1912831573
1301 1271 1170672077
1425 1333 1911816423
642 613 48957725
882 733 1282318757
4 158 1012306987
632 681 1227711588
404 3 876607272
1731 1899 650766070
1933 1731 23457887
1652 1447 791577298
1444 1646 688641043
3 417 440830106
1732 1972 1773638675
907 745 354956942
1577 1409 1184336354
634 685 1330281949
1341 1440 477176239
835 1086 486498818
1980 1733 1330946842
785 684 524041922
1195 889 1193575584
1461 1681 901184259
1006 795 1857058660
1731 1900 1077966242
34 4 312761732
304 4 213863163
1337 1289 1746749143
792 688 1962707891
437 4 1044624276
2 198 307617568
609 596 1254197858
816 1048 388807406
1118 851 500465740
1191 887 1590124072
751 919 943436156
220 3 1643576905
1502 1372 760430326
670 757 140472849
2 127 1338529603
1842 1731 1324618092
809 696 1272271149
1658 1450 79062571
4 15 301686779
1912 1733 440423548
172 3 521489533
1334 1288 1267820536
1361 1480 1273387929
711 647 1890280179
195 3 1909418220
1760 1733 633090322
1281 1320 1457062323
1731 1807 1218208179
421 3 688735907
1731 1812 1141432243
847 715 75658582
1684 1463 146371760
620 602 1249412668
751 918 836716983
790 687 335915033
247 4 200325091
698 641 976778222
4 81 259430217
1082 833 1280201804
787 991 176030203
2 1 646600514
1568 1405 1175402620
1642 1442 351527693
839 1095 1101040484
1267 1292 128564165
538 3 746680410
1876 1731 212461972
742 663 1793710709
843 1103 859558094
3 164 1252184607
700 817 1131996587
1163 873 78578938
592 588 20026194
2 228 1229761855
707 830 221775685
3 2 358555567
2 22 255932475
3 43 628461494
1731 1935 894212861
907 1231 830906058
1624 1433 1276124741
782 980 1682679192
3 462 91182928
808 1032 1635290298
1846 1731 1662626286
1100 842 465694413
1731 1881 1849392959
850 1116 1754390120
1964 1731 1869364546
1457 1349 466419297
829 1074 1557478563
1981 1733 1947957872
1676 1459 291151795
3 142 503840697
1290 1339 1995816002
2 542 1540999819
539 3 487761709
704 644 756667103
794 689 303098033
892 1201 1751528534
1988 1733 65965143
33 4 1984836094
1361 1301 851968125
4 92 912260732
904 1225 922864999
1397 1553 1171947152
1280 1318 626809140
1246 1251 1390870161
199 3 733694101
1585 1413 490164788
1373 1504 1737484583
3 396 1655301976
221 2 1815165135
824 1064 1693984598
638 692 312528346
27 3 1562020377
1000 792 724534645
1208 896 81101068
875 729 1460392454
1305 1273 453887440
1278 1314 28011484
1732 1801 1707875174
1527 1384 512098679
1248 1255 43253409
718 651 1185061723
674 765 1555705200
1349 1295 714590805
1390 1538 717459453
4 134 71042924
1864 1732 389732040
1343 1445 1337314416
1733 1835 1489774387
63 3 844107645
1151 867 844651821
630 676 1515555764
1479 1360 1573936780
911 1238 1200581720
2 278 1789183082
1385 1313 1754690572
1731 1854 847215004
558 3 1288080537
411 2 206077375
2 399 1935172811
1851 1732 133919689
1733 1885 1164557763
673 763 394120998
1733 1999 1671260018
684 784 983377189
4 202 1944341513
1336 1431 979434568
1799 1731 1636941019
1331 1286 782754456
1439 1340 1581827222
886 1188 1435931131
1408 1325 911682595
365 3 113272523
807 1031 379979924
3 576 1386169826
3 371 1577524705
1501 1371 1068432503
4 358 1650867502
1371 1306 133621940
592 601 1339724713
3 143 1282092610
824 1065 657416642
203 3 144684013
735 887 1377412023
1342 1292 1515610234
1094 839 184192165
4 150 197913831
438 3 1555942951
628 673 1862792119
2 514 1736815749
1260 1279 1170844195
1113 848 1741058881
848 716 1241532540
824 704 1292212965
227 3 709544523
1140 862 353255799
2 237 1484102542
900 742 1406900269
597 611 230878043
478 2 567014801
588 586 1866592741
2 346 1703853445
1315 1389 289475532
392 4 979778453
2 298 1984980128
1682 1462 225915695
1386 1531 1545616865
1389 1536 1564659522
908 746 969841537
651 617 1182063133
426 4 1426833154
1454 1666 1391982522
831 707 882544786
1308 1275 1236300970
2 117 167366994
1286 1264 295503959
681 778 1052627079
979 781 863227920
924 754 1073105629
1998 1731 1713473533
1732 1750 1848729928
1708 1475 1726281136
4 13 831898228
845 1106 657955480
823 1062 1899554232
883 733 839608760
1392 1542 1184833477
60 2 1980163480
1731 1779 1779337376
1175 879 1238215436
4 402 1459422290
1679 1460 615686809
741 898 1330399952
2 527 1824636300
1731 1832 1021207575
619 655 725991074
848 1112 727854970
441 2 1419854604
3 448 1707992144
2 281 1190116869
1634 1438 1900367288
1731 1939 284476347
681 779 1081493253
3 486 220846856
825 1066 1282010328
4 543 834530944
1860 1732 435818065
657 620 637242646
1370 1306 1459785256
1030 807 1371029863
889 736 560628219
962 773 1742332679
3 41 1976599636
923 753 1138426135
1732 1928 1776292828
1732 1943 143970268
1180 882 290576280
748 913 1886517109
634 609 1620243072
1282 1322 18406138
826 1068 272552147
1085 834 640464151
96 3 651470734
4 327 1093874110
3 253 341910758
2 397 313896063
1931 1732 1653065536
765 947 736153556
1732 1756 558329884
734 885 982203934
1739 1733 37464660
799 1014 218487902
1733 1986 1137207299
436 2 1041990101
854 1125 1099080010
641 699 106496916
1267 1254 1941732760
1732 1809 1759207711
1273 1257 1757700751
1291 1341 206426624
1780 1733 37510682
1456 1349 1550484068
1700 1471 807844720
1593 1417 370030777
1482 1722 610051818
1204 894 1517149110
1008 796 136633562
56 3 1568262494
823 703 1853586381
884 1185 195139306
498 2 1876182068
369 4 656583205
1855 1731 852697138
2 415 985132077
37 2 45266014
1143 863 601037919
1757 1731 1272588178
604 625 402012601
1001 792 530433589
1505 1373 362012528
1250 1259 138873658
1894 1733 1684093076
653 618 1836849191
1847 1733 349073004
124 4 1024906648
520 2 1481904489
1895 1732 280886328
1045 814 984949810
285 2 1289411725
215 3 1757551218
1858 1731 1804666524
1228 906 1900924287
877 1170 528529062
517 4 1183626493
1889 1731 189017748
507 3 1534608293
183 3 337547638
364 2 1905603762
804 1025 213056986
618 601 924410050
761 938 1618328347
2 192 708341987
626 668 655519918
1403 1564 777033561
776 680 1125982558
1215 899 387801324
579 3 1230691113
458 3 302762844
708 646 1376781603
474 3 1101766630
4 483 686119955
1944 1733 37075313
699 814 1894963175
1802 1733 772451889
2 10 1757116090
1731 1778 628581930
385 3 1800251092
2 144 1903693407
1731 1732 578106828
1016 800 1463286562
1265 1289 489573199
1326 1411 818110664
622 603 246888107
305 3 571804928
26 3 766832518
989 786 96500740
819 1054 2013203808
1284 1327 739723209
1302 1272 448800379
2 252 1457595837
721 652 1709326026
1437 1632 1411901419
744 904 137456979
5 3 423726295
612 640 1135211336
952 768 846137705
2 120 1089195002
1305 1369 411315964
706 829 1002178455
1166 875 571905359
273 4 609872552
1752 1733 1878662324
3 178 1070699553
489 4 1688199893
1104 1243 120175602
1250 1246 1953210971
