100 239 5 1
1 2
1 3
1 6
3 4
3 5
3 6
3 7
3 8
4 5
4 6
4 8
5 6
5 9
6 8
6 11
7 8
7 10
7 12
8 10
8 11
8 12
9 10
9 11
9 13
9 14
10 12
10 13
10 14
11 12
11 15
11 16
12 13
12 14
12 15
12 16
13 15
15 17
15 19
16 19
16 20
17 18
17 19
18 22
19 21
19 23
19 24
20 24
20 25
21 22
21 23
21 24
22 24
22 26
23 24
23 25
24 25
24 26
24 27
24 28
25 28
25 30
26 27
26 28
26 30
27 30
28 30
28 31
28 32
28 33
29 30
29 31
29 32
29 33
29 34
30 31
30 32
30 34
31 36
32 35
32 37
33 35
33 37
34 35
34 36
34 37
35 36
36 37
36 39
37 38
37 40
37 41
38 42
38 43
39 41
39 43
39 44
40 41
40 43
40 44
41 42
41 44
41 45
42 43
42 44
42 47
43 47
43 48
44 46
44 47
44 48
44 49
45 46
45 47
45 49
47 49
47 50
47 52
48 49
49 51
49 53
50 51
50 52
50 55
51 55
52 56
52 57
53 54
53 58
54 57
54 58
54 59
55 56
55 59
55 60
56 60
56 61
57 58
57 60
57 61
57 62
58 59
58 61
58 63
59 62
59 63
60 62
60 64
60 65
61 63
61 66
62 63
62 65
62 66
63 64
63 67
63 68
64 65
64 66
64 68
64 69
65 66
65 67
65 69
65 70
66 67
66 68
66 71
67 70
68 69
68 71
68 73
69 70
69 71
69 72
69 73
70 73
70 74
71 72
71 76
72 76
72 77
73 74
73 76
74 75
74 77
74 78
75 78
75 79
76 77
77 78
77 79
77 81
78 79
78 80
79 83
79 84
80 82
80 83
80 85
81 82
81 84
82 83
82 86
82 87
83 85
83 86
83 87
83 88
84 86
84 88
84 89
85 86
85 88
85 89
85 90
86 87
87 90
87 92
88 92
88 93
89 90
89 93
89 94
90 94
91 92
91 93
92 94
92 97
93 94
93 98
94 97
95 97
95 99
96 97
96 98
97 98
98 99
98 100
99 100
974 625 627 629 928
923 520 902 962 623
596 737 761 695 525
764 760 702 616 530
826 511 771 911 547
653 520 790 924 688
763 940 851 662 829
900 713 958 578 865
507 977 700 558 939
803 760 857 824 977
608 613 887 801 850
960 928 993 884 905
540 611 704 835 856
572 850 823 985 556
716 626 857 526 857
837 771 869 861 896
522 617 612 717 696
585 541 923 629 729
565 559 932 796 855
553 962 584 734 654
972 957 869 532 963
607 983 911 635 567
848 675 938 723 642
754 511 741 675 959
825 721 870 626 934
705 783 850 898 779
701 693 734 637 534
556 993 676 705 962
548 881 800 913 641
855 855 642 962 611
877 924 678 752 943
796 673 540 813 875
572 818 610 517 932
612 695 669 831 540
988 685 590 997 589
990 645 853 814 651
740 544 758 835 759
692 605 764 681 503
829 775 608 792 997
549 556 561 627 967
541 629 740 813 674
601 577 715 683 713
992 824 601 892 759
670 928 527 584 575
786 998 970 787 847
604 503 721 663 706
863 510 671 989 740
664 542 619 913 591
704 818 732 750 705
975 539 803 922 598
747 584 648 971 864
913 575 545 712 546
678 769 762 519 985
789 944 865 540 745
508 818 870 601 823
632 972 652 587 570
763 901 603 923 527
600 969 515 565 528
543 847 588 943 637
909 963 549 681 588
842 608 560 721 758
954 888 646 690 949
843 930 620 748 567
536 783 535 726 685
538 853 629 724 748
923 859 757 766 944
955 818 726 911 525
855 501 549 996 584
515 964 842 575 913
642 696 948 572 926
606 673 929 904 705
626 812 875 593 565
536 736 641 814 994
756 652 936 838 982
855 515 631 730 841
625 511 637 686 690
650 662 634 893 853
916 952 508 762 733
954 803 634 803 756
648 624 817 713 609
528 700 580 818 858
550 655 861 764 903
676 643 909 902 561
989 948 782 653 674
720 902 923 831 869
878 759 508 619 971
503 945 781 504 892
685 813 698 589 722
938 537 910 961 734
508 961 959 993 515
769 937 869 558 700
971 764 617 715 555
815 830 539 712 788
582 954 585 710 984
774 880 815 951 541
615 679 610 898 573
788 977 632 956 689
613 508 941 790 723
863 528 684 778 700
571 885 974 571 833
0 8 14 16 9
6 0 17 10 11
19 10 0 14 7
1 17 10 0 8
9 20 5 2 0
